# rotation correlation for "bonds: name(#1) Ow and name(#2) Hw" in LiCl-20M/0-GPa/bulk.nc
# step value
0 1
1 0.777494
2 0.740401
3 0.711284
4 0.692435
5 0.677966
6 0.665948
7 0.655304
8 0.645457
9 0.636456
10 0.62807
11 0.620199
12 0.612856
13 0.606029
14 0.599579
15 0.593425
16 0.587624
17 0.581913
18 0.576402
19 0.571029
20 0.565846
21 0.560923
22 0.55615
23 0.551563
24 0.547104
25 0.542777
26 0.538458
27 0.534294
28 0.530141
29 0.526273
30 0.52243
31 0.518729
32 0.515052
33 0.511421
34 0.507923
35 0.504563
36 0.501161
37 0.497891
38 0.494761
39 0.491564
40 0.488462
41 0.48546
42 0.482414
43 0.479357
44 0.476431
45 0.473665
46 0.470776
47 0.468065
48 0.465258
49 0.462504
50 0.459898
51 0.457251
52 0.454569
53 0.451855
54 0.449354
55 0.446838
56 0.444579
57 0.442224
58 0.440002
59 0.437576
60 0.435324
61 0.4331
62 0.430978
63 0.428804
64 0.426739
65 0.424598
66 0.422459
67 0.420401
68 0.418382
69 0.416334
70 0.414405
71 0.412384
72 0.410559
73 0.408615
74 0.406717
75 0.404848
76 0.402947
77 0.401094
78 0.399281
79 0.397329
80 0.395544
81 0.393802
82 0.391992
83 0.390347
84 0.388596
85 0.386885
86 0.385214
87 0.383439
88 0.381785
89 0.380126
90 0.378625
91 0.376987
92 0.375363
93 0.373711
94 0.372236
95 0.370645
96 0.36896
97 0.367534
98 0.366096
99 0.364622
100 0.363145
101 0.361621
102 0.360081
103 0.358649
104 0.357226
105 0.355805
106 0.354411
107 0.352993
108 0.351514
109 0.350107
110 0.348707
111 0.347295
112 0.346011
113 0.344705
114 0.34349
115 0.342068
116 0.340868
117 0.339607
118 0.338375
119 0.337138
120 0.335851
121 0.334591
122 0.333454
123 0.332169
124 0.331025
125 0.329727
126 0.328666
127 0.327446
128 0.326214
129 0.325136
130 0.323954
131 0.322858
132 0.321704
133 0.320668
134 0.319546
135 0.318417
136 0.3172
137 0.316191
138 0.315182
139 0.31412
140 0.313178
141 0.31196
142 0.31098
143 0.310027
144 0.308957
145 0.307824
146 0.306794
147 0.305832
148 0.304811
149 0.303765
150 0.302803
151 0.301797
152 0.300895
153 0.299909
154 0.298937
155 0.298022
156 0.297083
157 0.296154
158 0.295208
159 0.294352
160 0.293375
161 0.292464
162 0.291503
163 0.290499
164 0.289447
165 0.288613
166 0.287688
167 0.286891
168 0.285894
169 0.284999
170 0.284164
171 0.283252
172 0.282415
173 0.281435
174 0.280661
175 0.279772
176 0.278904
177 0.278038
178 0.277187
179 0.276425
180 0.275568
181 0.274819
182 0.273961
183 0.273227
184 0.272393
185 0.271582
186 0.270638
187 0.269799
188 0.269055
189 0.268279
190 0.267575
191 0.266731
192 0.26597
193 0.265146
194 0.264264
195 0.263449
196 0.262776
197 0.261961
198 0.261226
199 0.260564
200 0.25993
201 0.259226
202 0.258475
203 0.257695
204 0.256846
205 0.256084
206 0.255394
207 0.254722
208 0.253936
209 0.253156
210 0.252413
211 0.251766
212 0.25116
213 0.250366
214 0.249675
215 0.249016
216 0.248361
217 0.247509
218 0.246915
219 0.246171
220 0.245501
221 0.244818
222 0.244031
223 0.243516
224 0.242833
225 0.242224
226 0.24149
227 0.240807
228 0.239999
229 0.23932
230 0.238734
231 0.238019
232 0.237314
233 0.23681
234 0.236159
235 0.235475
236 0.234921
237 0.234246
238 0.233605
239 0.23299
240 0.232355
241 0.231787
242 0.231113
243 0.230554
244 0.229937
245 0.229302
246 0.228785
247 0.228197
248 0.22759
249 0.22699
250 0.226362
251 0.225786
252 0.225209
253 0.22469
254 0.224075
255 0.223546
256 0.222998
257 0.222444
258 0.221802
259 0.221258
260 0.220648
261 0.220083
262 0.219472
263 0.218914
264 0.218287
265 0.217746
266 0.21723
267 0.216566
268 0.21603
269 0.215446
270 0.21482
271 0.214305
272 0.213823
273 0.213228
274 0.212633
275 0.212059
276 0.211542
277 0.210964
278 0.210538
279 0.210005
280 0.209481
281 0.208971
282 0.208413
283 0.207987
284 0.207501
285 0.206866
286 0.206385
287 0.205894
288 0.20544
289 0.204926
290 0.204365
291 0.20389
292 0.203349
293 0.203015
294 0.202395
295 0.20198
296 0.201519
297 0.201043
298 0.200643
299 0.200195
300 0.19965
301 0.199304
302 0.198792
303 0.198377
304 0.197911
305 0.197433
306 0.196961
307 0.196506
308 0.196132
309 0.195652
310 0.19513
311 0.194752
312 0.194456
313 0.193923
314 0.193633
315 0.1932
316 0.192832
317 0.192502
318 0.192104
319 0.191753
320 0.191158
321 0.190758
322 0.190463
323 0.190063
324 0.189639
325 0.189139
326 0.1887
327 0.18829
328 0.187818
329 0.187447
330 0.187024
331 0.186691
332 0.186384
333 0.185977
334 0.185586
335 0.185021
336 0.184678
337 0.184276
338 0.183941
339 0.183648
340 0.183216
341 0.182932
342 0.182586
343 0.182279
344 0.181838
345 0.181559
346 0.181068
347 0.18064
348 0.180382
349 0.180023
350 0.179606
351 0.179289
352 0.178869
353 0.178535
354 0.178153
355 0.177794
356 0.177402
357 0.177002
358 0.176643
359 0.176237
360 0.175827
361 0.175539
362 0.175218
363 0.174846
364 0.174513
365 0.174147
366 0.173868
367 0.173373
368 0.17317
369 0.172822
370 0.172507
371 0.172181
372 0.17184
373 0.171471
374 0.171034
375 0.170758
376 0.170425
377 0.170138
378 0.169732
379 0.169366
380 0.169013
381 0.168758
382 0.168358
383 0.168069
384 0.167756
385 0.167473
386 0.167087
387 0.166792
388 0.166489
389 0.166083
390 0.165834
391 0.165629
392 0.165255
393 0.165026
394 0.164637
395 0.164376
396 0.164142
397 0.163869
398 0.163633
399 0.163286
400 0.162953
401 0.162753
402 0.162438
403 0.162123
404 0.162042
405 0.161724
406 0.161511
407 0.161206
408 0.160874
409 0.160666
410 0.160385
411 0.160131
412 0.159861
413 0.159552
414 0.159251
415 0.158959
416 0.158737
417 0.158409
418 0.158042
419 0.157773
420 0.157516
421 0.157301
422 0.157058
423 0.156778
424 0.156595
425 0.156265
426 0.155945
427 0.155689
428 0.155454
429 0.155132
430 0.154859
431 0.154597
432 0.154462
433 0.154212
434 0.153975
435 0.153726
436 0.153434
437 0.153216
438 0.152973
439 0.152738
440 0.152372
441 0.152184
442 0.15191
443 0.151708
444 0.151525
445 0.151283
446 0.151018
447 0.150797
448 0.150514
449 0.150318
450 0.150082
451 0.149842
452 0.149647
453 0.149367
454 0.149019
455 0.148791
456 0.148574
457 0.148369
458 0.1481
459 0.147931
460 0.147675
461 0.147407
462 0.14722
463 0.146995
464 0.146754
465 0.146566
466 0.146294
467 0.146099
468 0.145808
469 0.145588
470 0.145379
471 0.145122
472 0.144938
473 0.144621
474 0.144509
475 0.144318
476 0.144165
477 0.144073
478 0.143806
479 0.143597
480 0.143502
481 0.14326
482 0.1431
483 0.142857
484 0.142593
485 0.142468
486 0.1422
487 0.141885
488 0.141677
489 0.14154
490 0.141359
491 0.141173
492 0.140904
493 0.140721
494 0.140568
495 0.140302
496 0.140077
497 0.139969
498 0.139707
499 0.139586
500 0.13944
501 0.139155
502 0.138946
503 0.138706
504 0.138451
505 0.1382
506 0.138013
507 0.137828
508 0.137633
509 0.137512
510 0.137291
511 0.1371
512 0.136924
513 0.136684
514 0.136451
515 0.136275
516 0.136177
517 0.135906
518 0.135711
519 0.135462
520 0.135263
521 0.135141
522 0.134965
523 0.134816
524 0.134603
525 0.134445
526 0.134253
527 0.13407
528 0.13392
529 0.133799
530 0.133662
531 0.133532
532 0.133359
533 0.133263
534 0.133006
535 0.132873
536 0.132708
537 0.132542
538 0.13241
539 0.132216
540 0.132131
541 0.131993
542 0.131875
543 0.131765
544 0.131539
545 0.131401
546 0.131049
547 0.130943
548 0.130762
549 0.130688
550 0.130408
551 0.130316
552 0.130096
553 0.129868
554 0.129727
555 0.129541
556 0.129424
557 0.129215
558 0.12897
559 0.128829
560 0.128635
561 0.128469
562 0.128292
563 0.128121
564 0.128044
565 0.127762
566 0.127711
567 0.12746
568 0.12734
569 0.127221
570 0.127103
571 0.127011
572 0.126683
573 0.126608
574 0.1264
575 0.12624
576 0.126098
577 0.125825
578 0.125604
579 0.12535
580 0.12523
581 0.124867
582 0.124757
583 0.124543
584 0.124388
585 0.12419
586 0.123994
587 0.123864
588 0.123689
589 0.123447
590 0.12327
591 0.123124
592 0.123013
593 0.122892
594 0.122744
595 0.122617
596 0.122401
597 0.122237
598 0.122076
599 0.121806
600 0.121647
601 0.121501
602 0.121308
603 0.121154
604 0.12093
605 0.120699
606 0.120558
607 0.120537
608 0.120408
609 0.12028
610 0.120107
611 0.119928
612 0.119684
613 0.119487
614 0.119305
615 0.119213
616 0.119032
617 0.118966
618 0.118832
619 0.118537
620 0.118413
621 0.118313
622 0.118212
623 0.117944
624 0.117715
625 0.117724
626 0.117606
627 0.117384
628 0.117214
629 0.117125
630 0.116981
631 0.116823
632 0.116592
633 0.116502
634 0.116329
635 0.116201
636 0.116044
637 0.115897
638 0.11573
639 0.115562
640 0.115535
641 0.115381
642 0.115309
643 0.115088
644 0.114955
645 0.114901
646 0.114719
647 0.114547
648 0.114426
649 0.114255
650 0.114092
651 0.113901
652 0.113768
653 0.113701
654 0.113632
655 0.113493
656 0.113361
657 0.113345
658 0.113211
659 0.113165
660 0.113046
661 0.112941
662 0.112887
663 0.112769
664 0.112671
665 0.112456
666 0.11239
667 0.112226
668 0.112137
669 0.112075
670 0.11194
671 0.111762
672 0.111592
673 0.111568
674 0.111414
675 0.111191
676 0.111094
677 0.110908
678 0.110793
679 0.110732
680 0.110614
681 0.110532
682 0.110386
683 0.110336
684 0.110202
685 0.110115
686 0.110035
687 0.10981
688 0.109727
689 0.109523
690 0.109393
691 0.109294
692 0.109212
693 0.109
694 0.108927
695 0.108902
696 0.108715
697 0.108596
698 0.10848
699 0.108338
700 0.108191
701 0.108033
702 0.107972
703 0.107877
704 0.107806
705 0.107711
706 0.10768
707 0.107539
708 0.107487
709 0.107327
710 0.10723
711 0.107149
712 0.106965
713 0.106891
714 0.106834
715 0.106741
716 0.106622
717 0.106426
718 0.106278
719 0.10606
720 0.105929
721 0.105915
722 0.105784
723 0.105718
724 0.105691
725 0.105515
726 0.105287
727 0.105191
728 0.104982
729 0.105019
730 0.104869
731 0.104835
732 0.104663
733 0.10458
734 0.104432
735 0.104378
736 0.104266
737 0.104209
738 0.104155
739 0.104115
740 0.10394
741 0.103816
742 0.103676
743 0.103625
744 0.10353
745 0.103415
746 0.103362
747 0.103175
748 0.103079
749 0.103011
750 0.102912
751 0.102839
752 0.102824
753 0.102713
754 0.102629
755 0.10253
756 0.1024
757 0.102393
758 0.102201
759 0.102174
760 0.101951
761 0.10183
762 0.101815
763 0.101761
764 0.101637
765 0.10154
766 0.10137
767 0.101274
768 0.10124
769 0.101074
770 0.100964
771 0.100789
772 0.100666
773 0.100668
774 0.100478
775 0.100358
776 0.100316
777 0.100195
778 0.100039
779 0.1001
780 0.099961
781 0.0998476
782 0.0997893
783 0.09974
784 0.0997377
785 0.0996051
786 0.0993879
787 0.0994269
788 0.0992425
789 0.0992544
790 0.0991384
791 0.0990812
792 0.0989605
793 0.098924
794 0.0988803
795 0.0987667
796 0.0986715
797 0.098617
798 0.0985289
799 0.0984992
800 0.0984553
801 0.0983495
802 0.0982611
803 0.0980752
804 0.0980274
805 0.0979953
806 0.0978701
807 0.0978481
808 0.0977322
809 0.097591
810 0.097636
811 0.0975362
812 0.0974209
813 0.0975334
814 0.0973874
815 0.0973336
816 0.0972217
817 0.0971442
818 0.0970302
819 0.0970091
820 0.0968719
821 0.0968563
822 0.0968234
823 0.0966692
824 0.0966778
825 0.0965676
826 0.0965116
827 0.0964921
828 0.0963063
829 0.0963084
830 0.0962526
831 0.0960283
832 0.096031
833 0.0960706
834 0.0959209
835 0.0958639
836 0.0956381
837 0.09562
838 0.0954306
839 0.095385
840 0.0954561
841 0.0952556
842 0.0952698
843 0.0951502
844 0.0950962
845 0.0949983
846 0.0950344
847 0.094937
848 0.0947632
849 0.0946402
850 0.0944799
851 0.0944636
852 0.0944599
853 0.0943882
854 0.0943441
855 0.0942968
856 0.0942044
857 0.0941868
858 0.094047
859 0.0939678
860 0.0939071
861 0.0939628
862 0.0939697
863 0.0938656
864 0.0937986
865 0.0936842
866 0.0936705
867 0.093652
868 0.0935582
869 0.0934321
870 0.0933344
871 0.0933076
872 0.0931962
873 0.0931109
874 0.0930433
875 0.0929388
876 0.0927781
877 0.0927095
878 0.0926473
879 0.0926962
880 0.09262
881 0.09254
882 0.0924579
883 0.0922595
884 0.0922294
885 0.0921636
886 0.0921215
887 0.0920423
888 0.0919939
889 0.0918033
890 0.0917065
891 0.091727
892 0.0916239
893 0.0915318
894 0.0915247
895 0.0913171
896 0.0912775
897 0.0912694
898 0.0912205
899 0.0910872
900 0.0910473
901 0.0910178
902 0.0908219
903 0.0907577
904 0.0908378
905 0.0907789
906 0.0907484
907 0.0906543
908 0.0905373
909 0.0904568
910 0.090481
911 0.0903398
912 0.0902715
913 0.0900006
914 0.0901586
915 0.0899701
916 0.0898703
917 0.0897935
918 0.0897918
919 0.0897493
920 0.089742
921 0.0898248
922 0.0897178
923 0.0896596
924 0.089537
925 0.089447
926 0.0894091
927 0.0893521
928 0.0891671
929 0.089208
930 0.0891399
931 0.0891333
932 0.0889174
933 0.0888352
934 0.0886853
935 0.0885708
936 0.088497
937 0.0884381
938 0.0884595
939 0.0882843
940 0.0882198
941 0.0881047
942 0.0880725
943 0.0880383
944 0.0878594
945 0.0877358
946 0.0875199
947 0.0873743
948 0.0872548
949 0.0871111
950 0.087084
951 0.0870361
952 0.0869101
953 0.0868912
954 0.0868027
955 0.0866421
956 0.0865051
957 0.0863841
958 0.0863389
959 0.0862343
960 0.0861223
961 0.0859994
962 0.0859736
963 0.0858769
964 0.0858275
965 0.0856463
966 0.08561
967 0.0855565
968 0.0854875
969 0.0854363
970 0.0853735
971 0.0853302
972 0.0852486
973 0.085279
974 0.0852126
975 0.0851234
976 0.0850422
977 0.084968
978 0.0849974
979 0.0849346
980 0.0847833
981 0.0847055
982 0.084656
983 0.0844479
984 0.08447
985 0.0843173
986 0.0844131
987 0.0843079
988 0.0841946
989 0.0841948
990 0.0841215
991 0.0841817
992 0.0840662
993 0.0840739
994 0.0840938
995 0.0838962
996 0.0837824
997 0.0836408
998 0.0835792
999 0.0834732
1000 0.0833967
1001 0.0833259
1002 0.0832478
1003 0.0832671
1004 0.0832193
1005 0.0830515
1006 0.0829437
1007 0.0828307
1008 0.0826409
1009 0.0825838
1010 0.0825698
1011 0.08239
1012 0.0822458
1013 0.0822327
1014 0.0821235
1015 0.0820325
1016 0.0820076
1017 0.0819533
1018 0.0819052
1019 0.0817767
1020 0.0817129
1021 0.0816617
1022 0.0816801
1023 0.0814624
1024 0.0814962
1025 0.0813949
1026 0.0813622
1027 0.0813177
1028 0.0812289
1029 0.0811392
1030 0.0810812
1031 0.081013
1032 0.0809796
1033 0.0810102
1034 0.0809285
1035 0.0808038
1036 0.0808337
1037 0.0807982
1038 0.0806693
1039 0.0806749
1040 0.0805636
1041 0.0804969
1042 0.0803783
1043 0.0803465
1044 0.0802572
1045 0.0802159
1046 0.0801516
1047 0.0802122
1048 0.0800704
1049 0.0800207
1050 0.0798308
1051 0.0797474
1052 0.0797206
1053 0.0796656
1054 0.0797266
1055 0.0795778
1056 0.0795324
1057 0.0794762
1058 0.0795473
1059 0.0794635
1060 0.079431
1061 0.0793158
1062 0.0793937
1063 0.0793101
1064 0.0792482
1065 0.0792492
1066 0.0792258
1067 0.0791044
1068 0.0790944
1069 0.079025
1070 0.0790515
1071 0.0790057
1072 0.0789323
1073 0.078915
1074 0.0788143
1075 0.0787996
1076 0.0787426
1077 0.0786808
1078 0.0786844
1079 0.0785888
1080 0.0785218
1081 0.0785828
1082 0.0785484
1083 0.0784533
1084 0.0784217
1085 0.0784096
1086 0.0783006
1087 0.0782963
1088 0.078282
1089 0.0782444
1090 0.0781981
1091 0.0781032
1092 0.0781461
1093 0.0782253
1094 0.0781698
1095 0.0779976
1096 0.0779451
1097 0.0778763
1098 0.0778743
1099 0.0778549
1100 0.0778043
1101 0.0777985
1102 0.0777677
1103 0.0777647
1104 0.0778019
1105 0.0777103
1106 0.077708
1107 0.0776041
1108 0.0776101
1109 0.0775766
1110 0.0774923
1111 0.0774601
1112 0.0774523
1113 0.077365
1114 0.077414
1115 0.0774194
1116 0.0773391
1117 0.0772204
1118 0.0772489
1119 0.0771566
1120 0.0771858
1121 0.0771595
1122 0.0771274
1123 0.0770273
1124 0.0769158
1125 0.0770465
1126 0.0769106
1127 0.0768245
1128 0.076907
1129 0.0767294
1130 0.0767356
1131 0.0767282
1132 0.076632
1133 0.0765579
1134 0.0764444
1135 0.0764872
1136 0.076472
1137 0.0764119
1138 0.0763322
1139 0.0762321
1140 0.0761248
1141 0.0760422
1142 0.0759099
1143 0.0758312
1144 0.0757898
1145 0.0757385
1146 0.0757917
1147 0.0756558
1148 0.0755301
1149 0.075455
1150 0.0754417
1151 0.0754685
1152 0.0752929
1153 0.0753309
1154 0.0753215
1155 0.075286
1156 0.0753226
1157 0.0752888
1158 0.0752169
1159 0.0750447
1160 0.0750169
1161 0.0749684
1162 0.0749299
1163 0.0749605
1164 0.0748677
1165 0.0747633
1166 0.0747616
1167 0.0746801
1168 0.0745823
1169 0.0745999
1170 0.0744438
1171 0.0743463
1172 0.074336
1173 0.0743668
1174 0.0742804
1175 0.0743123
1176 0.0741968
1177 0.0741338
1178 0.0741665
1179 0.0741071
1180 0.0740129
1181 0.0740196
1182 0.0740114
1183 0.0740218
1184 0.0739903
1185 0.0739579
1186 0.0739475
1187 0.0739596
1188 0.0738838
1189 0.0737904
1190 0.0737002
1191 0.0738899
1192 0.073825
1193 0.0738186
1194 0.0739176
1195 0.0737938
1196 0.0738275
1197 0.0737815
1198 0.0737705
1199 0.0736538
1200 0.0736082
1201 0.073495
1202 0.0734899
1203 0.0735061
1204 0.0734667
1205 0.0733286
1206 0.0734013
1207 0.0733097
1208 0.0733263
1209 0.073408
1210 0.0733181
1211 0.073351
1212 0.0734232
1213 0.0733336
1214 0.0732904
1215 0.0732099
1216 0.073186
1217 0.0730797
1218 0.0729909
1219 0.0729823
1220 0.072926
1221 0.072837
1222 0.0727654
1223 0.0728089
1224 0.0727705
1225 0.0727563
1226 0.0727541
1227 0.0727232
1228 0.0726569
1229 0.0725355
1230 0.0726071
1231 0.0726014
1232 0.0724259
1233 0.072488
1234 0.0725443
1235 0.0725558
1236 0.0726468
1237 0.0725806
1238 0.0726529
1239 0.072622
1240 0.072664
1241 0.0726143
1242 0.0727533
1243 0.0727289
1244 0.0726264
1245 0.0726106
1246 0.0726172
1247 0.0726054
1248 0.0725799
1249 0.0724675
1250 0.0725192
1251 0.0724785
1252 0.0725175
1253 0.0724911
1254 0.0724999
1255 0.0724964
1256 0.072478
1257 0.0724069
1258 0.0724012
1259 0.0723297
1260 0.0723036
1261 0.0721974
1262 0.0722323
1263 0.0721952
1264 0.0720643
1265 0.0721192
1266 0.0720659
1267 0.0720354
1268 0.072094
1269 0.0720498
1270 0.0720229
1271 0.0719599
1272 0.0718883
1273 0.071824
1274 0.0717443
1275 0.0716925
1276 0.0717462
1277 0.0715906
1278 0.0716124
1279 0.0715481
1280 0.0714351
1281 0.0714699
1282 0.0713744
1283 0.0713899
1284 0.0713938
1285 0.0712758
1286 0.0712095
1287 0.0711818
1288 0.0711532
1289 0.0711846
1290 0.071103
1291 0.0711906
1292 0.071097
1293 0.0710383
1294 0.0710504
1295 0.0709022
1296 0.0708039
1297 0.0707896
1298 0.0708396
1299 0.0707217
1300 0.0707475
1301 0.0707532
1302 0.070739
1303 0.0707055
1304 0.0706978
1305 0.0707202
1306 0.0706265
1307 0.0705107
1308 0.0704319
1309 0.0704339
1310 0.0703866
1311 0.070461
1312 0.0704987
1313 0.0704822
1314 0.0704796
1315 0.0703416
1316 0.0702163
1317 0.0701436
1318 0.0702515
1319 0.0701921
1320 0.0702664
1321 0.0702253
1322 0.070189
1323 0.0701798
1324 0.0700526
1325 0.0699999
1326 0.0698674
1327 0.0697902
1328 0.0698386
1329 0.069779
1330 0.0696872
1331 0.0696899
1332 0.0696464
1333 0.0695646
1334 0.0695254
1335 0.0695515
1336 0.0694835
1337 0.0693602
1338 0.0693727
1339 0.0692955
1340 0.0692304
1341 0.0691356
1342 0.0690081
1343 0.0690174
1344 0.0690711
1345 0.0690105
1346 0.0689477
1347 0.068974
1348 0.0689448
1349 0.0689471
1350 0.0689259
1351 0.0688606
1352 0.0687979
1353 0.068859
1354 0.0688103
1355 0.0687296
1356 0.0686784
1357 0.0686191
1358 0.0685952
1359 0.0686241
1360 0.0686989
1361 0.0686131
1362 0.0685877
1363 0.0685592
1364 0.0684638
1365 0.0685131
1366 0.0684904
1367 0.0685287
1368 0.0685353
1369 0.0686549
1370 0.0684547
1371 0.0684153
1372 0.0683591
1373 0.0683333
1374 0.0683202
1375 0.0682743
1376 0.06825
1377 0.0682362
1378 0.068171
1379 0.0680926
1380 0.0681068
1381 0.0681247
1382 0.0680531
1383 0.0681155
1384 0.0680667
1385 0.0681006
1386 0.0681083
1387 0.068176
1388 0.0681506
1389 0.0680497
1390 0.0679989
1391 0.0679828
1392 0.0678718
1393 0.0677908
1394 0.0676935
1395 0.0677621
1396 0.0677518
1397 0.0676342
1398 0.0674533
1399 0.0673853
1400 0.0672953
1401 0.0672585
1402 0.0672095
1403 0.0672193
1404 0.0672834
1405 0.0671404
1406 0.0671012
1407 0.0671136
1408 0.0670955
1409 0.0670438
1410 0.0669734
1411 0.06709
1412 0.0669519
1413 0.0669789
1414 0.0669079
1415 0.0668156
1416 0.0668671
1417 0.0668367
1418 0.0667909
1419 0.0667821
1420 0.066738
1421 0.066765
1422 0.0666984
1423 0.06663
1424 0.0666607
1425 0.0667469
1426 0.0666611
1427 0.066605
1428 0.0666061
1429 0.0666651
1430 0.0665419
1431 0.0664837
1432 0.0664849
1433 0.0664312
1434 0.0664132
1435 0.0664366
1436 0.0663964
1437 0.066333
1438 0.0662722
1439 0.0662485
1440 0.0662678
1441 0.0661102
1442 0.0661025
1443 0.0660824
1444 0.0660236
1445 0.0661025
1446 0.0660205
1447 0.0659798
1448 0.0660167
1449 0.0660864
1450 0.0659696
1451 0.0658376
1452 0.0657355
1453 0.0656763
1454 0.0656866
1455 0.0656125
1456 0.0656002
1457 0.0655132
1458 0.0654962
1459 0.0654365
1460 0.0653576
1461 0.0654061
1462 0.0653632
1463 0.0652642
1464 0.0652969
1465 0.0652375
1466 0.0651439
1467 0.0650671
1468 0.0651288
1469 0.0650755
1470 0.0650278
1471 0.065057
1472 0.0648314
1473 0.0648514
1474 0.0648531
1475 0.064842
1476 0.0648036
1477 0.0648385
1478 0.0647329
1479 0.0646909
1480 0.0646818
1481 0.064688
1482 0.064646
1483 0.0646418
1484 0.0646411
1485 0.064571
1486 0.0644997
1487 0.0645669
1488 0.0644135
1489 0.0645729
1490 0.0645366
1491 0.0645754
1492 0.06457
1493 0.0645031
1494 0.0645347
1495 0.0644505
1496 0.0644127
1497 0.0644399
1498 0.0644062
1499 0.0644378
1500 0.0643076
1501 0.0641912
1502 0.0642008
1503 0.0640199
1504 0.0640243
1505 0.0639462
1506 0.0639551
1507 0.0639543
1508 0.0638934
1509 0.0638957
1510 0.0639811
1511 0.0638909
1512 0.0637832
1513 0.0636052
1514 0.0636541
1515 0.0635543
1516 0.0634549
1517 0.0633202
1518 0.063285
1519 0.0632927
1520 0.0633667
1521 0.0632008
1522 0.0630836
1523 0.0631341
1524 0.0630792
1525 0.0630761
1526 0.0631213
1527 0.0630561
1528 0.0630194
1529 0.0630856
1530 0.0630619
1531 0.0631244
1532 0.0630973
1533 0.0631205
1534 0.0631167
1535 0.0630763
1536 0.0631294
1537 0.0629931
1538 0.0629662
1539 0.0629875
1540 0.0629133
1541 0.0628
1542 0.0628482
1543 0.0628737
1544 0.0629176
1545 0.062837
1546 0.0629456
1547 0.0628254
1548 0.0628541
1549 0.0628019
1550 0.0628607
1551 0.0627983
1552 0.062826
1553 0.0627828
1554 0.0628164
1555 0.0626813
1556 0.0625677
1557 0.0626018
1558 0.0624548
1559 0.0623591
1560 0.0623789
1561 0.0623046
1562 0.0622996
1563 0.0623116
1564 0.0622962
1565 0.0622677
1566 0.0622427
1567 0.0623801
1568 0.062252
1569 0.0622813
1570 0.0622887
1571 0.0621878
1572 0.0621701
1573 0.0621598
1574 0.0620877
1575 0.0621123
1576 0.062098
1577 0.0620418
1578 0.0619859
1579 0.0619079
1580 0.061854
1581 0.0617823
1582 0.0617777
1583 0.0616782
1584 0.0615786
1585 0.0615017
1586 0.0614994
1587 0.0614839
1588 0.0613965
1589 0.0613
1590 0.0612056
1591 0.0612197
1592 0.0611346
1593 0.0611688
1594 0.0612918
1595 0.0613092
1596 0.0613109
1597 0.0613249
1598 0.0610963
1599 0.0610412
1600 0.0609947
1601 0.0609071
1602 0.0608882
1603 0.0608047
1604 0.0607481
1605 0.0606875
1606 0.0606433
1607 0.0606093
1608 0.0604773
1609 0.060494
1610 0.0605103
1611 0.0603508
1612 0.0602807
1613 0.0602295
1614 0.0601609
1615 0.0600857
1616 0.0598934
1617 0.0598757
1618 0.0598468
1619 0.0598176
1620 0.0596668
1621 0.0596188
1622 0.0595614
1623 0.0595383
1624 0.0594088
1625 0.0593547
1626 0.0592531
1627 0.0592468
1628 0.0591809
1629 0.0590966
1630 0.0591035
1631 0.0590578
1632 0.0590107
1633 0.0589215
1634 0.0589644
1635 0.0588482
1636 0.0589095
1637 0.058912
1638 0.0588775
1639 0.0589405
1640 0.0590416
1641 0.059053
1642 0.0590094
1643 0.0591183
1644 0.0591277
1645 0.0590377
1646 0.058988
1647 0.0590525
1648 0.0589605
1649 0.0589011
1650 0.0589068
1651 0.0589139
1652 0.0588405
1653 0.058744
1654 0.0585793
1655 0.0584779
1656 0.0585617
1657 0.0584782
1658 0.0583906
1659 0.0583769
1660 0.0582887
1661 0.058355
1662 0.0582061
1663 0.0582335
1664 0.0580746
1665 0.0579978
1666 0.0578584
1667 0.0577434
1668 0.0577582
1669 0.0576817
1670 0.0576972
1671 0.0577299
1672 0.057678
1673 0.0575626
1674 0.0574621
1675 0.0573788
1676 0.0573758
1677 0.0572927
1678 0.0573209
1679 0.0571935
1680 0.0571241
1681 0.05711
1682 0.0570384
1683 0.05698
1684 0.0568878
1685 0.0569169
1686 0.0569139
1687 0.0569005
1688 0.056901
1689 0.0569214
1690 0.0568726
1691 0.0568299
1692 0.0568128
1693 0.056825
1694 0.0567802
1695 0.0566875
1696 0.0566971
1697 0.0566513
1698 0.0566078
1699 0.056632
1700 0.0565686
1701 0.0565417
1702 0.0565118
1703 0.0565751
1704 0.0564994
1705 0.0564225
1706 0.0564849
1707 0.0564469
1708 0.0564412
1709 0.0564265
1710 0.0564345
1711 0.0564599
1712 0.0564107
1713 0.0563998
1714 0.0564229
1715 0.0563014
1716 0.0564858
1717 0.0565114
1718 0.0565093
1719 0.0564856
1720 0.0564276
1721 0.0564833
1722 0.0564573
1723 0.0563417
1724 0.0563046
1725 0.0562466
1726 0.0562739
1727 0.0562729
1728 0.0562178
1729 0.0562305
1730 0.0562681
1731 0.0563099
1732 0.0562237
1733 0.0562487
1734 0.0562875
1735 0.0563057
1736 0.0563483
1737 0.0562248
1738 0.0562016
1739 0.0561929
1740 0.0562587
1741 0.0561916
1742 0.0561581
1743 0.0561741
1744 0.0561113
1745 0.0560216
1746 0.0560017
1747 0.0560268
1748 0.0560071
1749 0.0560167
1750 0.0559962
1751 0.0559789
1752 0.0560217
1753 0.0560261
1754 0.056176
1755 0.0561295
1756 0.0561278
1757 0.05612
1758 0.0561089
1759 0.0560654
1760 0.0560718
1761 0.0560963
1762 0.0560886
1763 0.0561008
1764 0.0560643
1765 0.0560885
1766 0.0560179
1767 0.0560608
1768 0.0560606
1769 0.0561102
1770 0.0561326
1771 0.0561443
1772 0.0560783
1773 0.0560437
1774 0.0560151
1775 0.0561303
1776 0.0561253
1777 0.0561957
1778 0.0561611
1779 0.0562464
1780 0.0562394
1781 0.0563369
1782 0.0562789
1783 0.0562136
1784 0.056281
1785 0.0561372
1786 0.0560409
1787 0.0560386
1788 0.0560755
1789 0.0560776
1790 0.0560969
1791 0.056051
1792 0.05612
1793 0.0560064
1794 0.0560191
1795 0.0560026
1796 0.0560105
1797 0.0560286
1798 0.0559842
1799 0.0560524
1800 0.0561127
1801 0.0560615
1802 0.0560033
1803 0.0558652
1804 0.0559373
1805 0.0557709
1806 0.0557637
1807 0.0557558
1808 0.0557501
1809 0.0558019
1810 0.0557713
1811 0.0557062
1812 0.0557948
1813 0.0557286
1814 0.05567
1815 0.0556073
1816 0.0556734
1817 0.0557042
1818 0.0557668
1819 0.0558583
1820 0.0558183
1821 0.0557446
1822 0.055607
1823 0.0556942
1824 0.0557103
1825 0.05558
1826 0.0555604
1827 0.0555294
1828 0.0555758
1829 0.0555773
1830 0.0556327
1831 0.055707
1832 0.0556957
1833 0.0557372
1834 0.0557432
1835 0.0556541
1836 0.0556287
1837 0.0556725
1838 0.0556664
1839 0.0557151
1840 0.0556001
1841 0.0555012
1842 0.0553947
1843 0.055432
1844 0.0554467
1845 0.0553569
1846 0.0553579
1847 0.0554453
1848 0.0553538
1849 0.0552901
1850 0.055329
1851 0.0552775
1852 0.0553356
1853 0.0552729
1854 0.0553426
1855 0.0553067
1856 0.0552893
1857 0.0552179
1858 0.0552043
1859 0.0552404
1860 0.0553809
1861 0.0553367
1862 0.0552381
1863 0.0552887
1864 0.0553261
1865 0.0552852
1866 0.0553201
1867 0.0553096
1868 0.0551318
1869 0.0551456
1870 0.0551912
1871 0.0551643
1872 0.0551626
1873 0.0551002
1874 0.0550579
1875 0.0550634
1876 0.0550827
1877 0.0550313
1878 0.0549969
1879 0.0549189
1880 0.0549323
1881 0.0549802
1882 0.0550135
1883 0.0550652
1884 0.0549811
1885 0.0549651
1886 0.0548758
1887 0.0548774
1888 0.0549691
1889 0.0549218
1890 0.0549062
1891 0.0550237
1892 0.0548688
1893 0.054885
1894 0.0546848
1895 0.0546721
1896 0.054715
1897 0.0546486
1898 0.0546068
1899 0.0546513
1900 0.0545142
1901 0.054589
1902 0.0545059
1903 0.054593
1904 0.0545005
1905 0.0543176
1906 0.0543748
1907 0.0543557
1908 0.0543177
1909 0.0542725
1910 0.0542701
1911 0.0541693
1912 0.0543033
1913 0.054215
1914 0.0541764
1915 0.0542508
1916 0.0541446
1917 0.0540237
1918 0.053955
1919 0.0539287
1920 0.0537847
1921 0.0538303
1922 0.0537789
1923 0.0536935
1924 0.0536655
1925 0.0536436
1926 0.0535687
1927 0.0535698
1928 0.0534153
1929 0.0534444
1930 0.05332
1931 0.0532374
1932 0.05313
1933 0.053125
1934 0.0529893
1935 0.0529003
1936 0.0527581
1937 0.0526286
1938 0.0526587
1939 0.0526453
1940 0.0526677
1941 0.0525209
1942 0.0524065
1943 0.0523646
1944 0.052288
1945 0.0521663
1946 0.0522857
1947 0.052143
1948 0.0522043
1949 0.0521156
1950 0.0520489
1951 0.0521506
1952 0.0520142
1953 0.0520715
1954 0.0520304
1955 0.0519841
1956 0.0519428
1957 0.0519193
1958 0.051895
1959 0.0518113
1960 0.0517849
1961 0.051796
1962 0.0517483
1963 0.0518131
1964 0.0517799
1965 0.0516691
1966 0.0516974
1967 0.0516711
1968 0.0516974
1969 0.0516739
1970 0.0516999
1971 0.0516286
1972 0.0516487
1973 0.0515427
1974 0.0515392
1975 0.0515615
1976 0.0514536
1977 0.0514306
1978 0.0514516
1979 0.0513089
1980 0.051327
1981 0.0512701
1982 0.0511715
1983 0.0510564
1984 0.0510788
1985 0.0510394
1986 0.0509104
1987 0.0510601
1988 0.050963
1989 0.0509438
1990 0.0508752
1991 0.0509583
1992 0.050868
1993 0.0509217
1994 0.0508306
1995 0.0507841
1996 0.0508696
1997 0.050803
1998 0.0509434
1999 0.0508366
2000 0.0507895
2001 0.0508136
2002 0.0506905
2003 0.0507293
2004 0.0507514
2005 0.0508512
2006 0.0508323
2007 0.0508193
2008 0.0507517
2009 0.0507923
2010 0.0507517
2011 0.0507472
2012 0.0508202
2013 0.0508378
2014 0.0508536
2015 0.0509292
2016 0.0509222
2017 0.0508114
2018 0.0507481
2019 0.0508715
2020 0.0507627
2021 0.0508904
2022 0.0508728
2023 0.0508934
2024 0.0507939
2025 0.0507708
2026 0.0508088
2027 0.0508147
2028 0.050825
2029 0.0507942
2030 0.0509063
2031 0.0509763
2032 0.0508814
2033 0.0508707
2034 0.0507427
2035 0.0508556
2036 0.050844
2037 0.0508754
2038 0.0507492
2039 0.0506673
2040 0.0507464
2041 0.0507462
2042 0.0507537
2043 0.0507957
2044 0.0507609
2045 0.0507566
2046 0.0508337
2047 0.0507958
2048 0.0509591
2049 0.0509466
2050 0.0509609
2051 0.0509888
2052 0.0509305
2053 0.0509529
2054 0.050997
2055 0.0510826
2056 0.0510284
2057 0.0510526
2058 0.0510218
2059 0.0510526
2060 0.0510706
2061 0.0509288
2062 0.0509462
2063 0.0508456
2064 0.050939
2065 0.0509405
2066 0.0509104
2067 0.0508877
2068 0.0508175
2069 0.0508698
2070 0.0507481
2071 0.050799
2072 0.0507013
2073 0.0508351
2074 0.0507245
2075 0.0506929
2076 0.0508013
2077 0.0506609
2078 0.0506147
2079 0.0505538
2080 0.0506147
2081 0.0506923
2082 0.0507221
2083 0.0505406
2084 0.0506155
2085 0.0506392
2086 0.0505225
2087 0.0504407
2088 0.0504904
2089 0.0504497
2090 0.0504373
2091 0.0503279
2092 0.0504453
2093 0.0503682
2094 0.0503487
2095 0.0503081
2096 0.0503108
2097 0.0503799
2098 0.0503447
2099 0.0503357
2100 0.0503752
2101 0.0503519
2102 0.0503336
2103 0.0503539
2104 0.0503562
2105 0.0503524
2106 0.0503217
2107 0.0502351
2108 0.0502174
2109 0.0501745
2110 0.0502077
2111 0.0501817
2112 0.0501275
2113 0.0501767
2114 0.0500529
2115 0.0500357
2116 0.0499153
2117 0.0499483
2118 0.0498997
2119 0.0499401
2120 0.0500136
2121 0.049929
2122 0.0499072
2123 0.0498915
2124 0.0498025
2125 0.0497658
2126 0.0497351
2127 0.0497648
2128 0.0497742
2129 0.0497423
2130 0.0497354
2131 0.0496833
2132 0.0497668
2133 0.049596
2134 0.0495809
2135 0.0495476
2136 0.0495342
2137 0.0494854
2138 0.0493715
2139 0.0493634
2140 0.0493797
2141 0.0493132
2142 0.0493349
2143 0.0493094
2144 0.0493335
2145 0.0492564
2146 0.0491309
2147 0.0490739
2148 0.049094
2149 0.0490457
2150 0.049167
2151 0.0489835
2152 0.0489904
2153 0.0489314
2154 0.0489556
2155 0.0490848
2156 0.0490153
2157 0.0489197
2158 0.0490377
2159 0.0489935
2160 0.0489143
2161 0.0487872
2162 0.0487968
2163 0.0487131
2164 0.0487623
2165 0.04874
2166 0.0487918
2167 0.0487761
2168 0.0486822
2169 0.048741
2170 0.0486441
2171 0.0485985
2172 0.0486507
2173 0.0486226
2174 0.0485944
2175 0.0486302
2176 0.048577
2177 0.0484713
2178 0.048544
2179 0.0484917
2180 0.0484627
2181 0.0484927
2182 0.0484028
2183 0.0484045
2184 0.0484144
2185 0.0483315
2186 0.048506
2187 0.048532
2188 0.048538
2189 0.0485181
2190 0.048504
2191 0.0485163
2192 0.048436
2193 0.0483867
2194 0.0483325
2195 0.0483883
2196 0.0483442
2197 0.0481878
2198 0.0482469
2199 0.0482534
2200 0.0482198
2201 0.0482424
2202 0.0482672
2203 0.0482345
2204 0.0482338
2205 0.0482376
2206 0.0481687
2207 0.0481515
2208 0.047986
2209 0.0479869
2210 0.0480112
2211 0.0480173
2212 0.0480402
2213 0.0480367
2214 0.0480183
2215 0.0480971
2216 0.0479506
2217 0.0479678
2218 0.0479569
2219 0.0479929
2220 0.0480411
2221 0.0480317
2222 0.0479422
2223 0.0478576
2224 0.0478989
2225 0.0478743
2226 0.0478388
2227 0.0478981
2228 0.0478507
2229 0.0477412
2230 0.0477523
2231 0.0476354
2232 0.0476404
2233 0.0476162
2234 0.0475947
2235 0.0475233
2236 0.0476673
2237 0.0475997
2238 0.0474671
2239 0.047565
2240 0.0475402
2241 0.0474325
2242 0.0474419
2243 0.0474133
2244 0.0474371
2245 0.0473574
2246 0.0472717
2247 0.0473213
2248 0.0472388
2249 0.0472599
2250 0.0471819
2251 0.0471607
2252 0.0471315
2253 0.047128
2254 0.0471727
2255 0.0471129
2256 0.0471288
2257 0.0471334
2258 0.0471181
2259 0.0470397
2260 0.0470716
2261 0.0470489
2262 0.0470874
2263 0.0470246
2264 0.0469609
2265 0.0470018
2266 0.0469749
2267 0.0470004
2268 0.0469677
2269 0.0470139
2270 0.0470533
2271 0.0469753
2272 0.0469452
2273 0.0470003
2274 0.046955
2275 0.0468305
2276 0.0469025
2277 0.0467561
2278 0.046858
2279 0.0468583
2280 0.0468301
2281 0.0468942
2282 0.0468545
2283 0.0467725
2284 0.0467858
2285 0.0467615
2286 0.04685
2287 0.0468271
2288 0.0467354
2289 0.0467148
2290 0.0466224
2291 0.046581
2292 0.0465735
2293 0.0464831
2294 0.0464667
2295 0.0463656
2296 0.0464274
2297 0.046393
2298 0.0463852
2299 0.046378
2300 0.0463471
2301 0.0465233
2302 0.0463796
2303 0.0464405
2304 0.0462893
2305 0.0462343
2306 0.046243
2307 0.0461252
2308 0.0461836
2309 0.0462317
2310 0.0461808
2311 0.046281
2312 0.04618
2313 0.046186
2314 0.0461845
2315 0.0462462
2316 0.0462217
2317 0.0461705
2318 0.0462254
2319 0.0461531
2320 0.0461322
2321 0.0461536
2322 0.0460635
2323 0.0461612
2324 0.0461135
2325 0.0460194
2326 0.0458821
2327 0.0459557
2328 0.0459499
2329 0.0459345
2330 0.0459158
2331 0.0458857
2332 0.0459518
2333 0.0460014
2334 0.0460207
2335 0.0460086
2336 0.0459361
2337 0.0458934
2338 0.0459042
2339 0.0459689
2340 0.045952
2341 0.0459421
2342 0.0460201
2343 0.0461094
2344 0.046027
2345 0.0459483
2346 0.0458881
2347 0.0459338
2348 0.0459244
2349 0.0459381
2350 0.0459134
2351 0.0459164
2352 0.0458618
2353 0.0458798
2354 0.0459542
2355 0.0458986
2356 0.0459062
2357 0.0459675
2358 0.0459797
2359 0.0459227
2360 0.0458734
2361 0.0458272
2362 0.0459251
2363 0.0457827
2364 0.0457363
2365 0.0458086
2366 0.0458623
2367 0.0457372
2368 0.0457007
2369 0.0456373
2370 0.0456115
2371 0.0457202
2372 0.0457226
2373 0.0455563
2374 0.0455052
2375 0.0456589
2376 0.0456591
2377 0.0456864
2378 0.0456724
2379 0.0457624
2380 0.0458335
2381 0.0457249
2382 0.0456675
2383 0.0456262
2384 0.0456312
2385 0.0454436
2386 0.0454355
2387 0.0453553
2388 0.0454122
2389 0.0453287
2390 0.0454014
2391 0.0452836
2392 0.0452955
2393 0.0452668
2394 0.0451781
2395 0.0451465
2396 0.0450711
2397 0.0451732
2398 0.0452383
2399 0.045262
2400 0.0452092
2401 0.0452168
2402 0.0452173
2403 0.0451582
2404 0.0449718
2405 0.0450656
2406 0.044952
2407 0.0451505
2408 0.0451321
2409 0.0451188
2410 0.0450356
2411 0.0449951
2412 0.0449808
2413 0.0447869
2414 0.0447724
2415 0.0446687
2416 0.0447122
2417 0.0446864
2418 0.0448294
2419 0.0447821
2420 0.0447585
2421 0.0447029
2422 0.0446272
2423 0.0445701
2424 0.0446138
2425 0.0446894
2426 0.0446243
2427 0.0446153
2428 0.0444446
2429 0.0444145
2430 0.0444733
2431 0.0443704
2432 0.0444363
2433 0.0443918
2434 0.0443779
2435 0.0442788
2436 0.0442756
2437 0.0442561
2438 0.0442785
2439 0.0443445
2440 0.0442822
2441 0.044201
2442 0.0442337
2443 0.0441957
2444 0.044182
2445 0.0441616
2446 0.0442378
2447 0.0442134
2448 0.0442059
2449 0.0441449
2450 0.0440176
2451 0.0440506
2452 0.0439486
2453 0.0439048
2454 0.043736
2455 0.0437586
2456 0.0437713
2457 0.0438471
2458 0.0438142
2459 0.0437108
2460 0.0435815
2461 0.0437726
2462 0.043702
2463 0.0436782
2464 0.0438322
2465 0.0437667
2466 0.0437355
2467 0.0438387
2468 0.0437087
2469 0.0438398
2470 0.0438533
2471 0.0438306
2472 0.0438286
2473 0.0438019
2474 0.0437202
2475 0.0437816
2476 0.0436553
2477 0.0438089
2478 0.0439357
2479 0.0439828
2480 0.0439489
2481 0.0440567
2482 0.04405
2483 0.0439582
2484 0.0439253
2485 0.04388
2486 0.0439736
2487 0.043815
2488 0.0437756
2489 0.0437443
2490 0.0437359
2491 0.0437387
2492 0.0436006
2493 0.0436494
2494 0.0436566
2495 0.0435228
2496 0.043517
2497 0.0435116
2498 0.0434772
2499 0.0435112
2500 0.0434643
2501 0.0434396
2502 0.0433407
2503 0.0433637
2504 0.0433358
2505 0.0434237
2506 0.0433135
2507 0.0432501
2508 0.0431342
2509 0.043201
2510 0.0432639
2511 0.0432132
2512 0.0433063
2513 0.0433244
2514 0.0434218
2515 0.0434467
2516 0.043369
2517 0.0432682
2518 0.0433043
2519 0.0432596
2520 0.0432788
2521 0.0432628
2522 0.043263
2523 0.0431932
2524 0.0430769
2525 0.0430975
2526 0.0430526
2527 0.0431239
2528 0.042998
2529 0.0431325
2530 0.0431136
2531 0.0430794
2532 0.042995
2533 0.0430387
2534 0.043029
2535 0.0429133
2536 0.0428696
2537 0.0428187
2538 0.0427886
2539 0.0427774
2540 0.0427644
2541 0.0427552
2542 0.0426427
2543 0.0428801
2544 0.0427321
2545 0.0428205
2546 0.0428411
2547 0.0429672
2548 0.0429636
2549 0.0428969
2550 0.0428881
2551 0.0429215
2552 0.0430338
2553 0.0429113
2554 0.0430036
2555 0.0429992
2556 0.0429894
2557 0.0429648
2558 0.0429844
2559 0.042976
2560 0.0430374
2561 0.0429863
2562 0.0429739
2563 0.0430014
2564 0.043037
2565 0.0430748
2566 0.0430866
2567 0.0431878
2568 0.0432029
2569 0.0433434
2570 0.0431279
2571 0.0430279
2572 0.0430081
2573 0.0429998
2574 0.0430187
2575 0.042969
2576 0.0429927
2577 0.0430565
2578 0.0430387
2579 0.0431151
2580 0.0429705
2581 0.0429389
2582 0.04288
2583 0.0428874
2584 0.0429628
2585 0.0429838
2586 0.0430105
2587 0.0430783
2588 0.0430875
2589 0.0430124
2590 0.0429092
2591 0.0429953
2592 0.0429947
2593 0.0429745
2594 0.043018
2595 0.0431076
2596 0.0431985
2597 0.043084
2598 0.0429797
2599 0.0431492
2600 0.0431734
2601 0.0430975
2602 0.0431405
2603 0.0431141
2604 0.0430636
2605 0.0430074
2606 0.0429695
2607 0.042916
2608 0.0429369
2609 0.0429057
2610 0.0429378
2611 0.0428982
2612 0.0428679
2613 0.0428231
2614 0.0428694
2615 0.0429791
2616 0.0430124
2617 0.0431352
2618 0.0430138
2619 0.0430059
2620 0.0429683
2621 0.0429685
2622 0.0429875
2623 0.0430443
2624 0.0431008
2625 0.0430969
2626 0.0431692
2627 0.0432438
2628 0.0432431
2629 0.0432004
2630 0.0431549
2631 0.0431361
2632 0.0431302
2633 0.043108
2634 0.0431586
2635 0.043041
2636 0.0430764
2637 0.0430198
2638 0.0429673
2639 0.0429329
2640 0.0430055
2641 0.0428662
2642 0.0428168
2643 0.04282
2644 0.0428533
2645 0.0427964
2646 0.0427793
2647 0.0426708
2648 0.0426999
2649 0.0425766
2650 0.0425017
2651 0.0425993
2652 0.0426186
2653 0.0425013
2654 0.0425364
2655 0.0425125
2656 0.0425678
2657 0.04243
2658 0.0424581
2659 0.0425401
2660 0.0425135
2661 0.042488
2662 0.0424463
2663 0.0422631
2664 0.04231
2665 0.0420964
2666 0.042016
2667 0.0419899
2668 0.0419508
2669 0.0419751
2670 0.041967
2671 0.0419156
2672 0.0419189
2673 0.0419045
2674 0.0418857
2675 0.0419247
2676 0.0417452
2677 0.0417252
2678 0.0416954
2679 0.0416651
2680 0.0417176
2681 0.0417124
2682 0.04163
2683 0.0417269
2684 0.041696
2685 0.0416655
2686 0.0414759
2687 0.0415411
2688 0.0414944
2689 0.0413115
2690 0.0413094
2691 0.0413957
2692 0.0411766
2693 0.0412978
2694 0.0413458
2695 0.0413067
2696 0.0411353
2697 0.041163
2698 0.0411706
2699 0.0411912
2700 0.0412658
2701 0.0411086
2702 0.0411831
2703 0.041146
2704 0.0412008
2705 0.0411966
2706 0.0412223
2707 0.0412117
2708 0.0411071
2709 0.0411
2710 0.0411597
2711 0.0411153
2712 0.0410522
2713 0.0411247
2714 0.0412018
2715 0.0412254
2716 0.0411674
2717 0.0410638
2718 0.0410522
2719 0.0409556
2720 0.0408623
2721 0.0409482
2722 0.0408176
2723 0.04077
2724 0.0406616
2725 0.0406384
2726 0.0406984
2727 0.0406609
2728 0.0406431
2729 0.0406613
2730 0.0407248
2731 0.0406963
2732 0.0406005
2733 0.0407016
2734 0.0406328
2735 0.040565
2736 0.0404713
2737 0.0404555
2738 0.0404856
2739 0.040382
2740 0.0404467
2741 0.0404785
2742 0.0404007
2743 0.0403926
2744 0.0403848
2745 0.0403797
2746 0.040413
2747 0.0403641
2748 0.0403828
2749 0.0402139
2750 0.0402374
2751 0.0402724
2752 0.0403229
2753 0.0403265
2754 0.0402583
2755 0.0401047
2756 0.0402191
2757 0.0401817
2758 0.0401186
2759 0.0399908
2760 0.0399413
2761 0.0398809
2762 0.0398065
2763 0.0397959
2764 0.039644
2765 0.0396992
2766 0.0396574
2767 0.0395766
2768 0.0395815
2769 0.0396181
2770 0.0396646
2771 0.0395098
2772 0.0395595
2773 0.0395401
2774 0.0394043
2775 0.039291
2776 0.0392439
2777 0.03916
2778 0.0390811
2779 0.0390281
2780 0.0390013
2781 0.039005
2782 0.0391015
2783 0.0389399
2784 0.0389608
2785 0.0388523
2786 0.0388404
2787 0.0387422
2788 0.0387344
2789 0.0387529
2790 0.0387177
2791 0.0387416
2792 0.0385872
2793 0.0385683
2794 0.0385433
2795 0.0384631
2796 0.0384222
2797 0.0383908
2798 0.0384316
2799 0.0383797
2800 0.0383753
2801 0.0383621
2802 0.0382856
2803 0.0383639
2804 0.0383011
2805 0.0381793
2806 0.0381235
2807 0.038012
2808 0.0381274
2809 0.0379518
2810 0.0378456
2811 0.037877
2812 0.0378422
2813 0.0378209
2814 0.0377977
2815 0.0378551
2816 0.0377104
2817 0.0375438
2818 0.0375887
2819 0.0374385
2820 0.0374328
2821 0.0374544
2822 0.0375031
2823 0.0374878
2824 0.0374531
2825 0.0373542
2826 0.0373521
2827 0.0372708
2828 0.0372365
2829 0.037183
2830 0.0372332
2831 0.0372099
2832 0.037102
2833 0.0370228
2834 0.0370089
2835 0.0369388
2836 0.0368834
2837 0.0367768
2838 0.0367962
2839 0.0366606
2840 0.0367625
2841 0.0366036
2842 0.0365757
2843 0.0366127
2844 0.0365702
2845 0.0365046
2846 0.0364959
2847 0.0365298
2848 0.0365775
2849 0.0365741
2850 0.0365443
2851 0.0365449
2852 0.0366175
2853 0.0365841
2854 0.0366663
2855 0.0366344
2856 0.0366555
2857 0.036519
2858 0.036536
2859 0.0364529
2860 0.0364711
2861 0.0364681
2862 0.0364609
2863 0.0364549
2864 0.0364806
2865 0.0363729
2866 0.0364454
2867 0.0364347
2868 0.0364012
2869 0.0365056
2870 0.0365517
2871 0.0364716
2872 0.0365248
2873 0.0364748
2874 0.0365245
2875 0.0364929
2876 0.0365379
2877 0.0365914
2878 0.0365674
2879 0.0365192
2880 0.0363957
2881 0.0365348
2882 0.0364954
2883 0.0365462
2884 0.0366814
2885 0.0365691
2886 0.0364782
2887 0.0363802
2888 0.0363719
2889 0.0365272
2890 0.0366743
2891 0.036702
2892 0.0367368
2893 0.0366327
2894 0.0366223
2895 0.0366303
2896 0.0365505
2897 0.0363792
2898 0.0364249
2899 0.0363765
2900 0.0363772
2901 0.0363668
2902 0.0363559
2903 0.0364141
2904 0.0364576
2905 0.0363855
2906 0.0363196
2907 0.0363386
2908 0.0364679
2909 0.0364166
2910 0.0365009
2911 0.036479
2912 0.0364686
2913 0.0364823
2914 0.0365794
2915 0.0364981
2916 0.0366163
2917 0.0367007
2918 0.0366946
2919 0.0367439
2920 0.0367461
2921 0.0366229
2922 0.0367263
2923 0.0367791
2924 0.0367748
2925 0.0367719
2926 0.0366862
2927 0.0366991
2928 0.0365677
2929 0.0366002
2930 0.0365773
2931 0.0366671
2932 0.0366108
2933 0.0367494
2934 0.0365949
2935 0.036563
2936 0.0364935
2937 0.0365617
2938 0.0366699
2939 0.0367244
2940 0.0367149
2941 0.0366838
2942 0.0367399
2943 0.0367786
2944 0.0367552
2945 0.036761
2946 0.0367636
2947 0.0367463
2948 0.0368097
2949 0.036861
2950 0.0368034
2951 0.03668
2952 0.0366829
2953 0.036649
2954 0.0366973
2955 0.0368302
2956 0.0368133
2957 0.0368139
2958 0.0368071
2959 0.0367806
2960 0.0367975
2961 0.0367416
2962 0.0366275
2963 0.0366558
2964 0.0366783
2965 0.0367486
2966 0.0367065
2967 0.0366437
2968 0.0365558
2969 0.0365705
2970 0.0365493
2971 0.0366072
2972 0.0365844
2973 0.0365164
2974 0.0363908
2975 0.0365052
2976 0.0364879
2977 0.0362824
2978 0.0362946
2979 0.0361717
2980 0.0362837
2981 0.0362278
2982 0.0362776
2983 0.0362248
2984 0.0361297
2985 0.0361185
2986 0.0361995
2987 0.0362615
2988 0.0361962
2989 0.0362831
2990 0.0363239
2991 0.0361876
2992 0.0362067
2993 0.0361703
2994 0.0362657
2995 0.0361059
2996 0.0362662
2997 0.0362368
2998 0.03615
2999 0.0362141
3000 0.0361632
3001 0.0361538
3002 0.0360991
3003 0.0361323
3004 0.0361505
3005 0.0361255
3006 0.0361666
3007 0.0361398
3008 0.036041
3009 0.0361565
3010 0.0362257
3011 0.0360964
3012 0.0361894
3013 0.0360774
3014 0.0360708
3015 0.0360314
3016 0.0359718
3017 0.035904
3018 0.0358378
3019 0.0358717
3020 0.0358334
3021 0.0357847
3022 0.0356827
3023 0.0356675
3024 0.0356888
3025 0.0358033
3026 0.0357135
3027 0.0357491
3028 0.0357208
3029 0.0357488
3030 0.0358266
3031 0.0358263
3032 0.0357631
3033 0.0357099
3034 0.0358658
3035 0.0357949
3036 0.0356402
3037 0.0356718
3038 0.0356038
3039 0.0355483
3040 0.0355515
3041 0.0355635
3042 0.0356683
3043 0.0356011
3044 0.0356827
3045 0.0357198
3046 0.0356475
3047 0.0355341
3048 0.0355103
3049 0.035441
3050 0.035471
3051 0.0354505
3052 0.0352968
3053 0.0352432
3054 0.0352693
3055 0.035322
3056 0.0353736
3057 0.0353284
3058 0.0352006
3059 0.0352082
3060 0.0351189
3061 0.0352143
3062 0.035052
3063 0.0350322
3064 0.0349522
3065 0.0350392
3066 0.0349647
3067 0.0350012
3068 0.0350468
3069 0.0350218
3070 0.0349944
3071 0.0349994
3072 0.0348433
3073 0.0347778
3074 0.0348253
3075 0.0348814
3076 0.0348942
3077 0.034967
3078 0.0347915
3079 0.0348795
3080 0.0348791
3081 0.0348687
3082 0.0349613
3083 0.0348986
3084 0.0349182
3085 0.0347919
3086 0.0348055
3087 0.0347799
3088 0.0347092
3089 0.0346693
3090 0.0346322
3091 0.0346452
3092 0.0346111
3093 0.0344981
3094 0.0345424
3095 0.0345415
3096 0.0344092
3097 0.0343924
3098 0.0343205
3099 0.0342176
3100 0.0342516
3101 0.034267
3102 0.0342186
3103 0.0341231
3104 0.0340952
3105 0.0343286
3106 0.0342664
3107 0.0342435
3108 0.0342221
3109 0.0341558
3110 0.0341778
3111 0.0340933
3112 0.0341294
3113 0.0341247
3114 0.0341733
3115 0.0341276
3116 0.034124
3117 0.034114
3118 0.0341547
3119 0.0341538
3120 0.0340828
3121 0.0342771
3122 0.0341949
3123 0.0342311
3124 0.0341244
3125 0.0340353
3126 0.0341042
3127 0.0339811
3128 0.0340539
3129 0.0340142
3130 0.034039
3131 0.0340236
3132 0.0340421
3133 0.0339537
3134 0.0340651
3135 0.0339818
3136 0.0339996
3137 0.0340476
3138 0.0339265
3139 0.0339343
3140 0.0339412
3141 0.0339054
3142 0.0339316
3143 0.0340825
3144 0.0339873
3145 0.0340532
3146 0.0340149
3147 0.0339183
3148 0.0338491
3149 0.033761
3150 0.0338336
3151 0.0337618
3152 0.0337813
3153 0.0337443
3154 0.033837
3155 0.0337576
3156 0.0337037
3157 0.0336141
3158 0.0335308
3159 0.0334936
3160 0.0335181
3161 0.0333968
3162 0.0333252
3163 0.033365
3164 0.0333745
3165 0.0333131
3166 0.0333506
3167 0.0333111
3168 0.0331932
3169 0.0332819
3170 0.0333622
3171 0.0333565
3172 0.0331421
3173 0.0332215
3174 0.0332543
3175 0.0331709
3176 0.0331941
3177 0.033285
3178 0.0330729
3179 0.0330471
3180 0.0329788
3181 0.0330939
3182 0.0331128
3183 0.0330684
3184 0.0331606
3185 0.0332092
3186 0.0331269
3187 0.0331197
3188 0.0330714
3189 0.032886
3190 0.0328828
3191 0.0328541
3192 0.0327168
3193 0.0327505
3194 0.0326662
3195 0.0326895
3196 0.0326318
3197 0.0327718
3198 0.0326229
3199 0.0323542
3200 0.0324202
3201 0.0323532
3202 0.0323564
3203 0.0321576
3204 0.0321397
3205 0.032182
3206 0.0320755
3207 0.0320342
3208 0.0320655
3209 0.0321087
3210 0.0321394
3211 0.0320079
3212 0.0319321
3213 0.0319594
3214 0.0318747
3215 0.0317903
3216 0.0317476
3217 0.031787
3218 0.0317936
3219 0.0317098
3220 0.0317371
3221 0.0317136
3222 0.0316342
3223 0.031624
3224 0.0316141
3225 0.0315526
3226 0.0315901
3227 0.0315893
3228 0.0315292
3229 0.0313563
3230 0.031495
3231 0.0314696
3232 0.0314693
3233 0.0314462
3234 0.0314625
3235 0.0314813
3236 0.0314458
3237 0.0315132
3238 0.0314658
3239 0.0314114
3240 0.0312713
3241 0.0312185
3242 0.0312441
3243 0.0311984
3244 0.0311444
3245 0.0311255
3246 0.0310397
3247 0.0310919
3248 0.0308462
3249 0.030853
3250 0.0309086
3251 0.0308623
3252 0.0309018
3253 0.030771
3254 0.0307397
3255 0.0307669
3256 0.0306696
3257 0.0306948
3258 0.0306412
3259 0.0306545
3260 0.0307153
3261 0.0307844
3262 0.0308082
3263 0.0307314
3264 0.0308287
3265 0.0308104
3266 0.0307945
3267 0.0307462
3268 0.0308538
3269 0.0308198
3270 0.030807
3271 0.030699
3272 0.0307931
3273 0.0306548
3274 0.0306067
3275 0.0306808
3276 0.0306538
3277 0.0306087
3278 0.0306683
3279 0.0306486
3280 0.0307818
3281 0.0307323
3282 0.0307456
3283 0.0306915
3284 0.0307286
3285 0.0307137
3286 0.0306885
3287 0.0306306
3288 0.0305898
3289 0.0306042
3290 0.030619
3291 0.030617
3292 0.0305586
3293 0.0305124
3294 0.0305795
3295 0.0305347
3296 0.0305187
3297 0.0305192
3298 0.0305741
3299 0.0305158
3300 0.0305679
3301 0.0304444
3302 0.0303554
3303 0.0303088
3304 0.0304206
3305 0.0302981
3306 0.030319
3307 0.0303064
3308 0.0303186
3309 0.0303432
3310 0.030346
3311 0.0303431
3312 0.0303513
3313 0.0302909
3314 0.0303047
3315 0.0303776
3316 0.0304015
3317 0.0303324
3318 0.0303962
3319 0.0303828
3320 0.0304258
3321 0.0305108
3322 0.0304799
3323 0.0304083
3324 0.0305097
3325 0.0305558
3326 0.0303416
3327 0.0302771
3328 0.0302731
3329 0.0301586
3330 0.0301153
3331 0.0300556
3332 0.0301448
3333 0.030198
3334 0.0301719
3335 0.0301543
3336 0.0301408
3337 0.0301601
3338 0.0301173
3339 0.0301585
3340 0.030206
3341 0.0302014
3342 0.0302103
3343 0.0302463
3344 0.0301992
3345 0.0301929
3346 0.0301784
3347 0.0301519
3348 0.0301396
3349 0.0300899
3350 0.0300723
3351 0.0300114
3352 0.0298789
3353 0.0298659
3354 0.0299159
3355 0.029905
3356 0.0300005
3357 0.0300478
3358 0.0300847
3359 0.0300333
3360 0.0300606
3361 0.0301127
3362 0.0302703
3363 0.0301903
3364 0.0303242
3365 0.0302963
3366 0.0304531
3367 0.0304572
3368 0.0304144
3369 0.0306542
3370 0.0305986
3371 0.0306781
3372 0.030612
3373 0.0306953
3374 0.0307761
3375 0.0306901
3376 0.0307854
3377 0.0307416
3378 0.0307359
3379 0.0307353
3380 0.0305719
3381 0.0305774
3382 0.0306603
3383 0.0305808
3384 0.0306534
3385 0.0305761
3386 0.0305426
3387 0.0305739
3388 0.0304866
3389 0.0304896
3390 0.0303141
3391 0.0304174
3392 0.0304775
3393 0.0304796
3394 0.0304504
3395 0.0303488
3396 0.0304289
3397 0.0305866
3398 0.0304839
3399 0.03031
3400 0.030346
3401 0.0303518
3402 0.0303217
3403 0.0303831
3404 0.0302403
3405 0.030301
3406 0.0302178
3407 0.0302828
3408 0.0303012
3409 0.0302655
3410 0.0302598
3411 0.0303215
3412 0.0303304
3413 0.0303096
3414 0.0304464
3415 0.0303726
3416 0.0303255
3417 0.0302947
3418 0.0303854
3419 0.0303152
3420 0.0301129
3421 0.0301688
3422 0.0302455
3423 0.0302714
3424 0.0300692
3425 0.0301713
3426 0.0300544
3427 0.0300083
3428 0.0299486
3429 0.0300066
3430 0.0299755
3431 0.0299729
3432 0.0299608
3433 0.0299344
3434 0.0299082
3435 0.0297911
3436 0.0296658
3437 0.0297395
3438 0.0297102
3439 0.0295906
3440 0.0296445
3441 0.0295426
3442 0.0295739
3443 0.0295326
3444 0.0295923
3445 0.0296404
3446 0.0296457
3447 0.0295878
3448 0.0295579
3449 0.0295623
3450 0.0295697
3451 0.0294608
3452 0.0293692
3453 0.0293526
3454 0.0292421
3455 0.0292656
3456 0.0293543
3457 0.0293095
3458 0.0292854
3459 0.0292426
3460 0.0293541
3461 0.0292311
3462 0.0292531
3463 0.029245
3464 0.0293432
3465 0.0291815
3466 0.0291603
3467 0.0291242
3468 0.0292272
3469 0.0291895
3470 0.029178
3471 0.0290691
3472 0.0290881
3473 0.0290471
3474 0.0289708
3475 0.0289518
3476 0.0288847
3477 0.028831
3478 0.0288818
3479 0.0288584
3480 0.0288029
3481 0.0286926
3482 0.0286524
3483 0.0286496
3484 0.0286885
3485 0.0285458
3486 0.0285445
3487 0.0285817
3488 0.0284906
3489 0.0285652
3490 0.0284446
3491 0.0284861
3492 0.0285482
3493 0.0286446
3494 0.0285158
3495 0.0284042
3496 0.0284856
3497 0.02839
3498 0.0282168
3499 0.028267
