# rotation correlation for "bonds: name(#1) Ow and name(#2) Hw" in LiCl-20M/0-GPa/zif8-licl.nc
# step value
0 1
1 0.635484
2 0.593447
3 0.564393
4 0.541982
5 0.523415
6 0.507449
7 0.493607
8 0.481166
9 0.469848
10 0.459775
11 0.450508
12 0.441994
13 0.434186
14 0.426722
15 0.419861
16 0.413526
17 0.407486
18 0.401672
19 0.396332
20 0.391228
21 0.386507
22 0.381871
23 0.377463
24 0.373373
25 0.369303
26 0.365527
27 0.361764
28 0.358148
29 0.354795
30 0.351366
31 0.348303
32 0.345277
33 0.342308
34 0.339545
35 0.336813
36 0.334168
37 0.331549
38 0.329087
39 0.326705
40 0.324419
41 0.322133
42 0.320007
43 0.317917
44 0.315848
45 0.313729
46 0.311822
47 0.309994
48 0.308057
49 0.306242
50 0.304465
51 0.302748
52 0.301151
53 0.299568
54 0.29789
55 0.29625
56 0.29474
57 0.293122
58 0.291756
59 0.290306
60 0.288771
61 0.287391
62 0.28606
63 0.284662
64 0.283418
65 0.282068
66 0.280895
67 0.279771
68 0.278549
69 0.277225
70 0.276041
71 0.274878
72 0.273809
73 0.272684
74 0.271565
75 0.270517
76 0.269542
77 0.268547
78 0.267439
79 0.266539
80 0.26554
81 0.264577
82 0.263584
83 0.262601
84 0.261767
85 0.260764
86 0.26
87 0.259109
88 0.258335
89 0.257416
90 0.256496
91 0.255765
92 0.254931
93 0.254063
94 0.253225
95 0.252509
96 0.251796
97 0.251011
98 0.250352
99 0.249606
100 0.24889
101 0.248067
102 0.247485
103 0.246794
104 0.246087
105 0.245294
106 0.244572
107 0.243925
108 0.243241
109 0.242569
110 0.241992
111 0.241284
112 0.240664
113 0.239962
114 0.239389
115 0.238792
116 0.238241
117 0.237596
118 0.236988
119 0.236492
120 0.235862
121 0.235308
122 0.234786
123 0.234182
124 0.233733
125 0.23313
126 0.232509
127 0.231969
128 0.231426
129 0.230803
130 0.230365
131 0.229888
132 0.2295
133 0.229109
134 0.228615
135 0.228054
136 0.227585
137 0.227067
138 0.226567
139 0.226001
140 0.225615
141 0.225124
142 0.22474
143 0.224358
144 0.223851
145 0.223502
146 0.222882
147 0.222529
148 0.2221
149 0.22174
150 0.221358
151 0.220909
152 0.220377
153 0.220085
154 0.219681
155 0.219474
156 0.218986
157 0.218685
158 0.218241
159 0.217904
160 0.21759
161 0.217213
162 0.216828
163 0.216472
164 0.216047
165 0.215602
166 0.215214
167 0.214895
168 0.21447
169 0.214158
170 0.213845
171 0.213345
172 0.213128
173 0.212734
174 0.21238
175 0.211953
176 0.211549
177 0.211223
178 0.210774
179 0.210394
180 0.210016
181 0.209616
182 0.209327
183 0.208811
184 0.208555
185 0.208123
186 0.207828
187 0.20753
188 0.207161
189 0.206877
190 0.206491
191 0.206238
192 0.205893
193 0.20559
194 0.205375
195 0.204931
196 0.204652
197 0.204311
198 0.204008
199 0.203845
200 0.203486
201 0.203097
202 0.202788
203 0.202429
204 0.202224
205 0.201893
206 0.201671
207 0.201313
208 0.20116
209 0.200793
210 0.200572
211 0.200429
212 0.200282
213 0.199988
214 0.199724
215 0.199378
216 0.199167
217 0.198924
218 0.198784
219 0.198529
220 0.19834
221 0.198063
222 0.197849
223 0.197705
224 0.197414
225 0.197249
226 0.19697
227 0.196802
228 0.196633
229 0.196373
230 0.196167
231 0.195973
232 0.195657
233 0.195561
234 0.19525
235 0.195141
236 0.195004
237 0.194715
238 0.194522
239 0.194437
240 0.194107
241 0.194052
242 0.193874
243 0.193716
244 0.193441
245 0.193326
246 0.193029
247 0.192669
248 0.192335
249 0.192168
250 0.191931
251 0.191639
252 0.1914
253 0.191104
254 0.190961
255 0.190692
256 0.190466
257 0.190272
258 0.190071
259 0.189686
260 0.189526
261 0.189272
262 0.189027
263 0.188806
264 0.188531
265 0.188309
266 0.188027
267 0.187877
268 0.187439
269 0.187185
270 0.186871
271 0.186769
272 0.186616
273 0.186323
274 0.18615
275 0.185901
276 0.185633
277 0.185469
278 0.185231
279 0.185125
280 0.184952
281 0.184861
282 0.184579
283 0.184514
284 0.1842
285 0.184057
286 0.183777
287 0.183742
288 0.183595
289 0.183285
290 0.183154
291 0.182928
292 0.182569
293 0.182452
294 0.182106
295 0.182065
296 0.181923
297 0.181837
298 0.18171
299 0.181564
300 0.181349
301 0.181148
302 0.180945
303 0.180688
304 0.18053
305 0.180318
306 0.180038
307 0.179808
308 0.179558
309 0.17936
310 0.17915
311 0.178889
312 0.178675
313 0.178497
314 0.178286
315 0.178191
316 0.177985
317 0.177841
318 0.177664
319 0.17749
320 0.177327
321 0.177165
322 0.176941
323 0.176752
324 0.176621
325 0.176622
326 0.176528
327 0.176451
328 0.176234
329 0.176057
330 0.175946
331 0.175807
332 0.175537
333 0.175417
334 0.175238
335 0.175099
336 0.174866
337 0.174833
338 0.174667
339 0.17446
340 0.174435
341 0.174238
342 0.174068
343 0.173984
344 0.173866
345 0.173737
346 0.173634
347 0.17354
348 0.1735
349 0.173386
350 0.173164
351 0.172982
352 0.172819
353 0.172837
354 0.172651
355 0.172534
356 0.172381
357 0.17222
358 0.171999
359 0.172044
360 0.17183
361 0.171747
362 0.171604
363 0.171485
364 0.171528
365 0.171424
366 0.171333
367 0.171154
368 0.171124
369 0.171018
370 0.17095
371 0.170827
372 0.170739
373 0.170629
374 0.17048
375 0.170397
376 0.170207
377 0.17009
378 0.169974
379 0.169818
380 0.169755
381 0.169586
382 0.16964
383 0.169536
384 0.169405
385 0.169274
386 0.169201
387 0.169067
388 0.168949
389 0.16891
390 0.168598
391 0.168502
392 0.168392
393 0.16822
394 0.168181
395 0.168071
396 0.167936
397 0.167877
398 0.16777
399 0.167649
400 0.167462
401 0.167367
402 0.167386
403 0.167299
404 0.167263
405 0.167141
406 0.167126
407 0.167106
408 0.166983
409 0.166932
410 0.166801
411 0.166708
412 0.166471
413 0.166543
414 0.166376
415 0.166205
416 0.166123
417 0.166135
418 0.165903
419 0.165919
420 0.165794
421 0.165671
422 0.165681
423 0.165484
424 0.165344
425 0.165423
426 0.165259
427 0.165154
428 0.164934
429 0.165007
430 0.164812
431 0.164834
432 0.164786
433 0.164625
434 0.164545
435 0.164496
436 0.164286
437 0.16428
438 0.16404
439 0.164223
440 0.16417
441 0.164112
442 0.163956
443 0.163878
444 0.163748
445 0.163621
446 0.163505
447 0.16345
448 0.163241
449 0.163098
450 0.16305
451 0.163025
452 0.162974
453 0.162898
454 0.162783
455 0.162703
456 0.162688
457 0.16258
458 0.162506
459 0.162469
460 0.162368
461 0.16233
462 0.162275
463 0.162246
464 0.162267
465 0.162184
466 0.16218
467 0.162058
468 0.162015
469 0.161855
470 0.161765
471 0.161714
472 0.161621
473 0.161563
474 0.161478
475 0.161409
476 0.161328
477 0.161281
478 0.16116
479 0.161225
480 0.161175
481 0.161031
482 0.160913
483 0.160763
484 0.160756
485 0.160717
486 0.160603
487 0.160454
488 0.160444
489 0.160397
490 0.160229
491 0.160066
492 0.159908
493 0.159843
494 0.159825
495 0.159719
496 0.159578
497 0.159489
498 0.159432
499 0.159254
500 0.159177
501 0.159033
502 0.158925
503 0.158719
504 0.158684
505 0.15858
506 0.158485
507 0.15834
508 0.158161
509 0.158056
510 0.158045
511 0.157866
512 0.15789
513 0.157853
514 0.157905
515 0.157854
516 0.157813
517 0.157774
518 0.157783
519 0.157712
520 0.157587
521 0.157559
522 0.157455
523 0.157376
524 0.157238
525 0.157184
526 0.157089
527 0.157108
528 0.156991
529 0.156896
530 0.156901
531 0.156702
532 0.156668
533 0.156478
534 0.156518
535 0.156492
536 0.156467
537 0.156347
538 0.15626
539 0.156218
540 0.156164
541 0.156134
542 0.156076
543 0.156033
544 0.155863
545 0.155878
546 0.155866
547 0.155795
548 0.155711
549 0.155572
550 0.155431
551 0.155344
552 0.155298
553 0.155216
554 0.155098
555 0.155079
556 0.154884
557 0.154804
558 0.154832
559 0.154719
560 0.154662
561 0.154607
562 0.15452
563 0.154352
564 0.154254
565 0.154182
566 0.154094
567 0.154012
568 0.153961
569 0.153845
570 0.153901
571 0.153757
572 0.153717
573 0.153587
574 0.153536
575 0.15346
576 0.153352
577 0.153258
578 0.153291
579 0.153218
580 0.153221
581 0.153041
582 0.152901
583 0.152868
584 0.152802
585 0.152617
586 0.152473
587 0.152338
588 0.152239
589 0.152306
590 0.152297
591 0.152254
592 0.152114
593 0.152099
594 0.151949
595 0.151894
596 0.151854
597 0.151695
598 0.151659
599 0.151595
600 0.151575
601 0.151299
602 0.151324
603 0.151148
604 0.151104
605 0.151063
606 0.150877
607 0.150809
608 0.150581
609 0.150331
610 0.150359
611 0.150194
612 0.150212
613 0.150075
614 0.149922
615 0.149809
616 0.149754
617 0.149711
618 0.149656
619 0.149582
620 0.149559
621 0.149489
622 0.149386
623 0.149309
624 0.149242
625 0.149121
626 0.149014
627 0.14894
628 0.149019
629 0.148854
630 0.14895
631 0.148933
632 0.14902
633 0.148864
634 0.148924
635 0.148841
636 0.148789
637 0.148762
638 0.148662
639 0.148558
640 0.148487
641 0.148401
642 0.148376
643 0.14835
644 0.148232
645 0.148187
646 0.148203
647 0.148062
648 0.147939
649 0.147925
650 0.147767
651 0.147633
652 0.147624
653 0.147581
654 0.147496
655 0.147415
656 0.147408
657 0.147385
658 0.14723
659 0.14713
660 0.147059
661 0.147057
662 0.146963
663 0.14685
664 0.146812
665 0.146692
666 0.146589
667 0.146398
668 0.146257
669 0.146086
670 0.146009
671 0.145955
672 0.145801
673 0.145787
674 0.145742
675 0.145663
676 0.145669
677 0.145452
678 0.145368
679 0.145468
680 0.14533
681 0.145263
682 0.145336
683 0.145292
684 0.145198
685 0.145158
686 0.145109
687 0.145152
688 0.145032
689 0.145005
690 0.144993
691 0.144916
692 0.1448
693 0.144741
694 0.144687
695 0.144518
696 0.144429
697 0.144469
698 0.144335
699 0.144277
700 0.144169
701 0.14413
702 0.144022
703 0.143959
704 0.143967
705 0.143986
706 0.143903
707 0.143771
708 0.143849
709 0.143743
710 0.14377
711 0.14364
712 0.143814
713 0.143782
714 0.143774
715 0.143707
716 0.143681
717 0.143607
718 0.143611
719 0.143616
720 0.14356
721 0.143508
722 0.143482
723 0.143473
724 0.143393
725 0.143391
726 0.143415
727 0.143384
728 0.143328
729 0.143333
730 0.143166
731 0.143139
732 0.143113
733 0.143023
734 0.14297
735 0.142798
736 0.142642
737 0.142535
738 0.142418
739 0.142394
740 0.142336
741 0.142224
742 0.142131
743 0.142138
744 0.141968
745 0.141931
746 0.141806
747 0.141702
748 0.141557
749 0.141443
750 0.141407
751 0.141408
752 0.141365
753 0.141335
754 0.141208
755 0.141167
756 0.141103
757 0.141088
758 0.140992
759 0.140973
760 0.140882
761 0.140751
762 0.140702
763 0.140608
764 0.140531
765 0.140581
766 0.14054
767 0.140406
768 0.140409
769 0.140287
770 0.140235
771 0.140178
772 0.14016
773 0.140149
774 0.140047
775 0.139995
776 0.140003
777 0.140038
778 0.13995
779 0.139854
780 0.139923
781 0.139874
782 0.139921
783 0.140049
784 0.140104
785 0.140068
786 0.140006
787 0.140114
788 0.140001
789 0.139896
790 0.139836
791 0.139793
792 0.139715
793 0.139742
794 0.139758
795 0.139735
796 0.139522
797 0.13934
798 0.139362
799 0.139187
800 0.139227
801 0.139175
802 0.139221
803 0.139167
804 0.139132
805 0.139014
806 0.139008
807 0.139034
808 0.138999
809 0.138875
810 0.138764
811 0.138807
812 0.138692
813 0.138588
814 0.138532
815 0.138518
816 0.138501
817 0.138459
818 0.138472
819 0.138358
820 0.138378
821 0.138263
822 0.138163
823 0.137812
824 0.137816
825 0.137726
826 0.137571
827 0.137525
828 0.137476
829 0.137436
830 0.137415
831 0.137322
832 0.137432
833 0.137392
834 0.137297
835 0.137196
836 0.137197
837 0.137067
838 0.137087
839 0.137089
840 0.137097
841 0.137028
842 0.137065
843 0.13693
844 0.137013
845 0.136947
846 0.13686
847 0.136879
848 0.13682
849 0.136955
850 0.136985
851 0.136884
852 0.136823
853 0.136773
854 0.136602
855 0.136538
856 0.136445
857 0.136296
858 0.136202
859 0.136114
860 0.135928
861 0.135861
862 0.135822
863 0.135836
864 0.135872
865 0.135853
866 0.135774
867 0.135828
868 0.135783
869 0.135576
870 0.135658
871 0.135553
872 0.1354
873 0.135313
874 0.135237
875 0.135184
876 0.135132
877 0.135088
878 0.135075
879 0.135044
880 0.134955
881 0.134917
882 0.134823
883 0.134743
884 0.134669
885 0.134632
886 0.134668
887 0.13456
888 0.134505
889 0.1344
890 0.134249
891 0.13414
892 0.134087
893 0.134105
894 0.134007
895 0.133863
896 0.133842
897 0.133693
898 0.133648
899 0.133569
900 0.133469
901 0.133443
902 0.133468
903 0.133512
904 0.133467
905 0.13348
906 0.133336
907 0.133236
908 0.133185
909 0.133176
910 0.133059
911 0.133095
912 0.133109
913 0.132985
914 0.13294
915 0.132968
916 0.132851
917 0.132899
918 0.132844
919 0.132692
920 0.132746
921 0.132637
922 0.132701
923 0.132708
924 0.132504
925 0.13257
926 0.132618
927 0.1327
928 0.132597
929 0.132562
930 0.132597
931 0.132482
932 0.132412
933 0.13264
934 0.132463
935 0.132413
936 0.132232
937 0.132187
938 0.13217
939 0.132211
940 0.132147
941 0.132155
942 0.132153
943 0.132171
944 0.132158
945 0.132162
946 0.132282
947 0.132152
948 0.132177
949 0.132136
950 0.132107
951 0.131933
952 0.131924
953 0.131861
954 0.131852
955 0.13191
956 0.131865
957 0.131748
958 0.131736
959 0.131592
960 0.131676
961 0.131689
962 0.131559
963 0.131504
964 0.131626
965 0.131579
966 0.131497
967 0.131504
968 0.131425
969 0.131338
970 0.131206
971 0.131288
972 0.131267
973 0.131222
974 0.131204
975 0.131135
976 0.131025
977 0.130906
978 0.131042
979 0.13082
980 0.130905
981 0.130877
982 0.130894
983 0.130887
984 0.130856
985 0.130824
986 0.130782
987 0.130699
988 0.130629
989 0.130556
990 0.130412
991 0.130469
992 0.130211
993 0.130228
994 0.13008
995 0.130075
996 0.129912
997 0.130024
998 0.129853
999 0.129858
1000 0.129828
1001 0.129693
1002 0.129655
1003 0.129605
1004 0.129481
1005 0.129504
1006 0.129395
1007 0.129398
1008 0.129557
1009 0.129532
1010 0.129489
1011 0.129381
1012 0.129381
1013 0.129371
1014 0.129248
1015 0.129219
1016 0.129167
1017 0.129279
1018 0.129209
1019 0.129169
1020 0.129166
1021 0.129188
1022 0.129159
1023 0.129112
1024 0.12913
1025 0.129037
1026 0.12902
1027 0.128988
1028 0.129035
1029 0.128975
1030 0.128799
1031 0.128799
1032 0.12856
1033 0.128476
1034 0.128381
1035 0.128214
1036 0.128236
1037 0.128023
1038 0.127988
1039 0.128019
1040 0.127905
1041 0.127859
1042 0.127871
1043 0.127775
1044 0.127886
1045 0.127837
1046 0.12784
1047 0.127813
1048 0.127811
1049 0.127924
1050 0.127984
1051 0.128015
1052 0.12804
1053 0.128033
1054 0.128004
1055 0.127897
1056 0.127927
1057 0.127892
1058 0.127776
1059 0.127859
1060 0.127726
1061 0.12771
1062 0.12772
1063 0.12758
1064 0.127597
1065 0.127579
1066 0.127535
1067 0.127425
1068 0.127417
1069 0.127542
1070 0.127616
1071 0.127506
1072 0.127433
1073 0.127542
1074 0.127432
1075 0.127439
1076 0.12739
1077 0.127413
1078 0.12742
1079 0.127466
1080 0.127386
1081 0.127301
1082 0.127324
1083 0.127316
1084 0.127197
1085 0.12722
1086 0.127104
1087 0.127116
1088 0.127022
1089 0.126869
1090 0.126917
1091 0.126833
1092 0.12664
1093 0.126631
1094 0.126491
1095 0.126522
1096 0.126499
1097 0.126464
1098 0.126469
1099 0.126323
1100 0.126351
1101 0.126407
1102 0.126282
1103 0.126308
1104 0.126267
1105 0.126229
1106 0.126252
1107 0.126316
1108 0.126239
1109 0.126337
1110 0.126373
1111 0.126341
1112 0.126336
1113 0.12641
1114 0.126398
1115 0.126411
1116 0.126283
1117 0.126204
1118 0.126065
1119 0.126184
1120 0.126209
1121 0.126203
1122 0.126277
1123 0.126217
1124 0.126198
1125 0.126164
1126 0.1261
1127 0.126069
1128 0.125902
1129 0.12584
1130 0.125899
1131 0.125811
1132 0.125818
1133 0.125804
1134 0.125916
1135 0.125771
1136 0.125724
1137 0.125756
1138 0.125832
1139 0.125724
1140 0.125764
1141 0.125807
1142 0.125789
1143 0.125795
1144 0.125814
1145 0.125788
1146 0.125758
1147 0.125751
1148 0.12583
1149 0.125756
1150 0.125795
1151 0.125765
1152 0.125795
1153 0.12583
1154 0.125649
1155 0.125655
1156 0.125774
1157 0.12579
1158 0.125752
1159 0.12574
1160 0.125648
1161 0.125556
1162 0.125447
1163 0.125454
1164 0.125471
1165 0.125533
1166 0.125589
1167 0.125587
1168 0.125611
1169 0.125723
1170 0.125716
1171 0.125576
1172 0.125544
1173 0.125555
1174 0.125453
1175 0.125339
1176 0.125358
1177 0.125388
1178 0.125387
1179 0.125363
1180 0.125314
1181 0.125376
1182 0.125391
1183 0.125407
1184 0.125377
1185 0.125269
1186 0.125287
1187 0.125297
1188 0.125178
1189 0.125121
1190 0.125072
1191 0.125049
1192 0.125027
1193 0.124897
1194 0.124884
1195 0.12487
1196 0.12496
1197 0.124919
1198 0.124869
1199 0.124943
1200 0.1248
1201 0.124782
1202 0.124768
1203 0.124773
1204 0.124715
1205 0.124846
1206 0.12477
1207 0.124658
1208 0.124716
1209 0.124679
1210 0.124705
1211 0.12477
1212 0.124789
1213 0.124835
1214 0.124801
1215 0.124822
1216 0.124818
1217 0.12475
1218 0.124752
1219 0.124926
1220 0.124795
1221 0.124715
1222 0.124571
1223 0.124592
1224 0.124659
1225 0.124565
1226 0.124591
1227 0.124476
1228 0.124341
1229 0.12436
1230 0.124243
1231 0.124185
1232 0.12408
1233 0.124167
1234 0.124104
1235 0.124051
1236 0.124127
1237 0.12399
1238 0.124105
1239 0.124115
1240 0.124129
1241 0.124235
1242 0.124185
1243 0.124142
1244 0.12408
1245 0.124116
1246 0.12415
1247 0.124115
1248 0.124114
1249 0.124111
1250 0.123971
1251 0.123926
1252 0.123901
1253 0.123767
1254 0.12372
1255 0.123788
1256 0.123831
1257 0.123689
1258 0.123697
1259 0.12365
1260 0.123631
1261 0.123516
1262 0.123515
1263 0.12343
1264 0.123385
1265 0.123394
1266 0.12336
1267 0.123301
1268 0.12329
1269 0.123277
1270 0.123243
1271 0.123162
1272 0.123144
1273 0.123169
1274 0.123056
1275 0.123035
1276 0.12307
1277 0.123008
1278 0.123002
1279 0.122996
1280 0.1231
1281 0.12315
1282 0.122979
1283 0.122977
1284 0.122836
1285 0.1227
1286 0.122688
1287 0.122678
1288 0.122674
1289 0.122703
1290 0.12262
1291 0.122619
1292 0.122498
1293 0.122485
1294 0.122511
1295 0.122493
1296 0.122555
1297 0.122463
1298 0.122413
1299 0.12251
1300 0.122444
1301 0.122414
1302 0.122396
1303 0.122333
1304 0.1223
1305 0.122232
1306 0.122189
1307 0.122116
1308 0.122267
1309 0.122241
1310 0.122108
1311 0.122159
1312 0.122075
1313 0.122139
1314 0.122034
1315 0.122101
1316 0.122133
1317 0.121992
1318 0.121989
1319 0.121964
1320 0.121939
1321 0.121983
1322 0.122076
1323 0.122113
1324 0.122102
1325 0.122132
1326 0.121994
1327 0.121987
1328 0.121943
1329 0.122127
1330 0.122088
1331 0.122092
1332 0.122105
1333 0.122158
1334 0.122085
1335 0.12207
1336 0.122211
1337 0.122193
1338 0.122174
1339 0.12208
1340 0.122134
1341 0.122199
1342 0.122128
1343 0.122028
1344 0.122136
1345 0.122235
1346 0.122096
1347 0.12215
1348 0.122003
1349 0.122062
1350 0.122009
1351 0.12189
1352 0.12188
1353 0.121849
1354 0.121869
1355 0.121798
1356 0.121852
1357 0.12191
1358 0.121742
1359 0.121789
1360 0.121709
1361 0.121567
1362 0.121616
1363 0.121365
1364 0.121464
1365 0.121508
1366 0.121345
1367 0.121274
1368 0.121221
1369 0.121017
1370 0.121056
1371 0.121015
1372 0.12096
1373 0.120941
1374 0.120777
1375 0.120689
1376 0.120681
1377 0.120531
1378 0.12056
1379 0.120465
1380 0.120588
1381 0.120623
1382 0.120521
1383 0.120552
1384 0.120479
1385 0.120539
1386 0.120471
1387 0.120297
1388 0.120228
1389 0.120138
1390 0.120207
1391 0.120173
1392 0.120062
1393 0.120135
1394 0.120053
1395 0.120002
1396 0.119923
1397 0.119874
1398 0.119865
1399 0.11986
1400 0.119681
1401 0.119744
1402 0.119577
1403 0.119554
1404 0.119489
1405 0.11955
1406 0.11951
1407 0.119467
1408 0.119473
1409 0.119488
1410 0.119434
1411 0.119553
1412 0.119517
1413 0.119541
1414 0.119549
1415 0.119528
1416 0.119575
1417 0.119453
1418 0.119472
1419 0.119447
1420 0.119449
1421 0.119538
1422 0.11939
1423 0.119338
1424 0.119337
1425 0.11924
1426 0.119144
1427 0.118954
1428 0.118919
1429 0.118996
1430 0.118898
1431 0.119049
1432 0.118957
1433 0.118996
1434 0.119032
1435 0.119006
1436 0.119151
1437 0.119106
1438 0.119018
1439 0.118895
1440 0.118956
1441 0.118993
1442 0.118915
1443 0.118788
1444 0.118736
1445 0.118777
1446 0.118729
1447 0.118692
1448 0.118647
1449 0.118577
1450 0.11859
1451 0.118413
1452 0.118285
1453 0.118201
1454 0.118154
1455 0.118169
1456 0.118212
1457 0.118064
1458 0.117931
1459 0.117899
1460 0.117893
1461 0.117924
1462 0.117866
1463 0.117708
1464 0.117698
1465 0.117639
1466 0.117618
1467 0.117479
1468 0.117444
1469 0.117323
1470 0.117306
1471 0.117243
1472 0.117224
1473 0.117157
1474 0.117254
1475 0.117323
1476 0.117257
1477 0.117296
1478 0.117113
1479 0.117339
1480 0.117189
1481 0.117245
1482 0.117334
1483 0.117245
1484 0.117235
1485 0.117261
1486 0.117331
1487 0.117213
1488 0.117163
1489 0.117041
1490 0.117069
1491 0.117049
1492 0.117167
1493 0.117026
1494 0.117103
1495 0.117099
1496 0.117095
1497 0.11718
1498 0.117118
1499 0.117134
1500 0.117149
1501 0.11702
1502 0.117042
1503 0.117225
1504 0.11708
1505 0.117052
1506 0.116975
1507 0.116977
1508 0.116884
1509 0.116777
1510 0.116817
1511 0.11672
1512 0.116625
1513 0.116623
1514 0.116678
1515 0.116606
1516 0.116714
1517 0.11663
1518 0.116551
1519 0.116388
1520 0.11634
1521 0.116281
1522 0.116211
1523 0.116242
1524 0.116174
1525 0.116125
1526 0.115986
1527 0.115836
1528 0.115837
1529 0.115907
1530 0.115851
1531 0.11599
1532 0.115862
1533 0.115781
1534 0.115781
1535 0.115762
1536 0.115628
1537 0.115611
1538 0.115531
1539 0.115477
1540 0.115322
1541 0.115315
1542 0.115388
1543 0.115331
1544 0.115408
1545 0.115292
1546 0.115292
1547 0.115247
1548 0.115255
1549 0.115305
1550 0.115175
1551 0.115255
1552 0.115133
1553 0.115135
1554 0.115073
1555 0.11502
1556 0.114877
1557 0.114861
1558 0.114829
1559 0.114874
1560 0.11494
1561 0.114918
1562 0.11492
1563 0.115014
1564 0.115
1565 0.115007
1566 0.115103
1567 0.115044
1568 0.115004
1569 0.11498
1570 0.114974
1571 0.115131
1572 0.115053
1573 0.115043
1574 0.115063
1575 0.115073
1576 0.115025
1577 0.115002
1578 0.114916
1579 0.114948
1580 0.114931
1581 0.114969
1582 0.114897
1583 0.114836
1584 0.114835
1585 0.114881
1586 0.114785
1587 0.114848
1588 0.114772
1589 0.114705
1590 0.114627
1591 0.114624
1592 0.114492
1593 0.114295
1594 0.11436
1595 0.11426
1596 0.114236
1597 0.114202
1598 0.114116
1599 0.113992
1600 0.113952
1601 0.113798
1602 0.11391
1603 0.113802
1604 0.113718
1605 0.113799
1606 0.113675
1607 0.113573
1608 0.113662
1609 0.113717
1610 0.113722
1611 0.113622
1612 0.113604
1613 0.113474
1614 0.113351
1615 0.113267
1616 0.113317
1617 0.113196
1618 0.113031
1619 0.113031
1620 0.113025
1621 0.112933
1622 0.113023
1623 0.113032
1624 0.113078
1625 0.113087
1626 0.113072
1627 0.113091
1628 0.113039
1629 0.113012
1630 0.112927
1631 0.112906
1632 0.11273
1633 0.112858
1634 0.112717
1635 0.112704
1636 0.112552
1637 0.112517
1638 0.112479
1639 0.112467
1640 0.112449
1641 0.112401
1642 0.112481
1643 0.112464
1644 0.11248
1645 0.112494
1646 0.11246
1647 0.112492
1648 0.112683
1649 0.112517
1650 0.112553
1651 0.112704
1652 0.112734
1653 0.112787
1654 0.11267
1655 0.112906
1656 0.11289
1657 0.112809
1658 0.112762
1659 0.112831
1660 0.112908
1661 0.112912
1662 0.112742
1663 0.112845
1664 0.112711
1665 0.112619
1666 0.112664
1667 0.112558
1668 0.1126
1669 0.112588
1670 0.112477
1671 0.112385
1672 0.112369
1673 0.112349
1674 0.112336
1675 0.112375
1676 0.112444
1677 0.112371
1678 0.112403
1679 0.112332
1680 0.112325
1681 0.112436
1682 0.112415
1683 0.112388
1684 0.112253
1685 0.112158
1686 0.112218
1687 0.112187
1688 0.112147
1689 0.11209
1690 0.112039
1691 0.111982
1692 0.111957
1693 0.11191
1694 0.111858
1695 0.111864
1696 0.111914
1697 0.11181
1698 0.111821
1699 0.111784
1700 0.111841
1701 0.11185
1702 0.111826
1703 0.111825
1704 0.111801
1705 0.111726
1706 0.111722
1707 0.111726
1708 0.111625
1709 0.111585
1710 0.111454
1711 0.11137
1712 0.111352
1713 0.111355
1714 0.111392
1715 0.111345
1716 0.111476
1717 0.111513
1718 0.111394
1719 0.111427
1720 0.111422
1721 0.111366
1722 0.111424
1723 0.111504
1724 0.111366
1725 0.111341
1726 0.111331
1727 0.11137
1728 0.111457
1729 0.111309
1730 0.111369
1731 0.111412
1732 0.111267
1733 0.111362
1734 0.111323
1735 0.111493
1736 0.111532
1737 0.111371
1738 0.111484
1739 0.111395
1740 0.11139
1741 0.111342
1742 0.111368
1743 0.111406
1744 0.111432
1745 0.111282
1746 0.111267
1747 0.111209
1748 0.111114
1749 0.111029
1750 0.111105
1751 0.111138
1752 0.111144
1753 0.111096
1754 0.11104
1755 0.110962
1756 0.111049
1757 0.111021
1758 0.111019
1759 0.11107
1760 0.111033
1761 0.11101
1762 0.111004
1763 0.110928
1764 0.110996
1765 0.110979
1766 0.111002
1767 0.111093
1768 0.111126
1769 0.111149
1770 0.111164
1771 0.111036
1772 0.110946
1773 0.110933
1774 0.110932
1775 0.110908
1776 0.110749
1777 0.110751
1778 0.110625
1779 0.11066
1780 0.110649
1781 0.11055
1782 0.110613
1783 0.110542
1784 0.110601
1785 0.110503
1786 0.110481
1787 0.110516
1788 0.110431
1789 0.110337
1790 0.11051
1791 0.110451
1792 0.110413
1793 0.11035
1794 0.110341
1795 0.11029
1796 0.110274
1797 0.110394
1798 0.110196
1799 0.110336
1800 0.110171
1801 0.110141
1802 0.110235
1803 0.110291
1804 0.110424
1805 0.110405
1806 0.11052
1807 0.110459
1808 0.110375
1809 0.110365
1810 0.110351
1811 0.110277
1812 0.110225
1813 0.110271
1814 0.110249
1815 0.110193
1816 0.110261
1817 0.110163
1818 0.110269
1819 0.11037
1820 0.110468
1821 0.110494
1822 0.110468
1823 0.110471
1824 0.110385
1825 0.110307
1826 0.110403
1827 0.110306
1828 0.11034
1829 0.110195
1830 0.110148
1831 0.110171
1832 0.110068
1833 0.109922
1834 0.109873
1835 0.109872
1836 0.109789
1837 0.109731
1838 0.109654
1839 0.109602
1840 0.109599
1841 0.109706
1842 0.109629
1843 0.109576
1844 0.109467
1845 0.109499
1846 0.109441
1847 0.109502
1848 0.109376
1849 0.109245
1850 0.109171
1851 0.109114
1852 0.109051
1853 0.108964
1854 0.108984
1855 0.108913
1856 0.108917
1857 0.108721
1858 0.108844
1859 0.108817
1860 0.108681
1861 0.108745
1862 0.108626
1863 0.108689
1864 0.10869
1865 0.108653
1866 0.108575
1867 0.108574
1868 0.108567
1869 0.108509
1870 0.108525
1871 0.108702
1872 0.10869
1873 0.108637
1874 0.108743
1875 0.108597
1876 0.108673
1877 0.108397
1878 0.1086
1879 0.108567
1880 0.108578
1881 0.108549
1882 0.108435
1883 0.108355
1884 0.108369
1885 0.108205
1886 0.108118
1887 0.108166
1888 0.1082
1889 0.108084
1890 0.107975
1891 0.107985
1892 0.108007
1893 0.107974
1894 0.108007
1895 0.107999
1896 0.107922
1897 0.107912
1898 0.107823
1899 0.107795
1900 0.107708
1901 0.107646
1902 0.107632
1903 0.107524
1904 0.107507
1905 0.107441
1906 0.107514
1907 0.107578
1908 0.107588
1909 0.107599
1910 0.107613
1911 0.107567
1912 0.107624
1913 0.107582
1914 0.107534
1915 0.107531
1916 0.107565
1917 0.107568
1918 0.107496
1919 0.107405
1920 0.107404
1921 0.107437
1922 0.107352
1923 0.107394
1924 0.10727
1925 0.107346
1926 0.107244
1927 0.107339
1928 0.107284
1929 0.107275
1930 0.107401
1931 0.107342
1932 0.107352
1933 0.10732
1934 0.10732
1935 0.107348
1936 0.107242
1937 0.107283
1938 0.107352
1939 0.107456
1940 0.107353
1941 0.107401
1942 0.107481
1943 0.107383
1944 0.107313
1945 0.10721
1946 0.107394
1947 0.107447
1948 0.107373
1949 0.107321
1950 0.107282
1951 0.107261
1952 0.107188
1953 0.107225
1954 0.107187
1955 0.107023
1956 0.106974
1957 0.106923
1958 0.106897
1959 0.10697
1960 0.107001
1961 0.107029
1962 0.10691
1963 0.106788
1964 0.106786
1965 0.106617
1966 0.106689
1967 0.106578
1968 0.106604
1969 0.106678
1970 0.106611
1971 0.106544
1972 0.106828
1973 0.106713
1974 0.106518
1975 0.106579
1976 0.106487
1977 0.106524
1978 0.106525
1979 0.106447
1980 0.106619
1981 0.106544
1982 0.106513
1983 0.106623
1984 0.106485
1985 0.10656
1986 0.106432
1987 0.106475
1988 0.10627
1989 0.106324
1990 0.106294
1991 0.106223
1992 0.106196
1993 0.106109
1994 0.106103
1995 0.106037
1996 0.105982
1997 0.106032
1998 0.105958
1999 0.105843
2000 0.10589
2001 0.105853
2002 0.105806
2003 0.105656
2004 0.105564
2005 0.105521
2006 0.105586
2007 0.105526
2008 0.105465
2009 0.105392
2010 0.105389
2011 0.105294
2012 0.105246
2013 0.105316
2014 0.10523
2015 0.105263
2016 0.105156
2017 0.105151
2018 0.105131
2019 0.104987
2020 0.104979
2021 0.104766
2022 0.104736
2023 0.104741
2024 0.104689
2025 0.104812
2026 0.104699
2027 0.104812
2028 0.104771
2029 0.104832
2030 0.104865
2031 0.104902
2032 0.104859
2033 0.104815
2034 0.104772
2035 0.104728
2036 0.104688
2037 0.10449
2038 0.104554
2039 0.104367
2040 0.104306
2041 0.104223
2042 0.104346
2043 0.104253
2044 0.10422
2045 0.104234
2046 0.104337
2047 0.104433
2048 0.104363
2049 0.104459
2050 0.104193
2051 0.104264
2052 0.104358
2053 0.104208
2054 0.104164
2055 0.104265
2056 0.104201
2057 0.104127
2058 0.104119
2059 0.104067
2060 0.10388
2061 0.103916
2062 0.103919
2063 0.103918
2064 0.103855
2065 0.103831
2066 0.103936
2067 0.104002
2068 0.103936
2069 0.103837
2070 0.103708
2071 0.103543
2072 0.10369
2073 0.10368
2074 0.103617
2075 0.103898
2076 0.103886
2077 0.103878
2078 0.103809
2079 0.103845
2080 0.103826
2081 0.103671
2082 0.103746
2083 0.103728
2084 0.103883
2085 0.103795
2086 0.103858
2087 0.10386
2088 0.10393
2089 0.103824
2090 0.10379
2091 0.103827
2092 0.103744
2093 0.103621
2094 0.103679
2095 0.103622
2096 0.103586
2097 0.103426
2098 0.103361
2099 0.103313
2100 0.103176
2101 0.103141
2102 0.103131
2103 0.103025
2104 0.103146
2105 0.103106
2106 0.103086
2107 0.103003
2108 0.103154
2109 0.103089
2110 0.103047
2111 0.103074
2112 0.103096
2113 0.103092
2114 0.10311
2115 0.10312
2116 0.103028
2117 0.103183
2118 0.103056
2119 0.103253
2120 0.103139
2121 0.103156
2122 0.103147
2123 0.103151
2124 0.103177
2125 0.103151
2126 0.103222
2127 0.103206
2128 0.103097
2129 0.103214
2130 0.103153
2131 0.103116
2132 0.10312
2133 0.103132
2134 0.10304
2135 0.103013
2136 0.103064
2137 0.103117
2138 0.102963
2139 0.103045
2140 0.103063
2141 0.103164
2142 0.103077
2143 0.102986
2144 0.103055
2145 0.103017
2146 0.102977
2147 0.103036
2148 0.10302
2149 0.103107
2150 0.102953
2151 0.103006
2152 0.102886
2153 0.102867
2154 0.102754
2155 0.102569
2156 0.102644
2157 0.102536
2158 0.102525
2159 0.102403
2160 0.102282
2161 0.102178
2162 0.102061
2163 0.102087
2164 0.101896
2165 0.101976
2166 0.102022
2167 0.101865
2168 0.10179
2169 0.101868
2170 0.101799
2171 0.101873
2172 0.10173
2173 0.101746
2174 0.10163
2175 0.101536
2176 0.10147
2177 0.101534
2178 0.10138
2179 0.101335
2180 0.101363
2181 0.101243
2182 0.101342
2183 0.101184
2184 0.101311
2185 0.101192
2186 0.100972
2187 0.100959
2188 0.101104
2189 0.101018
2190 0.100899
2191 0.100863
2192 0.100702
2193 0.100822
2194 0.100817
2195 0.100814
2196 0.100722
2197 0.100807
2198 0.100723
2199 0.10072
2200 0.100798
2201 0.100763
2202 0.100752
2203 0.100844
2204 0.100786
2205 0.100769
2206 0.100916
2207 0.10095
2208 0.100983
2209 0.10102
2210 0.101001
2211 0.100908
2212 0.10093
2213 0.101006
2214 0.100956
2215 0.100939
2216 0.101017
2217 0.100936
2218 0.100937
2219 0.100912
2220 0.100861
2221 0.100846
2222 0.100884
2223 0.100944
2224 0.100888
2225 0.100959
2226 0.100968
2227 0.100912
2228 0.100909
2229 0.100796
2230 0.100629
2231 0.100579
2232 0.100665
2233 0.100567
2234 0.100641
2235 0.100684
2236 0.100636
2237 0.100515
2238 0.100598
2239 0.100593
2240 0.100642
2241 0.100622
2242 0.100592
2243 0.100699
2244 0.100667
2245 0.100585
2246 0.100583
2247 0.100552
2248 0.100629
2249 0.100521
2250 0.100537
2251 0.100551
2252 0.100526
2253 0.10054
2254 0.100551
2255 0.100547
2256 0.100549
2257 0.10051
2258 0.100437
2259 0.100457
2260 0.100374
2261 0.100445
2262 0.100554
2263 0.100661
2264 0.100463
2265 0.100416
2266 0.100519
2267 0.100473
2268 0.100632
2269 0.100556
2270 0.100417
2271 0.100543
2272 0.100416
2273 0.100228
2274 0.100185
2275 0.100185
2276 0.100067
2277 0.100076
2278 0.100107
2279 0.10004
2280 0.100103
2281 0.100113
2282 0.100224
2283 0.100231
2284 0.100265
2285 0.100209
2286 0.100162
2287 0.100134
2288 0.100139
2289 0.100123
2290 0.100188
2291 0.0999438
2292 0.0999997
2293 0.100019
2294 0.100039
2295 0.0999727
2296 0.0999083
2297 0.0999845
2298 0.100018
2299 0.1001
2300 0.0998781
2301 0.0999297
2302 0.0999907
2303 0.0999921
2304 0.100074
2305 0.100108
2306 0.0999117
2307 0.0999247
2308 0.0998999
2309 0.0999389
2310 0.0998129
2311 0.0997529
2312 0.0998133
2313 0.0998128
2314 0.0998077
2315 0.0997422
2316 0.0997217
2317 0.099741
2318 0.0997283
2319 0.0996054
2320 0.0994959
2321 0.0995024
2322 0.0995918
2323 0.0996981
2324 0.0996719
2325 0.0995371
2326 0.0995806
2327 0.0995669
2328 0.0995468
2329 0.0995812
2330 0.0995024
2331 0.0994785
2332 0.0993733
2333 0.0991965
2334 0.0992643
2335 0.0992153
2336 0.0989539
2337 0.0989361
2338 0.0989447
2339 0.0990091
2340 0.0988986
2341 0.0988462
2342 0.0988114
2343 0.0987679
2344 0.0986604
2345 0.0987333
2346 0.0987691
2347 0.0987309
2348 0.098656
2349 0.098672
2350 0.0987046
2351 0.0987708
2352 0.0987419
2353 0.0988868
2354 0.098873
2355 0.0988994
2356 0.0989826
2357 0.0989542
2358 0.0990157
2359 0.099087
2360 0.0990979
2361 0.098938
2362 0.0988926
2363 0.0989844
2364 0.0989015
2365 0.0989583
2366 0.0988711
2367 0.0987984
2368 0.0988747
2369 0.0988184
2370 0.0986789
2371 0.0987229
2372 0.098767
2373 0.0987426
2374 0.0987618
2375 0.0988061
2376 0.0986968
2377 0.0985793
2378 0.0985941
2379 0.0986495
2380 0.098646
2381 0.0987448
2382 0.0987329
2383 0.0987465
2384 0.0988492
2385 0.0988913
2386 0.0988593
2387 0.0987784
2388 0.0987849
2389 0.0988609
2390 0.0986323
2391 0.0986238
2392 0.0986469
2393 0.0987597
2394 0.0987071
2395 0.0985902
2396 0.0986266
2397 0.0986944
2398 0.0985278
2399 0.0986676
2400 0.098616
2401 0.0985447
2402 0.0986503
2403 0.0986757
2404 0.0987086
2405 0.0986866
2406 0.0986596
2407 0.0985582
2408 0.0984641
2409 0.0983661
2410 0.0983673
2411 0.09841
2412 0.0983636
2413 0.0984516
2414 0.0982239
2415 0.0982587
2416 0.0983155
2417 0.0982255
2418 0.0981431
2419 0.0981047
2420 0.0980487
2421 0.0981138
2422 0.0979775
2423 0.0980123
2424 0.0979029
2425 0.097779
2426 0.0977939
2427 0.0976195
2428 0.0976584
2429 0.0976584
2430 0.09773
2431 0.0976661
2432 0.0974086
2433 0.0973635
2434 0.0974036
2435 0.0974759
2436 0.097631
2437 0.0975654
2438 0.0975162
2439 0.0974911
2440 0.0974334
2441 0.0975417
2442 0.0974348
2443 0.0974987
2444 0.0974098
2445 0.0973988
2446 0.0975088
2447 0.0975121
2448 0.0974429
2449 0.0974007
2450 0.0973705
2451 0.0974216
2452 0.0974038
2453 0.0974337
2454 0.0973696
2455 0.0973378
2456 0.097437
2457 0.097385
2458 0.0974008
2459 0.0974101
2460 0.0972378
2461 0.0973108
2462 0.0973243
2463 0.0972451
2464 0.0973339
2465 0.0975689
2466 0.0974261
2467 0.0973712
2468 0.0974085
2469 0.0974073
2470 0.0974869
2471 0.0974631
2472 0.0972806
2473 0.0974077
2474 0.0974557
2475 0.0973473
2476 0.0974171
2477 0.0973101
2478 0.0973009
2479 0.0972247
2480 0.0973071
2481 0.0971633
2482 0.097154
2483 0.0970713
2484 0.0969658
2485 0.0969798
2486 0.0970735
2487 0.0970294
2488 0.0971318
2489 0.0971431
2490 0.0971498
2491 0.0971663
2492 0.0972042
2493 0.0973172
2494 0.0973144
2495 0.097353
2496 0.0973474
2497 0.097401
2498 0.0973968
2499 0.0972707
2500 0.0973625
2501 0.0972421
2502 0.0971866
2503 0.097145
2504 0.097149
2505 0.0971416
2506 0.0972493
2507 0.0972294
2508 0.097319
2509 0.0973439
2510 0.0972828
2511 0.0973653
2512 0.0973568
2513 0.0973828
2514 0.0974104
2515 0.0975419
2516 0.0974702
2517 0.0975022
2518 0.097572
2519 0.0976089
2520 0.0975701
2521 0.0976487
2522 0.0976189
2523 0.0976264
2524 0.0976523
2525 0.0976724
2526 0.0977302
2527 0.0976907
2528 0.0975987
2529 0.097678
2530 0.0976333
2531 0.0975538
2532 0.0975709
2533 0.0974795
2534 0.097496
2535 0.0974747
2536 0.0974026
2537 0.097625
2538 0.0975847
2539 0.0976373
2540 0.0975714
2541 0.0975534
2542 0.0975962
2543 0.0975065
2544 0.0974029
2545 0.0975034
2546 0.0973946
2547 0.0974509
2548 0.0974461
2549 0.0973
2550 0.0972628
2551 0.0973287
2552 0.0974258
2553 0.0972012
2554 0.0971947
2555 0.0971536
2556 0.0971629
2557 0.0971678
2558 0.0969658
2559 0.0971047
2560 0.0971195
2561 0.096998
2562 0.0968258
2563 0.0968727
2564 0.0968719
2565 0.0968153
2566 0.0968389
2567 0.096707
2568 0.0967491
2569 0.0966314
2570 0.0965806
2571 0.0965986
2572 0.0965871
2573 0.0964032
2574 0.0964332
2575 0.0965432
2576 0.0966136
2577 0.096504
2578 0.0964455
2579 0.0964735
2580 0.0965202
2581 0.0964822
2582 0.0964401
2583 0.0965231
2584 0.0964572
2585 0.0964882
2586 0.0964925
2587 0.096397
2588 0.0963092
2589 0.0961638
2590 0.0962535
2591 0.0962323
2592 0.0962723
2593 0.0962849
2594 0.0963268
2595 0.0962294
2596 0.096216
2597 0.0962251
2598 0.0962088
2599 0.0963074
2600 0.09623
2601 0.096197
2602 0.0961343
2603 0.0963659
2604 0.0963072
2605 0.0963365
2606 0.096305
2607 0.0963989
2608 0.096397
2609 0.0964919
2610 0.0964714
2611 0.0964893
2612 0.0963259
2613 0.0963642
2614 0.0963023
2615 0.096235
2616 0.0963182
2617 0.0961255
2618 0.0961925
2619 0.0961158
2620 0.0960491
2621 0.0961559
2622 0.0961362
2623 0.096052
2624 0.0960788
2625 0.0960696
2626 0.0960777
2627 0.0961837
2628 0.0961001
2629 0.0961866
2630 0.0961735
2631 0.0962174
2632 0.0961474
2633 0.0961736
2634 0.0962401
2635 0.0961698
2636 0.0961458
2637 0.0961141
2638 0.0961236
2639 0.0959429
2640 0.0959726
2641 0.0959278
2642 0.0958946
2643 0.0958677
2644 0.0958503
2645 0.0959689
2646 0.0961385
2647 0.0960868
2648 0.0959939
2649 0.0959777
2650 0.0958911
2651 0.0957856
2652 0.0958386
2653 0.0958797
2654 0.0960554
2655 0.0960903
2656 0.0962071
2657 0.0961894
2658 0.0962219
2659 0.0962886
2660 0.096146
2661 0.0961468
2662 0.0961524
2663 0.0960497
2664 0.095989
2665 0.0959613
2666 0.0959435
2667 0.0958663
2668 0.0958487
2669 0.0959459
2670 0.0958695
2671 0.0958713
2672 0.0958549
2673 0.0957475
2674 0.0957149
2675 0.0957438
2676 0.0957582
2677 0.0956365
2678 0.0954856
2679 0.0955924
2680 0.0956537
2681 0.0957007
2682 0.09566
2683 0.0958316
2684 0.0957438
2685 0.0956021
2686 0.0957873
2687 0.0955938
2688 0.0956416
2689 0.0957391
2690 0.0956922
2691 0.0957339
2692 0.0957177
2693 0.0958788
2694 0.0958756
2695 0.0959445
2696 0.0960809
2697 0.0961453
2698 0.0960239
2699 0.0961262
2700 0.0960725
2701 0.0961508
2702 0.0961017
2703 0.0962254
2704 0.0962396
2705 0.096191
2706 0.0961368
2707 0.0961499
2708 0.0961599
2709 0.0961196
2710 0.0960174
2711 0.096074
2712 0.0961136
2713 0.0961422
2714 0.096116
2715 0.0960394
2716 0.0960032
2717 0.0960233
2718 0.0960295
2719 0.0959976
2720 0.0959322
2721 0.0959902
2722 0.0959746
2723 0.0959315
2724 0.0958286
2725 0.0959172
2726 0.0958296
2727 0.0958424
2728 0.0958734
2729 0.0958471
2730 0.0958253
2731 0.0956114
2732 0.0957529
2733 0.0955806
2734 0.0955179
2735 0.0954142
2736 0.0954996
2737 0.0954674
2738 0.0955061
2739 0.0953759
2740 0.0954916
2741 0.095351
2742 0.0952177
2743 0.0951678
2744 0.0951601
2745 0.0952078
2746 0.0952726
2747 0.0952102
2748 0.0950487
2749 0.0951213
2750 0.0950216
2751 0.0950934
2752 0.0951006
2753 0.0952084
2754 0.0952613
2755 0.0949844
2756 0.0951685
2757 0.0950511
2758 0.095131
2759 0.0951781
2760 0.0952357
2761 0.0952471
2762 0.0951415
2763 0.09527
2764 0.0952168
2765 0.0951229
2766 0.0952375
2767 0.0952218
2768 0.0952391
2769 0.095202
2770 0.0951663
2771 0.0951751
2772 0.095139
2773 0.0951505
2774 0.0950807
2775 0.0951161
2776 0.0952109
2777 0.0953511
2778 0.0954479
2779 0.0953402
2780 0.0954057
2781 0.0953716
2782 0.0954291
2783 0.0953774
2784 0.0953692
2785 0.0954211
2786 0.0953772
2787 0.0953208
2788 0.0952362
2789 0.0952311
2790 0.0952537
2791 0.0955745
2792 0.0955636
2793 0.0955365
2794 0.0954865
2795 0.0956126
2796 0.0956233
2797 0.0956316
2798 0.0955944
2799 0.0957757
2800 0.0957172
2801 0.0957426
2802 0.0957419
2803 0.095666
2804 0.095682
2805 0.0956103
2806 0.0955498
2807 0.0954309
2808 0.0955681
2809 0.0956796
2810 0.0956532
2811 0.0956656
2812 0.0956446
2813 0.0956001
2814 0.0955643
2815 0.0954149
2816 0.0954843
2817 0.0955903
2818 0.0955243
2819 0.095585
2820 0.0955483
2821 0.0956097
2822 0.0956084
2823 0.0956505
2824 0.0955811
2825 0.0956454
2826 0.0956939
2827 0.0956843
2828 0.0957363
2829 0.0956199
2830 0.0955393
2831 0.0955589
2832 0.0954177
2833 0.0955531
2834 0.095569
2835 0.0955407
2836 0.0954627
2837 0.0955296
2838 0.0955706
2839 0.0956079
2840 0.0954841
2841 0.095539
2842 0.0953735
2843 0.095381
2844 0.0952411
2845 0.0949806
2846 0.095113
2847 0.0950958
2848 0.095086
2849 0.0950862
2850 0.0948913
2851 0.0947923
2852 0.0948077
2853 0.094687
2854 0.0947018
2855 0.0947263
2856 0.0946696
2857 0.0945709
2858 0.0946082
2859 0.0945554
2860 0.0945867
2861 0.0946382
2862 0.0945597
2863 0.0947571
2864 0.0946332
2865 0.094615
2866 0.0946133
2867 0.094567
2868 0.0945926
2869 0.0945069
2870 0.094497
2871 0.094612
2872 0.0945442
2873 0.0944627
2874 0.0943421
2875 0.0943958
2876 0.0943106
2877 0.0943466
2878 0.094227
2879 0.0943568
2880 0.0943266
2881 0.0942381
2882 0.0942512
2883 0.0941815
2884 0.0942293
2885 0.094197
2886 0.0940983
2887 0.0941266
2888 0.0942228
2889 0.0941578
2890 0.0941889
2891 0.0941142
2892 0.0942137
2893 0.094127
2894 0.0941783
2895 0.0940536
2896 0.0940635
2897 0.0940094
2898 0.0940324
2899 0.0940703
2900 0.0940455
2901 0.0941364
2902 0.0941237
2903 0.0939803
2904 0.0938005
2905 0.0938097
2906 0.0937899
2907 0.09375
2908 0.0938919
2909 0.0937287
2910 0.0936916
2911 0.0936824
2912 0.0934855
2913 0.0936222
2914 0.0937081
2915 0.0936589
2916 0.0936585
2917 0.0936499
2918 0.093648
2919 0.0936838
2920 0.0936163
2921 0.0937755
2922 0.0937961
2923 0.0938645
2924 0.0940517
2925 0.0941224
2926 0.0939534
2927 0.0939279
2928 0.0941259
2929 0.0939463
2930 0.0939478
2931 0.0938232
2932 0.0938298
2933 0.0938343
2934 0.0938482
2935 0.0937026
2936 0.0938199
2937 0.0936599
2938 0.093797
2939 0.0937402
2940 0.0936524
2941 0.0935829
2942 0.0936768
2943 0.0936623
2944 0.093572
2945 0.0936687
2946 0.0937116
2947 0.0936025
2948 0.0936468
2949 0.093676
2950 0.093615
2951 0.0934935
2952 0.0937299
2953 0.0936826
2954 0.0938202
2955 0.0937776
2956 0.0938445
2957 0.0939665
2958 0.0941118
2959 0.0940511
2960 0.0940264
2961 0.0941493
2962 0.0939287
2963 0.0939227
2964 0.0939463
2965 0.0940313
2966 0.0939181
2967 0.0938625
2968 0.0938562
2969 0.0939628
2970 0.0938267
2971 0.0935645
2972 0.0937803
2973 0.0937426
2974 0.0937035
2975 0.0936714
2976 0.0937161
2977 0.0935553
2978 0.0936908
2979 0.0936661
2980 0.0936822
2981 0.0937876
2982 0.0937781
2983 0.09383
2984 0.0938256
2985 0.0937865
2986 0.0938155
2987 0.0939261
2988 0.0939495
2989 0.0939589
2990 0.094054
2991 0.0938132
2992 0.0938978
2993 0.0938598
2994 0.093739
2995 0.0936717
2996 0.0935761
2997 0.0934336
2998 0.0934604
2999 0.0932718
3000 0.0933302
3001 0.0932869
3002 0.093294
3003 0.0932848
3004 0.0932068
3005 0.0933367
3006 0.0932403
3007 0.0933345
3008 0.0931903
3009 0.0932832
3010 0.0932803
3011 0.093352
3012 0.093191
3013 0.0932418
3014 0.0931892
3015 0.0931996
3016 0.0932589
3017 0.0932298
3018 0.0931595
3019 0.0930827
3020 0.0930833
3021 0.0930364
3022 0.0930784
3023 0.0931266
3024 0.0930798
3025 0.093148
3026 0.0932616
3027 0.0932629
3028 0.0931988
3029 0.0931796
3030 0.0931885
3031 0.0931897
3032 0.0932539
3033 0.0930943
3034 0.0930163
3035 0.0930885
3036 0.0931734
3037 0.0932109
3038 0.0931582
3039 0.0932277
3040 0.0931848
3041 0.0932015
3042 0.0932848
3043 0.0931714
3044 0.0933543
3045 0.0933656
3046 0.0934634
3047 0.0934041
3048 0.0934446
3049 0.0934476
3050 0.0934949
3051 0.0935701
3052 0.0935441
3053 0.0936432
3054 0.0935729
3055 0.0936637
3056 0.0935607
3057 0.0934165
3058 0.0933354
3059 0.0932001
3060 0.0933239
3061 0.0932312
3062 0.0931482
3063 0.0931579
3064 0.0931109
3065 0.0930536
3066 0.0929193
3067 0.0928639
3068 0.0927175
3069 0.092678
3070 0.0928324
3071 0.0930098
3072 0.0929688
3073 0.0929524
3074 0.0930136
3075 0.092927
3076 0.0930834
3077 0.0930269
3078 0.092977
3079 0.0930891
3080 0.0930568
3081 0.0930114
3082 0.092935
3083 0.093029
3084 0.09316
3085 0.0930643
3086 0.0931329
3087 0.0931019
3088 0.0930293
3089 0.0929739
3090 0.0930037
3091 0.0929861
3092 0.0929879
3093 0.092839
3094 0.0929055
3095 0.0928984
3096 0.092831
3097 0.0929418
3098 0.0929056
3099 0.0930018
3100 0.0929604
3101 0.0928055
3102 0.0929287
3103 0.0930116
3104 0.0929515
3105 0.0930585
3106 0.0932775
3107 0.0931502
3108 0.0930616
3109 0.0930814
3110 0.0931198
3111 0.0931756
3112 0.0930739
3113 0.092989
3114 0.0927243
3115 0.0927408
3116 0.0926605
3117 0.0926449
3118 0.0926438
3119 0.0926386
3120 0.0925636
3121 0.0927031
3122 0.0927164
3123 0.092705
3124 0.0927287
3125 0.0928019
3126 0.092778
3127 0.0927042
3128 0.0926759
3129 0.0926043
3130 0.0927786
3131 0.0927829
3132 0.0927895
3133 0.0927462
3134 0.0926469
3135 0.092815
3136 0.0928473
3137 0.092814
3138 0.0929495
3139 0.0928804
3140 0.0929459
3141 0.0926915
3142 0.0928274
3143 0.092979
3144 0.0929057
3145 0.0929127
3146 0.0929612
3147 0.0929825
3148 0.092909
3149 0.0929214
3150 0.0928806
3151 0.092822
3152 0.092888
3153 0.0929386
3154 0.0929862
3155 0.0929113
3156 0.0929815
3157 0.0929505
3158 0.0929283
3159 0.0928155
3160 0.0927649
3161 0.0925716
3162 0.0925233
3163 0.0926569
3164 0.0927033
3165 0.0925617
3166 0.092618
3167 0.0924562
3168 0.0925677
3169 0.0926585
3170 0.0925995
3171 0.0925303
3172 0.0924435
3173 0.0924486
3174 0.0923491
3175 0.0924909
3176 0.0923419
3177 0.0923098
3178 0.0921682
3179 0.0921704
3180 0.0921675
3181 0.0920939
3182 0.092026
3183 0.0919937
3184 0.0920646
3185 0.092122
3186 0.0919566
3187 0.0921172
3188 0.0920317
3189 0.0919561
3190 0.0919656
3191 0.0920348
3192 0.0919496
3193 0.0918775
3194 0.0920117
3195 0.0919978
3196 0.0920399
3197 0.0920216
3198 0.092088
3199 0.0920503
3200 0.0921258
3201 0.0920441
3202 0.0920656
3203 0.0920464
3204 0.0918303
3205 0.0919175
3206 0.0916307
3207 0.0917154
3208 0.0916894
3209 0.091754
3210 0.0917627
3211 0.0917092
3212 0.091678
3213 0.091643
3214 0.0913883
3215 0.0914255
3216 0.0914471
3217 0.0915275
3218 0.0914898
3219 0.0914505
3220 0.091437
3221 0.091441
3222 0.0914584
3223 0.0913446
3224 0.0913556
3225 0.0912454
3226 0.0913393
3227 0.091449
3228 0.0914871
3229 0.0912824
3230 0.091147
3231 0.090962
3232 0.0909572
3233 0.0908944
3234 0.0908824
3235 0.0908309
3236 0.090925
3237 0.0907974
3238 0.0909531
3239 0.0907918
3240 0.09082
3241 0.0907506
3242 0.0908664
3243 0.0909323
3244 0.0908355
3245 0.0908055
3246 0.0908716
3247 0.090737
3248 0.0906688
3249 0.0905899
3250 0.0905603
3251 0.0906198
3252 0.0905214
3253 0.0907948
3254 0.0907425
3255 0.0907653
3256 0.0907267
3257 0.0907769
3258 0.0907014
3259 0.0907065
3260 0.0907301
3261 0.0908397
3262 0.0906448
3263 0.0906285
3264 0.0907097
3265 0.0907463
3266 0.0909539
3267 0.0907207
3268 0.0909389
3269 0.0908468
3270 0.0909386
3271 0.0909275
3272 0.0910669
3273 0.0912079
3274 0.0911228
3275 0.0911457
3276 0.0912184
3277 0.0912205
3278 0.0911729
3279 0.0911951
3280 0.0909753
3281 0.0910969
3282 0.0911961
3283 0.0911744
3284 0.0912022
3285 0.0912454
3286 0.0911304
3287 0.0911047
3288 0.0910691
3289 0.0910399
3290 0.0911257
3291 0.0910378
3292 0.0910281
3293 0.091038
3294 0.091036
3295 0.0911527
3296 0.0911247
3297 0.0911093
3298 0.09109
3299 0.091129
3300 0.091153
3301 0.0910149
3302 0.0909372
3303 0.0908654
3304 0.0905858
3305 0.0904039
3306 0.0903835
3307 0.0902724
3308 0.0901184
3309 0.09016
3310 0.0903953
3311 0.0903174
3312 0.0903341
3313 0.0901995
3314 0.0902988
3315 0.0903789
3316 0.0902517
3317 0.0902627
3318 0.0902376
3319 0.0902371
3320 0.0901769
3321 0.0900424
3322 0.0902185
3323 0.0902048
3324 0.0899774
3325 0.0899575
3326 0.0899626
3327 0.0899087
3328 0.0899941
3329 0.0898719
3330 0.0899869
3331 0.0900437
3332 0.0900598
3333 0.0900125
3334 0.0899283
3335 0.0900491
3336 0.0900304
3337 0.0900333
3338 0.0899616
3339 0.0899796
3340 0.0901718
3341 0.0898653
3342 0.0898508
3343 0.0897706
3344 0.0897377
3345 0.0897042
3346 0.0896015
3347 0.0896977
3348 0.0896812
3349 0.0897204
3350 0.0896916
3351 0.0897669
3352 0.0897253
3353 0.0897018
3354 0.0897055
3355 0.0896707
3356 0.0895723
3357 0.0896019
3358 0.0896505
3359 0.0896348
3360 0.0896241
3361 0.0896191
3362 0.0896336
3363 0.0896741
3364 0.0895445
3365 0.0896019
3366 0.0894827
3367 0.0894234
3368 0.0894896
3369 0.0893879
3370 0.0892419
3371 0.0893221
3372 0.089276
3373 0.0893235
3374 0.0892424
3375 0.0892523
3376 0.0892522
3377 0.0892386
3378 0.0892195
3379 0.089111
3380 0.0892966
3381 0.0892767
3382 0.0891608
3383 0.0891801
3384 0.0892425
3385 0.0890952
3386 0.0892898
3387 0.0892698
3388 0.0893756
3389 0.0893469
3390 0.0892001
3391 0.0892093
3392 0.089295
3393 0.0892546
3394 0.0893536
3395 0.0894533
3396 0.0891817
3397 0.0892363
3398 0.089276
3399 0.0892543
3400 0.089307
3401 0.0894642
3402 0.0893429
3403 0.0893828
3404 0.0894953
3405 0.0892282
3406 0.0892632
3407 0.0894079
3408 0.0891774
3409 0.0891581
3410 0.0891551
3411 0.0891537
3412 0.089009
3413 0.0888597
3414 0.089
3415 0.0890003
3416 0.0889549
3417 0.0889585
3418 0.0889612
3419 0.0890729
3420 0.0889627
3421 0.088896
3422 0.0887334
3423 0.088707
3424 0.0887231
3425 0.0887923
3426 0.0887298
3427 0.0886303
3428 0.0886267
3429 0.0887362
3430 0.0886387
3431 0.0889282
3432 0.0887728
3433 0.0887712
3434 0.0887874
3435 0.0887716
3436 0.0887924
3437 0.0889552
3438 0.0888611
3439 0.0887256
3440 0.0889871
3441 0.0889695
3442 0.0889435
3443 0.0889136
3444 0.0887936
3445 0.0887735
3446 0.0888685
3447 0.0887977
3448 0.0887587
3449 0.08872
3450 0.088753
3451 0.0888296
3452 0.0888766
3453 0.088809
3454 0.0888688
3455 0.0887962
3456 0.0888393
3457 0.0887499
3458 0.0887726
3459 0.0888329
3460 0.0887533
3461 0.0886568
3462 0.0887365
3463 0.0886343
3464 0.0886447
3465 0.0886032
3466 0.0887426
3467 0.0886582
3468 0.0887032
3469 0.0886163
3470 0.0885689
3471 0.0885732
3472 0.0884076
3473 0.0885985
3474 0.0886824
3475 0.0886183
3476 0.0885966
3477 0.0888376
3478 0.0886704
3479 0.0885609
3480 0.0885686
3481 0.0885621
3482 0.0885683
3483 0.088536
3484 0.0884987
3485 0.0887234
3486 0.088624
3487 0.0886756
3488 0.0886724
3489 0.0885261
3490 0.0885182
3491 0.0883559
3492 0.0882293
3493 0.0883157
3494 0.0883516
3495 0.0883737
