#Coor		Free	+/-		Prob		+/-
-19.833333	0.177290	0.047589	0.037553	0.003047
-19.500000	0.309949	0.047885	0.030061	0.002450
-19.166667	0.325002	0.043370	0.029312	0.002169
-18.833333	0.286587	0.043214	0.031262	0.002289
-18.500000	0.177231	0.039555	0.037557	0.002478
-18.166667	0.100886	0.037558	0.042688	0.002676
-17.833333	0.050736	0.036055	0.046434	0.002797
-17.500000	0.000000	0.035458	0.050559	0.002980
-17.166667	0.005916	0.033673	0.050060	0.002791
-16.833333	0.113090	0.031307	0.041823	0.002166
-16.500000	0.183713	0.032151	0.037151	0.001963
-16.166667	0.272448	0.033020	0.032013	0.001737
-15.833333	0.358693	0.033087	0.027701	0.001512
-15.500000	0.440066	0.032369	0.024167	0.001297
-15.166667	0.463543	0.032192	0.023233	0.001237
-14.833333	0.475976	0.033345	0.022754	0.001259
-14.500000	0.473547	0.031805	0.022847	0.001213
-14.166667	0.441935	0.028446	0.024091	0.001139
-13.833333	0.466029	0.030265	0.023137	0.001167
-13.500000	0.493840	0.030691	0.022082	0.001139
-13.166667	0.529204	0.032823	0.020810	0.001152
-12.833333	0.530150	0.032989	0.020777	0.001145
-12.500000	0.509559	0.035330	0.021508	0.001290
-12.166667	0.513679	0.038625	0.021359	0.001394
-11.833333	0.523422	0.039245	0.021013	0.001387
-11.500000	0.604714	0.040650	0.018335	0.001247
-11.166667	0.714216	0.044845	0.015258	0.001147
-10.833333	0.862703	0.047966	0.011894	0.000962
-10.500000	1.018864	0.047186	0.009153	0.000723
-10.166667	1.142572	0.049401	0.007438	0.000614
-9.833333	1.203383	0.052283	0.006717	0.000584
-9.500000	1.187811	0.053823	0.006894	0.000621
-9.166667	1.107694	0.055529	0.007886	0.000739
-8.833333	1.063381	0.058163	0.008495	0.000838
-8.500000	0.977863	0.057325	0.009805	0.000944
-8.166667	0.909990	0.056800	0.010987	0.001058
-7.833333	0.876914	0.057709	0.011614	0.001145
-7.500000	0.849485	0.060196	0.012161	0.001252
-7.166667	0.856799	0.062182	0.012012	0.001264
-6.833333	0.864033	0.065047	0.011868	0.001304
-6.500000	0.938514	0.067842	0.010474	0.001193
-6.166667	1.063325	0.070618	0.008495	0.001010
-5.833333	1.275635	0.070454	0.005950	0.000708
-5.500000	1.524016	0.072371	0.003923	0.000484
-5.166667	1.644786	0.071993	0.003203	0.000395
-4.833333	1.771319	0.075586	0.002591	0.000336
-4.500000	1.858392	0.078059	0.002239	0.000300
-4.166667	1.928704	0.079897	0.001990	0.000272
-3.833333	1.800562	0.084126	0.002467	0.000356
-3.500000	1.576881	0.085851	0.003590	0.000530
-3.166667	1.332849	0.089760	0.005406	0.000847
-2.833333	1.182368	0.090695	0.006958	0.001093
-2.500000	1.171778	0.093166	0.007082	0.001142
-2.166667	1.515407	0.095012	0.003980	0.000652
-1.833333	2.244022	0.096995	0.001172	0.000195
-1.500000	3.508738	0.102937	0.000141	0.000025
-1.166667	5.557003	0.141502	0.000005	0.000001
-0.833333	7.539454	0.161925	0.000000	0.000000
-0.500000	8.266404	0.158485	0.000000	0.000000
-0.166667	8.107868	0.162001	0.000000	0.000000
0.166667	7.448309	0.161892	0.000000	0.000000
0.500000	6.331747	0.161108	0.000001	0.000000
0.833333	5.287329	0.160971	0.000007	0.000002
1.166667	4.444614	0.159776	0.000029	0.000008
1.500000	3.820297	0.160197	0.000083	0.000023
1.833333	3.446699	0.160369	0.000156	0.000043
2.166667	3.338133	0.162675	0.000187	0.000053
2.500000	3.376253	0.165280	0.000175	0.000050
2.833333	3.275894	0.165680	0.000208	0.000059
3.166667	3.024364	0.166982	0.000317	0.000091
3.500000	2.788776	0.168060	0.000470	0.000134
3.833333	2.700490	0.169259	0.000545	0.000158
4.166667	2.853473	0.168474	0.000422	0.000120
4.500000	3.121602	0.168134	0.000269	0.000077
4.833333	3.415499	0.171051	0.000164	0.000048
5.166667	3.454790	0.169036	0.000154	0.000044
5.500000	3.351842	0.170292	0.000183	0.000053
5.833333	3.175962	0.170727	0.000246	0.000072
6.166667	3.030720	0.172184	0.000313	0.000093
6.500000	2.941357	0.172760	0.000364	0.000109
6.833333	2.950891	0.174504	0.000358	0.000108
7.166667	2.970953	0.177463	0.000346	0.000107
7.500000	2.982006	0.178262	0.000340	0.000105
7.833333	3.005990	0.178123	0.000327	0.000101
8.166667	3.048625	0.176886	0.000304	0.000093
8.500000	3.167484	0.179407	0.000249	0.000078
8.833333	3.356211	0.179533	0.000181	0.000056
9.166667	3.548905	0.180543	0.000131	0.000041
9.500000	3.725563	0.179400	0.000098	0.000030
9.833333	3.837932	0.183173	0.000081	0.000026
10.166667	3.942709	0.183354	0.000068	0.000022
10.500000	3.941467	0.182733	0.000068	0.000022
10.833333	3.810597	0.185461	0.000085	0.000028
11.166667	3.616684	0.184845	0.000117	0.000039
11.500000	3.376015	0.185153	0.000176	0.000058
11.833333	3.270399	0.187062	0.000210	0.000070
12.166667	3.347297	0.190832	0.000184	0.000063
12.500000	3.676274	0.192512	0.000106	0.000037
12.833333	4.285273	0.194474	0.000038	0.000013
13.166667	5.371387	0.194191	0.000006	0.000002
13.500000	7.104054	0.210406	0.000000	0.000000
13.833333	9.166419	0.222772	0.000000	0.000000
14.166667	10.260066	0.226212	0.000000	0.000000
14.500000	10.042176	0.225192	0.000000	0.000000
14.833333	9.176189	0.228957	0.000000	0.000000
15.166667	8.075234	0.229244	0.000000	0.000000
15.500000	7.024449	0.233167	0.000000	0.000000
15.833333	6.260574	0.236596	0.000001	0.000001
16.166667	5.774174	0.240686	0.000003	0.000001
16.500000	5.531952	0.242587	0.000005	0.000002
16.833333	5.450740	0.242522	0.000005	0.000002
17.166667	5.417405	0.241758	0.000006	0.000003
17.500000	5.340736	0.242900	0.000007	0.000003
17.833333	4.999191	0.240436	0.000012	0.000005
18.166667	4.759453	0.241105	0.000017	0.000008
18.500000	4.773250	0.243843	0.000017	0.000008
18.833333	4.943655	0.246852	0.000013	0.000006
19.166667	5.286128	0.249854	0.000007	0.000003
19.500000	5.494886	0.254050	0.000005	0.000002
19.833333	5.524104	0.254186	0.000005	0.000002
#Window		Free	+/-	
#0	0.000000	0.000000
#1	-0.350561	0.007373
#2	-0.273109	0.017764
#3	-0.285049	0.025055
#4	-0.361126	0.029192
#5	-0.452689	0.031717
#6	-0.515244	0.036056
#7	-0.565697	0.040561
#8	-0.587571	0.044567
#9	-0.533428	0.047372
#10	-0.443174	0.049907
#11	-0.364097	0.053258
#12	-0.276517	0.056624
#13	-0.192539	0.059469
#14	-0.138843	0.060559
#15	-0.120802	0.062160
#16	-0.115770	0.062928
#17	-0.132995	0.062412
#18	-0.136665	0.063317
#19	-0.110756	0.065508
#20	-0.079269	0.068132
#21	-0.060854	0.070172
#22	-0.070762	0.072422
#23	-0.078911	0.075657
#24	-0.071994	0.077208
#25	-0.027840	0.077418
#26	0.066427	0.080590
#27	0.193319	0.084688
#28	0.345152	0.085225
#29	0.486980	0.085292
#30	0.581667	0.087279
#31	0.605011	0.088948
#32	0.555878	0.090304
#33	0.494597	0.091869
#34	0.428560	0.092604
#35	0.352435	0.091379
#36	0.302696	0.091073
#37	0.272516	0.092628
#38	0.262604	0.094498
#39	0.269880	0.094910
#40	0.309588	0.095679
#41	0.407135	0.097423
#42	0.569550	0.098653
#43	0.796445	0.099562
#44	0.990809	0.099776
#45	1.114170	0.100593
#46	1.222735	0.103672
#47	1.301973	0.106394
#48	1.270652	0.109789
#49	1.087752	0.111427
#50	0.851934	0.113644
#51	0.662352	0.116189
#52	0.586539	0.118263
#53	0.728656	0.119962
#54	1.184161	0.121408
#55	1.999125	0.122418
#56	3.312164	0.127060
#57	5.357093	0.163387
#58	7.206741	0.183853
#59	7.591237	0.183255
#60	7.100434	0.184904
#61	6.069008	0.183995
#62	5.014542	0.182375
#63	4.137430	0.180924
#64	3.463660	0.181362
#65	3.014176	0.182138
#66	2.799433	0.183799
#67	2.766360	0.185883
#68	2.733419	0.186954
#69	2.546420	0.188005
#70	2.304482	0.189115
#71	2.152487	0.190104
#72	2.181572	0.190201
#73	2.382059	0.189456
#74	2.660075	0.190302
#75	2.844270	0.190818
#76	2.810557	0.190289
#77	2.666907	0.191178
#78	2.508402	0.192192
#79	2.393844	0.192835
#80	2.355581	0.193766
#81	2.370309	0.196266
#82	2.385926	0.198116
#83	2.403350	0.198927
#84	2.436402	0.199010
#85	2.514573	0.199584
#86	2.663881	0.200745
#87	2.854272	0.201283
#88	3.040178	0.201165
#89	3.188570	0.202009
#90	3.297487	0.204454
#91	3.351548	0.204531
#92	3.281909	0.205980
#93	3.115251	0.207105
#94	2.893758	0.206791
#95	2.730355	0.207488
#96	2.717096	0.209825
#97	2.898856	0.212433
#98	3.315628	0.214190
#99	4.018529	0.215837
#100	5.162091	0.216844
#101	6.907400	0.231959
#102	8.899371	0.244879
#103	9.550475	0.247719
#104	8.873330	0.250361
#105	7.810391	0.250793
#106	6.752622	0.254003
#107	5.937148	0.257332
#108	5.378551	0.260886
#109	5.050324	0.263469
#110	4.899443	0.264255
#111	4.843311	0.263325
#112	4.787290	0.263091
#113	4.555289	0.261890
#114	4.276834	0.261301
#115	4.175799	0.262785
#116	4.261866	0.265315
#117	4.500097	0.268122
#118	4.790864	0.271620
#119	4.918802	0.273982
#120	5.346801	0.274272
