#Coor		Free	+/-		Prob		+/-
-19.833333	1.017374	0.078374	0.004709	0.000615
-19.500000	1.109305	0.074884	0.004036	0.000502
-19.166667	1.137140	0.071089	0.003852	0.000451
-18.833333	1.127895	0.069718	0.003912	0.000451
-18.500000	1.088239	0.071439	0.004181	0.000496
-18.166667	0.969630	0.069733	0.005101	0.000590
-17.833333	0.906288	0.068422	0.005673	0.000638
-17.500000	0.833457	0.066806	0.006411	0.000699
-17.166667	0.783181	0.064164	0.006975	0.000726
-16.833333	0.755894	0.063829	0.007301	0.000754
-16.500000	0.736797	0.061095	0.007539	0.000748
-16.166667	0.701557	0.060742	0.007998	0.000791
-15.833333	0.677366	0.060007	0.008329	0.000816
-15.500000	0.664688	0.057804	0.008508	0.000800
-15.166667	0.660169	0.056799	0.008573	0.000794
-14.833333	0.721558	0.053926	0.007734	0.000681
-14.500000	0.791139	0.049581	0.006882	0.000558
-14.166667	0.778683	0.050050	0.007027	0.000577
-13.833333	0.789184	0.047295	0.006905	0.000542
-13.500000	0.750138	0.046899	0.007372	0.000573
-13.166667	0.651325	0.046614	0.008701	0.000673
-12.833333	0.581788	0.044258	0.009778	0.000721
-12.500000	0.487334	0.042392	0.011456	0.000814
-12.166667	0.566768	0.044308	0.010027	0.000747
-11.833333	0.579783	0.044185	0.009811	0.000733
-11.500000	0.701467	0.042175	0.007999	0.000570
-11.166667	0.787109	0.044052	0.006929	0.000520
-10.833333	0.848823	0.042555	0.006247	0.000446
-10.500000	0.921060	0.043525	0.005535	0.000411
-10.166667	0.966053	0.040714	0.005132	0.000357
-9.833333	0.929482	0.043829	0.005457	0.000405
-9.500000	0.833104	0.040860	0.006414	0.000444
-9.166667	0.764481	0.040860	0.007197	0.000499
-8.833333	0.742139	0.038517	0.007472	0.000493
-8.500000	0.689679	0.037882	0.008159	0.000524
-8.166667	0.637163	0.037026	0.008910	0.000557
-7.833333	0.659970	0.036801	0.008576	0.000535
-7.500000	0.611155	0.038356	0.009308	0.000605
-7.166667	0.599511	0.038409	0.009491	0.000614
-6.833333	0.553441	0.038493	0.010254	0.000668
-6.500000	0.524488	0.040717	0.010764	0.000735
-6.166667	0.488294	0.045079	0.011438	0.000861
-5.833333	0.479661	0.046096	0.011605	0.000903
-5.500000	0.614054	0.045566	0.009263	0.000707
-5.166667	0.713667	0.047017	0.007837	0.000617
-4.833333	0.871585	0.046010	0.006013	0.000465
-4.500000	0.932252	0.047551	0.005432	0.000437
-4.166667	0.904116	0.049848	0.005694	0.000481
-3.833333	0.852046	0.050748	0.006214	0.000540
-3.500000	0.745279	0.051141	0.007432	0.000654
-3.166667	0.659980	0.051664	0.008576	0.000754
-2.833333	0.785913	0.049880	0.006943	0.000582
-2.500000	0.842184	0.048835	0.006317	0.000522
-2.166667	0.761417	0.051951	0.007234	0.000639
-1.833333	0.473567	0.048852	0.011724	0.000987
-1.500000	0.218769	0.051039	0.017976	0.001582
-1.166667	0.000000	0.051917	0.025945	0.002299
-0.833333	0.090697	0.051470	0.022284	0.001970
-0.500000	0.330609	0.054360	0.014901	0.001398
-0.166667	0.571383	0.053759	0.009950	0.000925
0.166667	0.813068	0.049295	0.006634	0.000560
0.500000	0.967993	0.050065	0.005116	0.000437
0.833333	0.636966	0.049379	0.008913	0.000745
1.166667	0.275885	0.048934	0.016334	0.001344
1.500000	0.080919	0.045428	0.022652	0.001720
1.833333	0.124485	0.042830	0.021056	0.001516
2.166667	0.299780	0.042324	0.015692	0.001122
2.500000	0.510709	0.042790	0.011016	0.000791
2.833333	0.648950	0.041138	0.008736	0.000605
3.166667	0.884417	0.041781	0.005885	0.000411
3.500000	1.021571	0.044066	0.004676	0.000341
3.833333	1.117783	0.045304	0.003979	0.000298
4.166667	1.115534	0.045538	0.003994	0.000304
4.500000	1.052155	0.046063	0.004442	0.000341
4.833333	1.043631	0.045234	0.004506	0.000339
5.166667	0.982561	0.043647	0.004992	0.000366
5.500000	0.882656	0.043469	0.005903	0.000426
5.833333	0.814336	0.044297	0.006620	0.000483
6.166667	0.794666	0.045012	0.006842	0.000504
6.500000	0.837429	0.044218	0.006368	0.000461
6.833333	0.900223	0.044406	0.005731	0.000422
7.166667	0.946766	0.043200	0.005301	0.000385
7.500000	0.906968	0.045158	0.005667	0.000429
7.833333	0.849981	0.044952	0.006235	0.000470
8.166667	0.801588	0.042914	0.006763	0.000483
8.500000	0.764643	0.043802	0.007195	0.000525
8.833333	0.757257	0.044348	0.007285	0.000540
9.166667	0.827659	0.043996	0.006473	0.000478
9.500000	0.934976	0.044351	0.005407	0.000405
9.833333	1.049534	0.045275	0.004462	0.000341
10.166667	1.065569	0.043318	0.004343	0.000319
10.500000	0.968440	0.042392	0.005112	0.000370
10.833333	0.859833	0.042333	0.006133	0.000446
11.166667	0.758951	0.042223	0.007264	0.000518
11.500000	0.647991	0.041644	0.008750	0.000618
11.833333	0.669444	0.045283	0.008441	0.000645
12.166667	0.762177	0.046175	0.007225	0.000561
12.500000	0.670569	0.043889	0.008425	0.000622
12.833333	0.443491	0.043592	0.012331	0.000903
13.166667	0.293730	0.044432	0.015852	0.001183
13.500000	0.227182	0.043100	0.017724	0.001279
13.833333	0.305778	0.043386	0.015535	0.001136
14.166667	0.510721	0.043593	0.011016	0.000809
14.500000	0.757217	0.045386	0.007285	0.000561
14.833333	0.989431	0.048760	0.004935	0.000410
15.166667	1.014826	0.050855	0.004729	0.000407
15.500000	0.771959	0.052309	0.007107	0.000626
15.833333	0.420142	0.051895	0.012823	0.001127
16.166667	0.193313	0.051311	0.018760	0.001615
16.500000	0.171835	0.050548	0.019448	0.001643
16.833333	0.285653	0.050985	0.016068	0.001374
17.166667	0.552796	0.054303	0.010265	0.000931
17.500000	0.801536	0.056994	0.006763	0.000643
17.833333	0.993661	0.057734	0.004900	0.000468
18.166667	1.085724	0.058043	0.004199	0.000400
18.500000	1.218313	0.060694	0.003362	0.000339
18.833333	1.318742	0.064646	0.002840	0.000302
19.166667	1.388129	0.066505	0.002528	0.000280
19.500000	1.415143	0.067783	0.002416	0.000276
19.833333	1.259546	0.068852	0.003137	0.000362
#Window		Free	+/-	
#0	0.000000	0.000000
#1	-0.369010	0.008014
#2	-0.307554	0.019065
#3	-0.298113	0.025408
#4	-0.322878	0.031687
#5	-0.404622	0.037636
#6	-0.493491	0.041536
#7	-0.561848	0.043556
#8	-0.622819	0.045490
#9	-0.661227	0.047465
#10	-0.684341	0.049950
#11	-0.711693	0.054171
#12	-0.741270	0.058345
#13	-0.759615	0.061398
#14	-0.768182	0.063567
#15	-0.740533	0.063291
#16	-0.675279	0.062255
#17	-0.645734	0.063953
#18	-0.646701	0.067066
#19	-0.661274	0.069531
#20	-0.731925	0.071931
#21	-0.815067	0.073421
#22	-0.897911	0.074401
#23	-0.904876	0.077635
#24	-0.857369	0.081308
#25	-0.793082	0.082626
#26	-0.687862	0.085126
#27	-0.613443	0.087977
#28	-0.546763	0.090013
#29	-0.487483	0.092164
#30	-0.483129	0.093257
#31	-0.551264	0.093529
#32	-0.632801	0.094288
#33	-0.677404	0.094297
#34	-0.715279	0.094553
#35	-0.767763	0.094929
#36	-0.782152	0.093980
#37	-0.795548	0.095004
#38	-0.825305	0.096347
#39	-0.854579	0.097400
#40	-0.891821	0.098633
#41	-0.924492	0.101221
#42	-0.946641	0.103807
#43	-0.887527	0.104909
#44	-0.768829	0.105555
#45	-0.643201	0.104985
#46	-0.529472	0.104798
#47	-0.512597	0.106074
#48	-0.553101	0.107453
#49	-0.634337	0.109261
#50	-0.729495	0.111553
#51	-0.710976	0.111780
#52	-0.617235	0.109624
#53	-0.630196	0.110530
#54	-0.830340	0.111182
#55	-1.097958	0.111333
#56	-1.331192	0.112967
#57	-1.386967	0.113579
#58	-1.231943	0.113840
#59	-0.991696	0.114658
#60	-0.750560	0.111985
#61	-0.545130	0.107809
#62	-0.650851	0.105992
#63	-1.001119	0.104132
#64	-1.260130	0.102046
#65	-1.328291	0.100700
#66	-1.224893	0.099659
#67	-1.034652	0.099338
#68	-0.854783	0.098839
#69	-0.675480	0.097466
#70	-0.481562	0.097687
#71	-0.362879	0.097762
#72	-0.313960	0.096703
#73	-0.347607	0.095184
#74	-0.382732	0.094042
#75	-0.418300	0.092134
#76	-0.500092	0.090682
#77	-0.583089	0.090373
#78	-0.626185	0.091461
#79	-0.614942	0.091370
#80	-0.562610	0.089337
#81	-0.507574	0.088461
#82	-0.504080	0.088050
#83	-0.552817	0.087971
#84	-0.605315	0.086412
#85	-0.647778	0.085904
#86	-0.669666	0.087160
#87	-0.639186	0.087004
#88	-0.551703	0.085808
#89	-0.441107	0.085330
#90	-0.373122	0.084695
#91	-0.415587	0.084107
#92	-0.518944	0.085207
#93	-0.623351	0.085179
#94	-0.729712	0.082991
#95	-0.771980	0.081436
#96	-0.716606	0.082549
#97	-0.716012	0.083843
#98	-0.884333	0.083894
#99	-1.066686	0.084593
#100	-1.171073	0.083897
#101	-1.165413	0.082135
#102	-1.031121	0.082254
#103	-0.809297	0.083886
#104	-0.568537	0.086595
#105	-0.428642	0.088568
#106	-0.549526	0.090843
#107	-0.860153	0.092490
#108	-1.134597	0.093097
#109	-1.248120	0.091953
#110	-1.204568	0.089174
#111	-1.026225	0.087959
#112	-0.766336	0.089630
#113	-0.540730	0.091854
#114	-0.392699	0.094774
#115	-0.282271	0.097206
#116	-0.164199	0.098577
#117	-0.078187	0.099881
#118	-0.029138	0.101796
#119	-0.098298	0.102845
#120	0.242176	0.103017
