#Coor		Free	+/-		Prob		+/-
-19.833333	0.335094	0.065056	0.024578	0.002675
-19.500000	0.352960	0.064286	0.023852	0.002525
-19.166667	0.347530	0.066064	0.024070	0.002596
-18.833333	0.300978	0.065593	0.026025	0.002790
-18.500000	0.301074	0.061023	0.026021	0.002587
-18.166667	0.348773	0.059938	0.024020	0.002364
-17.833333	0.362025	0.057127	0.023492	0.002217
-17.500000	0.340378	0.053246	0.024361	0.002137
-17.166667	0.356784	0.050542	0.023699	0.001971
-16.833333	0.381673	0.047158	0.022730	0.001769
-16.500000	0.410757	0.049336	0.021648	0.001772
-16.166667	0.455484	0.049216	0.020083	0.001635
-15.833333	0.567646	0.047213	0.016639	0.001300
-15.500000	0.660008	0.045419	0.014251	0.001064
-15.166667	0.779201	0.042450	0.011668	0.000821
-14.833333	0.840276	0.040893	0.010532	0.000722
-14.500000	0.863094	0.041927	0.010137	0.000706
-14.166667	0.822420	0.041054	0.010852	0.000741
-13.833333	0.686699	0.038095	0.013627	0.000859
-13.500000	0.591803	0.037870	0.015978	0.001005
-13.166667	0.542295	0.033130	0.017362	0.000958
-12.833333	0.376264	0.031163	0.022938	0.001202
-12.500000	0.315582	0.034307	0.025395	0.001476
-12.166667	0.268166	0.034227	0.027498	0.001581
-11.833333	0.244984	0.035759	0.028588	0.001715
-11.500000	0.298980	0.037211	0.026112	0.001645
-11.166667	0.371988	0.037224	0.023103	0.001455
-10.833333	0.527219	0.036940	0.017807	0.001109
-10.500000	0.631688	0.035945	0.014944	0.000904
-10.166667	0.745248	0.034301	0.012352	0.000713
-9.833333	0.708678	0.033504	0.013134	0.000740
-9.500000	0.637664	0.036678	0.014795	0.000912
-9.166667	0.539272	0.035657	0.017450	0.001050
-8.833333	0.392616	0.037596	0.022317	0.001413
-8.500000	0.270998	0.038527	0.027367	0.001774
-8.166667	0.149297	0.041538	0.033565	0.002347
-7.833333	0.032802	0.043369	0.040809	0.002984
-7.500000	0.000000	0.046165	0.043117	0.003352
-7.166667	0.093641	0.048606	0.036850	0.003031
-6.833333	0.213602	0.049585	0.030133	0.002535
-6.500000	0.435226	0.053479	0.020778	0.001870
-6.166667	0.714593	0.055058	0.013004	0.001213
-5.833333	0.767696	0.056108	0.011896	0.001117
-5.500000	0.859542	0.055834	0.010197	0.000965
-5.166667	0.933108	0.056642	0.009014	0.000867
-4.833333	1.025793	0.065065	0.007716	0.000853
-4.500000	1.030524	0.068648	0.007655	0.000888
-4.166667	0.918552	0.073992	0.009236	0.001156
-3.833333	0.818510	0.077050	0.010924	0.001416
-3.500000	0.999345	0.077697	0.008066	0.001047
-3.166667	1.348498	0.079282	0.004490	0.000589
-2.833333	1.827981	0.081493	0.002009	0.000271
-2.500000	2.492582	0.083539	0.000659	0.000091
-2.166667	2.950273	0.083803	0.000306	0.000042
-1.833333	3.512074	0.086126	0.000119	0.000017
-1.500000	4.392084	0.089664	0.000027	0.000004
-1.166667	5.664234	0.100905	0.000003	0.000001
-0.833333	8.921967	0.179069	0.000000	0.000000
-0.500000	13.448239	0.186137	0.000000	0.000000
-0.166667	18.374135	0.187692	0.000000	0.000000
0.166667	21.892800	0.235355	0.000000	0.000000
0.500000	21.068209	0.232311	0.000000	0.000000
0.833333	18.822104	0.266642	0.000000	0.000000
1.166667	17.935461	0.265377	0.000000	0.000000
1.500000	17.443216	0.264256	0.000000	0.000000
1.833333	16.741555	0.267016	0.000000	0.000000
2.166667	16.055695	0.267580	0.000000	0.000000
2.500000	15.769146	0.267072	0.000000	0.000000
2.833333	15.772558	0.270846	0.000000	0.000000
3.166667	15.928912	0.270943	0.000000	0.000000
3.500000	16.301540	0.270105	0.000000	0.000000
3.833333	16.677406	0.268675	0.000000	0.000000
4.166667	16.765497	0.267730	0.000000	0.000000
4.500000	16.689417	0.268164	0.000000	0.000000
4.833333	16.680279	0.266029	0.000000	0.000000
5.166667	16.653542	0.264631	0.000000	0.000000
5.500000	16.635463	0.266593	0.000000	0.000000
5.833333	16.562074	0.267453	0.000000	0.000000
6.166667	16.349808	0.267455	0.000000	0.000000
6.500000	16.113935	0.269483	0.000000	0.000000
6.833333	15.870177	0.270509	0.000000	0.000000
7.166667	15.722002	0.270134	0.000000	0.000000
7.500000	15.761055	0.269921	0.000000	0.000000
7.833333	15.842676	0.269574	0.000000	0.000000
8.166667	16.008258	0.272797	0.000000	0.000000
8.500000	16.105829	0.274627	0.000000	0.000000
8.833333	16.227511	0.275401	0.000000	0.000000
9.166667	16.435816	0.274757	0.000000	0.000000
9.500000	16.543224	0.278981	0.000000	0.000000
9.833333	16.569400	0.277483	0.000000	0.000000
10.166667	16.535583	0.280558	0.000000	0.000000
10.500000	16.483709	0.282107	0.000000	0.000000
10.833333	16.462929	0.282311	0.000000	0.000000
11.166667	16.486053	0.283775	0.000000	0.000000
11.500000	16.735921	0.285935	0.000000	0.000000
11.833333	17.206914	0.287609	0.000000	0.000000
12.166667	17.776658	0.286012	0.000000	0.000000
12.500000	18.109118	0.283960	0.000000	0.000000
12.833333	18.657168	0.287054	0.000000	0.000000
13.166667	19.495534	0.284068	0.000000	0.000000
13.500000	20.773067	0.285233	0.000000	0.000000
13.833333	22.668233	0.290184	0.000000	0.000000
14.166667	26.676919	0.291020	0.000000	0.000000
14.500000	31.269017	0.292538	0.000000	0.000000
14.833333	36.252357	0.293817	0.000000	0.000000
15.166667	40.435279	0.312499	0.000000	0.000000
15.500000	39.647381	0.311961	0.000000	0.000000
15.833333	38.886903	0.313247	0.000000	0.000000
16.166667	38.354484	0.315564	0.000000	0.000000
16.500000	37.746671	0.315558	0.000000	0.000000
16.833333	37.166159	0.316292	0.000000	0.000000
17.166667	36.939015	0.318846	0.000000	0.000000
17.500000	36.893346	0.320658	0.000000	0.000000
17.833333	37.108460	0.319567	0.000000	0.000000
18.166667	37.420265	0.322566	0.000000	0.000000
18.500000	37.710878	0.322726	0.000000	0.000000
18.833333	37.800708	0.323733	0.000000	0.000000
19.166667	37.693795	0.322871	0.000000	0.000000
19.500000	37.558118	0.324745	0.000000	0.000000
19.833333	37.440137	0.326534	0.000000	0.000000
#Window		Free	+/-	
#0	0.000000	0.000000
#1	-0.404336	0.008265
#2	-0.398087	0.016391
#3	-0.424523	0.021634
#4	-0.447293	0.025501
#5	-0.423876	0.027811
#6	-0.392964	0.030863
#7	-0.397220	0.035127
#8	-0.399796	0.039324
#9	-0.379224	0.044737
#10	-0.352284	0.050508
#11	-0.315619	0.055801
#12	-0.239391	0.059420
#13	-0.136285	0.058857
#14	-0.031695	0.059179
#15	0.060628	0.060925
#16	0.103248	0.062068
#17	0.094079	0.063394
#18	0.002379	0.065562
#19	-0.110956	0.067393
#20	-0.181793	0.068558
#21	-0.294806	0.070204
#22	-0.403168	0.073319
#23	-0.456919	0.076863
#24	-0.491856	0.080540
#25	-0.476948	0.083782
#26	-0.413953	0.085560
#27	-0.303758	0.086807
#28	-0.171159	0.087860
#29	-0.062562	0.087655
#30	-0.021649	0.087677
#31	-0.076213	0.090408
#32	-0.161888	0.092599
#33	-0.286880	0.093436
#34	-0.419613	0.094853
#35	-0.541278	0.096904
#36	-0.660112	0.099302
#37	-0.732139	0.101855
#38	-0.703333	0.104163
#39	-0.597712	0.105513
#40	-0.434148	0.107048
#41	-0.189643	0.109412
#42	-0.007783	0.110491
#43	0.063529	0.111221
#44	0.146867	0.111237
#45	0.229324	0.114414
#46	0.279821	0.119051
#47	0.223585	0.122101
#48	0.118124	0.125782
#49	0.153789	0.127809
#50	0.400393	0.128131
#51	0.792939	0.128614
#52	1.323736	0.130273
#53	1.930156	0.131466
#54	2.418953	0.131249
#55	3.054222	0.133029
#56	3.990136	0.136159
#57	5.326223	0.144661
#58	8.574131	0.205851
#59	13.015454	0.212509
#60	17.859954	0.213950
#61	20.594018	0.247834
#62	18.473212	0.280654
#63	17.478851	0.281402
#64	16.891520	0.280923
#65	16.246212	0.282775
#66	15.556657	0.284095
#67	15.147058	0.283916
#68	15.022543	0.285262
#69	15.097311	0.286902
#70	15.338250	0.286724
#71	15.711979	0.285963
#72	15.971475	0.284637
#73	15.977917	0.284572
#74	15.936509	0.283809
#75	15.918437	0.282010
#76	15.896109	0.282127
#77	15.849306	0.283256
#78	15.698208	0.283549
#79	15.471949	0.284620
#80	15.231358	0.285840
#81	15.043185	0.286070
#82	14.992895	0.286156
#83	15.052151	0.286225
#84	15.171413	0.287617
#85	15.306722	0.290469
#86	15.415249	0.291896
#87	15.574285	0.291988
#88	15.738770	0.293506
#89	15.807838	0.294999
#90	15.803925	0.295595
#91	15.760759	0.297630
#92	15.724908	0.298351
#93	15.726066	0.299367
#94	15.849678	0.301358
#95	16.177734	0.303414
#96	16.677803	0.304188
#97	17.171641	0.301572
#98	17.573925	0.300662
#99	18.191350	0.302346
#100	19.094167	0.300029
#101	20.413272	0.301366
#102	22.331193	0.306168
#103	26.298696	0.307302
#104	30.825825	0.308472
#105	35.723636	0.309334
#106	39.158824	0.328118
#107	38.404934	0.329486
#108	37.814754	0.331732
#109	37.227876	0.333004
#110	36.640051	0.333807
#111	36.293522	0.335522
#112	36.167437	0.337412
#113	36.242941	0.337818
#114	36.495876	0.338477
#115	36.799693	0.340297
#116	37.005756	0.340616
#117	36.996523	0.340848
#118	36.873779	0.341600
#119	36.747925	0.343508
#120	37.105051	0.344413
