# rotation correlation for "bonds: name(#1) Ow and name(#2) Hw" in LiCl-15M/0-GPa/bulk.nc
# step value
0 1
1 0.784837
2 0.747884
3 0.717726
4 0.697743
5 0.682357
6 0.669512
7 0.658101
8 0.647448
9 0.637521
10 0.628232
11 0.619471
12 0.611314
13 0.603496
14 0.596154
15 0.589013
16 0.582365
17 0.57593
18 0.569722
19 0.56382
20 0.558024
21 0.552451
22 0.546927
23 0.541582
24 0.536559
25 0.531464
26 0.526705
27 0.521983
28 0.517292
29 0.512811
30 0.508426
31 0.504127
32 0.49981
33 0.495687
34 0.491612
35 0.487633
36 0.483793
37 0.480096
38 0.47636
39 0.472599
40 0.469138
41 0.465548
42 0.462104
43 0.458746
44 0.455346
45 0.452034
46 0.448686
47 0.445559
48 0.442337
49 0.439308
50 0.436357
51 0.433336
52 0.430349
53 0.427454
54 0.424605
55 0.421797
56 0.418963
57 0.416235
58 0.413503
59 0.410759
60 0.408107
61 0.40561
62 0.402998
63 0.40045
64 0.39798
65 0.395412
66 0.392972
67 0.390533
68 0.388042
69 0.385678
70 0.383298
71 0.380939
72 0.37859
73 0.376359
74 0.374117
75 0.371886
76 0.36969
77 0.367409
78 0.36517
79 0.363051
80 0.360822
81 0.35869
82 0.356592
83 0.35448
84 0.352546
85 0.350596
86 0.348515
87 0.346483
88 0.34457
89 0.342664
90 0.340752
91 0.338938
92 0.337001
93 0.335062
94 0.333232
95 0.331445
96 0.329666
97 0.327824
98 0.326068
99 0.324362
100 0.322596
101 0.320956
102 0.319215
103 0.317466
104 0.315801
105 0.314057
106 0.312486
107 0.310905
108 0.309293
109 0.30779
110 0.306238
111 0.304674
112 0.303042
113 0.301376
114 0.299966
115 0.298474
116 0.296892
117 0.295459
118 0.294088
119 0.292652
120 0.291218
121 0.289756
122 0.288382
123 0.28687
124 0.285464
125 0.284078
126 0.28274
127 0.281407
128 0.279917
129 0.278668
130 0.277291
131 0.275989
132 0.274653
133 0.273402
134 0.271997
135 0.270829
136 0.269455
137 0.26823
138 0.267057
139 0.265784
140 0.264648
141 0.263357
142 0.262165
143 0.260992
144 0.259844
145 0.258542
146 0.257363
147 0.256242
148 0.255078
149 0.254012
150 0.252771
151 0.251615
152 0.250598
153 0.249366
154 0.248303
155 0.247137
156 0.245995
157 0.244894
158 0.243795
159 0.24268
160 0.241695
161 0.240614
162 0.239509
163 0.23853
164 0.23746
165 0.236378
166 0.235331
167 0.234328
168 0.233356
169 0.232374
170 0.231414
171 0.230428
172 0.229479
173 0.228558
174 0.227621
175 0.226629
176 0.22572
177 0.224817
178 0.223778
179 0.222811
180 0.22193
181 0.220978
182 0.220116
183 0.219196
184 0.218198
185 0.217329
186 0.216404
187 0.215594
188 0.21477
189 0.213918
190 0.213009
191 0.212199
192 0.211398
193 0.210499
194 0.209759
195 0.208861
196 0.208037
197 0.207255
198 0.206336
199 0.205551
200 0.204817
201 0.204014
202 0.203145
203 0.202363
204 0.201673
205 0.200832
206 0.200007
207 0.199211
208 0.198467
209 0.197653
210 0.196952
211 0.19607
212 0.195388
213 0.1946
214 0.193905
215 0.193135
216 0.192436
217 0.191635
218 0.190964
219 0.190168
220 0.189502
221 0.188872
222 0.188146
223 0.187402
224 0.186702
225 0.186046
226 0.185385
227 0.184849
228 0.184159
229 0.183459
230 0.182823
231 0.182125
232 0.18145
233 0.180837
234 0.180056
235 0.17938
236 0.178748
237 0.178137
238 0.177512
239 0.17682
240 0.176232
241 0.175707
242 0.175116
243 0.174493
244 0.173961
245 0.173363
246 0.17278
247 0.172221
248 0.171638
249 0.171051
250 0.17051
251 0.169831
252 0.169245
253 0.168679
254 0.168053
255 0.16746
256 0.166979
257 0.166383
258 0.165845
259 0.165203
260 0.164681
261 0.164062
262 0.163698
263 0.163247
264 0.162685
265 0.162167
266 0.161617
267 0.161017
268 0.160564
269 0.160084
270 0.159531
271 0.158934
272 0.158425
273 0.157879
274 0.157386
275 0.156872
276 0.156385
277 0.155908
278 0.155378
279 0.154829
280 0.154142
281 0.153612
282 0.153102
283 0.152548
284 0.151978
285 0.151424
286 0.150854
287 0.150361
288 0.14987
289 0.149427
290 0.14885
291 0.14838
292 0.147814
293 0.147442
294 0.146919
295 0.146425
296 0.145876
297 0.145488
298 0.144953
299 0.144593
300 0.144205
301 0.143747
302 0.143274
303 0.142739
304 0.142271
305 0.141871
306 0.141433
307 0.141028
308 0.140536
309 0.140071
310 0.139646
311 0.139187
312 0.138795
313 0.138295
314 0.137967
315 0.13758
316 0.137174
317 0.136805
318 0.13626
319 0.135894
320 0.135487
321 0.134973
322 0.134621
323 0.134207
324 0.133817
325 0.133358
326 0.132919
327 0.132508
328 0.132124
329 0.131727
330 0.131425
331 0.13109
332 0.130759
333 0.130374
334 0.129937
335 0.129576
336 0.129131
337 0.128788
338 0.12843
339 0.128133
340 0.127595
341 0.127253
342 0.126802
343 0.126378
344 0.126058
345 0.125646
346 0.125289
347 0.124914
348 0.124576
349 0.124169
350 0.123694
351 0.123304
352 0.122912
353 0.122609
354 0.122245
355 0.121956
356 0.121658
357 0.121351
358 0.120938
359 0.120537
360 0.120253
361 0.119908
362 0.119632
363 0.119251
364 0.118938
365 0.11854
366 0.118168
367 0.117813
368 0.117504
369 0.117167
370 0.116767
371 0.116416
372 0.116104
373 0.115847
374 0.115572
375 0.115252
376 0.114882
377 0.114471
378 0.114109
379 0.113835
380 0.113521
381 0.113092
382 0.112832
383 0.112447
384 0.112214
385 0.111896
386 0.111576
387 0.111268
388 0.110946
389 0.110635
390 0.110293
391 0.110045
392 0.109772
393 0.109467
394 0.109146
395 0.108799
396 0.108514
397 0.108165
398 0.107778
399 0.107491
400 0.107325
401 0.106955
402 0.106667
403 0.106334
404 0.106
405 0.105714
406 0.105382
407 0.105077
408 0.104944
409 0.104572
410 0.104293
411 0.104005
412 0.103715
413 0.103474
414 0.103207
415 0.102872
416 0.102468
417 0.102134
418 0.101877
419 0.101586
420 0.101307
421 0.10105
422 0.100735
423 0.10046
424 0.100196
425 0.0998738
426 0.0996255
427 0.0993364
428 0.0991148
429 0.098835
430 0.0985288
431 0.0983465
432 0.0979902
433 0.097788
434 0.0975269
435 0.097297
436 0.0970302
437 0.0967262
438 0.0964863
439 0.0962045
440 0.0959793
441 0.0956579
442 0.0954049
443 0.0952111
444 0.0950238
445 0.0948204
446 0.09455
447 0.0942604
448 0.0939784
449 0.0936601
450 0.0934232
451 0.0931419
452 0.0929566
453 0.0927098
454 0.0924588
455 0.092192
456 0.0919184
457 0.0916906
458 0.0914429
459 0.0913166
460 0.0911069
461 0.0908939
462 0.0907001
463 0.090468
464 0.0901819
465 0.0899529
466 0.0897114
467 0.0894876
468 0.0893024
469 0.0891185
470 0.0888449
471 0.0886555
472 0.0885208
473 0.0883007
474 0.0880321
475 0.0879947
476 0.0877835
477 0.0876127
478 0.087501
479 0.0873033
480 0.0871757
481 0.0869705
482 0.0868232
483 0.0865884
484 0.0863817
485 0.0861433
486 0.0858841
487 0.0856826
488 0.0854523
489 0.0852825
490 0.0850892
491 0.0848898
492 0.0846992
493 0.0845265
494 0.0842379
495 0.0839498
496 0.0838333
497 0.0835589
498 0.083465
499 0.0832531
500 0.0830421
501 0.0828242
502 0.0825114
503 0.082259
504 0.0820603
505 0.0819019
506 0.0817888
507 0.0815309
508 0.0811996
509 0.0810747
510 0.0807995
511 0.0805548
512 0.0804278
513 0.0802229
514 0.0801265
515 0.0800105
516 0.0798128
517 0.0795766
518 0.079372
519 0.0790711
520 0.0789363
521 0.0787717
522 0.078518
523 0.0782213
524 0.0780423
525 0.0777988
526 0.0776478
527 0.0774782
528 0.0772554
529 0.0770357
530 0.0768987
531 0.0767038
532 0.0765596
533 0.0763153
534 0.0760571
535 0.0759088
536 0.0757108
537 0.0755176
538 0.0753137
539 0.075153
540 0.0749013
541 0.0747412
542 0.0745886
543 0.0743783
544 0.0742391
545 0.0740423
546 0.0738158
547 0.0736587
548 0.0733656
549 0.0731732
550 0.0729203
551 0.0727248
552 0.0725943
553 0.0723051
554 0.072123
555 0.0719711
556 0.0718025
557 0.0715871
558 0.0714626
559 0.0712288
560 0.0710614
561 0.0707941
562 0.0706638
563 0.0704222
564 0.0702664
565 0.0699881
566 0.0698813
567 0.0696241
568 0.0694913
569 0.0693008
570 0.0691381
571 0.0688812
572 0.0686966
573 0.0685608
574 0.0684683
575 0.0682686
576 0.0681081
577 0.0679302
578 0.0677379
579 0.0675195
580 0.0673126
581 0.0671745
582 0.0669812
583 0.0668662
584 0.066689
585 0.0666263
586 0.066401
587 0.0662363
588 0.0660425
589 0.0658814
590 0.065773
591 0.0655555
592 0.0653811
593 0.0652981
594 0.0651354
595 0.0649338
596 0.0647256
597 0.0646564
598 0.0645073
599 0.0643374
600 0.0641953
601 0.0640312
602 0.0639384
603 0.0638124
604 0.0636207
605 0.0634259
606 0.0634225
607 0.0632237
608 0.0629404
609 0.0628111
610 0.0626753
611 0.0625302
612 0.0623735
613 0.0621902
614 0.0620131
615 0.0619606
616 0.0617512
617 0.0616485
618 0.0614613
619 0.0613738
620 0.0612661
621 0.0610943
622 0.0609449
623 0.0607428
624 0.0606204
625 0.060416
626 0.0602617
627 0.0601447
628 0.0600006
629 0.0599509
630 0.0597227
631 0.0596647
632 0.0594866
633 0.0593784
634 0.0592322
635 0.0591971
636 0.0591037
637 0.0590229
638 0.0588993
639 0.0587355
640 0.0587267
641 0.0586132
642 0.0584944
643 0.058379
644 0.0581871
645 0.0581138
646 0.0579222
647 0.0578297
648 0.0577332
649 0.0575573
650 0.0574098
651 0.0573223
652 0.0571584
653 0.0569662
654 0.0568213
655 0.0568264
656 0.0567014
657 0.0565428
658 0.0564485
659 0.056204
660 0.0561346
661 0.0559942
662 0.0558128
663 0.0557375
664 0.0556548
665 0.0556257
666 0.0554474
667 0.0553783
668 0.0553193
669 0.0552815
670 0.0551121
671 0.0551202
672 0.0549923
673 0.0548682
674 0.054836
675 0.0548074
676 0.0546784
677 0.054508
678 0.0543863
679 0.0543119
680 0.0542018
681 0.0541373
682 0.0541173
683 0.0540045
684 0.0538508
685 0.0537502
686 0.0536475
687 0.0536416
688 0.0535021
689 0.0533783
690 0.0532395
691 0.0530744
692 0.0529941
693 0.0528755
694 0.0526934
695 0.0526185
696 0.0525457
697 0.0524217
698 0.0522733
699 0.0522661
700 0.0521442
701 0.0520346
702 0.0519372
703 0.051806
704 0.0516728
705 0.0515775
706 0.0515258
707 0.0514175
708 0.0513054
709 0.0512649
710 0.0511517
711 0.0510473
712 0.0509793
713 0.0508363
714 0.0507201
715 0.0506568
716 0.0505449
717 0.050455
718 0.0504277
719 0.0502936
720 0.0502457
721 0.0502566
722 0.0501141
723 0.0499075
724 0.0498142
725 0.0496857
726 0.0496007
727 0.0495146
728 0.0494583
729 0.0493121
730 0.0491182
731 0.0490686
732 0.0489533
733 0.0490244
734 0.0489434
735 0.0489333
736 0.0488492
737 0.0488207
738 0.04873
739 0.0486544
740 0.0485771
741 0.0484644
742 0.0484196
743 0.0482956
744 0.048195
745 0.0481104
746 0.0480956
747 0.0480095
748 0.0479875
749 0.0479074
750 0.0477375
751 0.0476752
752 0.0476218
753 0.0476207
754 0.0474952
755 0.0473484
756 0.0472491
757 0.0471073
758 0.0470181
759 0.0469972
760 0.0468822
761 0.0469435
762 0.0467981
763 0.0467496
764 0.0466526
765 0.0465751
766 0.0465003
767 0.0463849
768 0.0463012
769 0.0462574
770 0.0462384
771 0.0461301
772 0.0460279
773 0.0459772
774 0.0458252
775 0.0457387
776 0.0457344
777 0.0456101
778 0.0455741
779 0.0455291
780 0.0453785
781 0.0452127
782 0.04514
783 0.0450636
784 0.0449608
785 0.0449068
786 0.0449269
787 0.0448641
788 0.044873
789 0.0448265
790 0.0448856
791 0.0447085
792 0.0447437
793 0.0446466
794 0.0445954
795 0.0444707
796 0.0443796
797 0.0442675
798 0.0442281
799 0.0441251
800 0.0439634
801 0.0439404
802 0.043793
803 0.0437471
804 0.0436784
805 0.0436281
806 0.0436044
807 0.043467
808 0.0433846
809 0.0434155
810 0.0432731
811 0.0432047
812 0.0431736
813 0.0431982
814 0.0431339
815 0.0430584
816 0.0429644
817 0.042908
818 0.0428937
819 0.0427099
820 0.0426967
821 0.0425834
822 0.0425596
823 0.0425005
824 0.0424803
825 0.0424553
826 0.042308
827 0.0422296
828 0.0421221
829 0.0420756
830 0.0419591
831 0.0418652
832 0.041873
833 0.0417835
834 0.0417099
835 0.0417415
836 0.0415753
837 0.0414879
838 0.0415561
839 0.0414319
840 0.041429
841 0.0413356
842 0.0412322
843 0.0411485
844 0.0411661
845 0.0411677
846 0.0410509
847 0.0409843
848 0.0408777
849 0.040893
850 0.0408416
851 0.0408255
852 0.0407283
853 0.0407546
854 0.0405903
855 0.0405192
856 0.04048
857 0.0404426
858 0.0403191
859 0.0402849
860 0.0401967
861 0.0401309
862 0.0401962
863 0.0402079
864 0.0400661
865 0.0399839
866 0.0398387
867 0.0397288
868 0.0397995
869 0.0397067
870 0.0395947
871 0.0395741
872 0.0395368
873 0.0395119
874 0.0395071
875 0.0395153
876 0.039474
877 0.0394581
878 0.0393752
879 0.0393916
880 0.0393531
881 0.0393384
882 0.0391291
883 0.0391371
884 0.0390009
885 0.0388682
886 0.0388886
887 0.0389481
888 0.0388233
889 0.0388229
890 0.0388166
891 0.0387954
892 0.0387114
893 0.0385574
894 0.0385651
895 0.0385191
896 0.0384111
897 0.0383171
898 0.038272
899 0.038161
900 0.038143
901 0.0381967
902 0.0380155
903 0.0379351
904 0.0379344
905 0.0377914
906 0.0376297
907 0.0375386
908 0.0375053
909 0.0374889
910 0.0374383
911 0.0373221
912 0.037291
913 0.0372056
914 0.0370736
915 0.0370678
916 0.036958
917 0.036966
918 0.0368416
919 0.0367761
920 0.0368215
921 0.0367619
922 0.0366285
923 0.0365703
924 0.0364919
925 0.0364947
926 0.0363742
927 0.0363765
928 0.0362425
929 0.0361626
930 0.0361268
931 0.0360538
932 0.0359842
933 0.0358877
934 0.0358575
935 0.0358114
936 0.035809
937 0.0357715
938 0.0356333
939 0.0356954
940 0.0354912
941 0.0354438
942 0.0354822
943 0.0353258
944 0.0352945
945 0.035226
946 0.0351689
947 0.0351216
948 0.0351019
949 0.0350118
950 0.0350205
951 0.0349435
952 0.0348411
953 0.0347192
954 0.0348165
955 0.0347818
956 0.0347725
957 0.0347301
958 0.0347521
959 0.0346214
960 0.0345756
961 0.0345096
962 0.0344868
963 0.0343533
964 0.0342423
965 0.034207
966 0.0341299
967 0.034058
968 0.0339804
969 0.0338932
970 0.0337657
971 0.0337492
972 0.0336738
973 0.0337046
974 0.0336015
975 0.0336863
976 0.0334873
977 0.0334139
978 0.0333042
979 0.0333543
980 0.0332501
981 0.0331613
982 0.0331264
983 0.0330185
984 0.032939
985 0.032936
986 0.0328936
987 0.0329446
988 0.0328752
989 0.0329074
990 0.0328545
991 0.0327961
992 0.0327355
993 0.0326596
994 0.032706
995 0.0325664
996 0.0325254
997 0.0324534
998 0.0324135
999 0.0323052
1000 0.0322441
1001 0.032293
1002 0.0321859
1003 0.0321114
1004 0.0320432
1005 0.0319917
1006 0.0319598
1007 0.0319232
1008 0.0317587
1009 0.0316756
1010 0.0316777
1011 0.0316191
1012 0.031498
1013 0.0315018
1014 0.0314957
1015 0.0312874
1016 0.0313011
1017 0.0312161
1018 0.0312542
1019 0.0311826
1020 0.0312144
1021 0.0311042
1022 0.0310344
1023 0.0310134
1024 0.0309671
1025 0.0309669
1026 0.0309344
1027 0.0308824
1028 0.0308744
1029 0.0308015
1030 0.0306835
1031 0.0307081
1032 0.0305972
1033 0.0305693
1034 0.0304984
1035 0.0304657
1036 0.0304416
1037 0.0304059
1038 0.0303827
1039 0.0303205
1040 0.0301828
1041 0.0301076
1042 0.0300812
1043 0.030036
1044 0.0300375
1045 0.0300633
1046 0.0300049
1047 0.0300385
1048 0.0298792
1049 0.0297481
1050 0.0297617
1051 0.0297312
1052 0.0297063
1053 0.0296745
1054 0.0296608
1055 0.0295529
1056 0.029503
1057 0.0294205
1058 0.0294739
1059 0.0294213
1060 0.0293904
1061 0.0293006
1062 0.0292122
1063 0.0291439
1064 0.0290506
1065 0.0290222
1066 0.0289584
1067 0.0288293
1068 0.0288268
1069 0.0287927
1070 0.0286853
1071 0.0286685
1072 0.0287018
1073 0.0286835
1074 0.0284802
1075 0.0284122
1076 0.0283213
1077 0.0283449
1078 0.0283191
1079 0.028237
1080 0.0281966
1081 0.0281007
1082 0.0280735
1083 0.028149
1084 0.0279812
1085 0.0279499
1086 0.0279101
1087 0.0278921
1088 0.0278727
1089 0.0277594
1090 0.0277579
1091 0.0277856
1092 0.0278324
1093 0.0276956
1094 0.0274932
1095 0.0275221
1096 0.0273814
1097 0.0273906
1098 0.0273356
1099 0.0272053
1100 0.0271755
1101 0.0271311
1102 0.0271598
1103 0.0270042
1104 0.027009
1105 0.0271094
1106 0.0269637
1107 0.0269806
1108 0.0269507
1109 0.0268649
1110 0.0268515
1111 0.0267049
1112 0.0267019
1113 0.0267851
1114 0.0267129
1115 0.0266466
1116 0.0266722
1117 0.0265502
1118 0.0265009
1119 0.0265189
1120 0.0265151
1121 0.0265289
1122 0.0264559
1123 0.0264646
1124 0.026328
1125 0.0263038
1126 0.0262948
1127 0.0263319
1128 0.0263004
1129 0.0263513
1130 0.0262396
1131 0.0262485
1132 0.0261347
1133 0.0261317
1134 0.0260072
1135 0.0260264
1136 0.0259507
1137 0.0258834
1138 0.0258474
1139 0.0257694
1140 0.0257891
1141 0.0258592
1142 0.0257444
1143 0.0257568
1144 0.0257212
1145 0.0255867
1146 0.0256079
1147 0.0254984
1148 0.0254821
1149 0.0253946
1150 0.0253629
1151 0.0253506
1152 0.0253809
1153 0.0253089
1154 0.0252991
1155 0.02521
1156 0.0252631
1157 0.0252575
1158 0.0252966
1159 0.0251597
1160 0.0252032
1161 0.0251737
1162 0.0251927
1163 0.0251451
1164 0.0251363
1165 0.0251709
1166 0.0251554
1167 0.0251094
1168 0.025141
1169 0.0251384
1170 0.0249776
1171 0.0249086
1172 0.0249599
1173 0.0248396
1174 0.0247505
1175 0.0247617
1176 0.0246978
1177 0.0246459
1178 0.0246609
1179 0.0245679
1180 0.0245317
1181 0.0245197
1182 0.0244253
1183 0.0244214
1184 0.0242762
1185 0.0243554
1186 0.0243457
1187 0.0242959
1188 0.0243275
1189 0.0242909
1190 0.0241786
1191 0.0241821
1192 0.0242244
1193 0.0242527
1194 0.0241295
1195 0.024067
1196 0.0239776
1197 0.0239501
1198 0.0239651
1199 0.0238176
1200 0.0238246
1201 0.0238428
1202 0.0237382
1203 0.0237562
1204 0.023649
1205 0.0236772
1206 0.0236102
1207 0.0235909
1208 0.0235002
1209 0.0234673
1210 0.0234371
1211 0.0233226
1212 0.0232973
1213 0.0232983
1214 0.0231714
1215 0.0231832
1216 0.0231389
1217 0.0231606
1218 0.023155
1219 0.0230149
1220 0.0230095
1221 0.0229581
1222 0.022919
1223 0.0228689
1224 0.0228899
1225 0.0228853
1226 0.0228776
1227 0.0228158
1228 0.0228196
1229 0.0227233
1230 0.0226451
1231 0.0226281
1232 0.0226327
1233 0.0226147
1234 0.0225993
1235 0.02254
1236 0.0225403
1237 0.0225285
1238 0.0225218
1239 0.0224757
1240 0.0224138
1241 0.0224809
1242 0.0223929
1243 0.0224687
1244 0.0224075
1245 0.0223838
1246 0.0222262
1247 0.0221222
1248 0.0220743
1249 0.0219556
1250 0.0220192
1251 0.0219883
1252 0.0220389
1253 0.0220322
1254 0.0220715
1255 0.0219733
1256 0.021847
1257 0.0217842
1258 0.0218118
1259 0.0216845
1260 0.0216736
1261 0.0216023
1262 0.0215912
1263 0.0216336
1264 0.0216151
1265 0.0215422
1266 0.0215004
1267 0.0214754
1268 0.02149
1269 0.0214643
1270 0.0214306
1271 0.0214343
1272 0.0212291
1273 0.0212688
1274 0.0212165
1275 0.021225
1276 0.0212359
1277 0.0212021
1278 0.0211766
1279 0.0211788
1280 0.021085
1281 0.0210782
1282 0.0210956
1283 0.0210674
1284 0.0210665
1285 0.0210458
1286 0.0210223
1287 0.0209404
1288 0.0210589
1289 0.0209006
1290 0.0209717
1291 0.0208859
1292 0.0209699
1293 0.0207958
1294 0.0207772
1295 0.0208232
1296 0.0207899
1297 0.0208185
1298 0.0208231
1299 0.0207146
1300 0.0206997
1301 0.0207344
1302 0.0207331
1303 0.0206076
1304 0.0206125
1305 0.0205657
1306 0.020522
1307 0.0204934
1308 0.020579
1309 0.0204548
1310 0.020552
1311 0.0205347
1312 0.0203319
1313 0.0203086
1314 0.0203213
1315 0.0203258
1316 0.0203165
1317 0.020267
1318 0.0202444
1319 0.0202755
1320 0.0203205
1321 0.0202405
1322 0.0201887
1323 0.0202349
1324 0.0201647
1325 0.0202529
1326 0.0202696
1327 0.0202252
1328 0.0201204
1329 0.0199959
1330 0.0199135
1331 0.0198576
1332 0.0198159
1333 0.0198125
1334 0.0196485
1335 0.0196237
1336 0.0195554
1337 0.0195914
1338 0.0195833
1339 0.0194822
1340 0.019472
1341 0.0193788
1342 0.0193608
1343 0.019328
1344 0.0192811
1345 0.0192527
1346 0.0192295
1347 0.0191854
1348 0.0191594
1349 0.0191375
1350 0.0190788
1351 0.0188986
1352 0.0189082
1353 0.0188283
1354 0.0188544
1355 0.0188932
1356 0.01886
1357 0.0187888
1358 0.0186211
1359 0.0187516
1360 0.018656
1361 0.0186989
1362 0.0187691
1363 0.0187117
1364 0.0187641
1365 0.0186883
1366 0.0186733
1367 0.0186598
1368 0.0186132
1369 0.0185999
1370 0.0185611
1371 0.0185789
1372 0.018611
1373 0.0185704
1374 0.0185868
1375 0.0185836
1376 0.0185152
1377 0.0185014
1378 0.018495
1379 0.0184725
1380 0.0184488
1381 0.0184429
1382 0.0184498
1383 0.0185228
1384 0.0184721
1385 0.0185356
1386 0.0185027
1387 0.0183457
1388 0.0183665
1389 0.0182852
1390 0.0182146
1391 0.0183513
1392 0.0182782
1393 0.0181987
1394 0.0182812
1395 0.0181562
1396 0.0182291
1397 0.0181362
1398 0.0182025
1399 0.0181861
1400 0.0182158
1401 0.0181993
1402 0.0181855
1403 0.0181268
1404 0.018159
1405 0.0181957
1406 0.0181876
1407 0.0181888
1408 0.0182463
1409 0.0182449
1410 0.0181553
1411 0.0181335
1412 0.0181937
1413 0.0181699
1414 0.0181434
1415 0.0181642
1416 0.0182455
1417 0.0181945
1418 0.0181972
1419 0.0182327
1420 0.0182668
1421 0.0181824
1422 0.0182264
1423 0.0182745
1424 0.0182382
1425 0.0183154
1426 0.0183964
1427 0.0183577
1428 0.0183788
1429 0.0183123
1430 0.0182875
1431 0.0182771
1432 0.0182752
1433 0.0182748
1434 0.0182247
1435 0.0182465
1436 0.0183311
1437 0.018303
1438 0.0182498
1439 0.0182404
1440 0.0183728
1441 0.0184105
1442 0.0184093
1443 0.0184752
1444 0.0184444
1445 0.0184318
1446 0.0184459
1447 0.0184682
1448 0.0184011
1449 0.0184205
1450 0.018438
1451 0.0183669
1452 0.0184402
1453 0.0183644
1454 0.0183312
1455 0.0182807
1456 0.0183344
1457 0.0182229
1458 0.0183303
1459 0.0182309
1460 0.0182143
1461 0.018147
1462 0.0181665
1463 0.0181403
1464 0.0180005
1465 0.0179783
1466 0.0179052
1467 0.017986
1468 0.0179939
1469 0.0178605
1470 0.0178345
1471 0.0179427
1472 0.0180102
1473 0.0179288
1474 0.0178467
1475 0.0178119
1476 0.0178758
1477 0.0178379
1478 0.0177846
1479 0.0178085
1480 0.0177025
1481 0.0176399
1482 0.0176752
1483 0.0176591
1484 0.0175443
1485 0.0175924
1486 0.0175682
1487 0.0175067
1488 0.0174416
1489 0.0173495
1490 0.0172513
1491 0.0172954
1492 0.0171948
1493 0.0171864
1494 0.0171838
1495 0.0171849
1496 0.0170753
1497 0.017048
1498 0.017022
1499 0.0169719
1500 0.0170905
1501 0.0170602
1502 0.0169609
1503 0.0170656
1504 0.0169913
1505 0.0169856
1506 0.0169863
1507 0.016933
1508 0.0168837
1509 0.0168705
1510 0.01682
1511 0.0167432
1512 0.0167068
1513 0.0167167
1514 0.0166175
1515 0.016711
1516 0.0166537
1517 0.0165616
1518 0.016678
1519 0.016749
1520 0.0167619
1521 0.0167545
1522 0.0168061
1523 0.0168045
1524 0.0167082
1525 0.0166952
1526 0.0166299
1527 0.0166784
1528 0.0166198
1529 0.0165758
1530 0.0165914
1531 0.0165761
1532 0.016605
1533 0.0166312
1534 0.0165914
1535 0.0166471
1536 0.0166358
1537 0.0165871
1538 0.016574
1539 0.0166674
1540 0.0166869
1541 0.0167523
1542 0.0166215
1543 0.0166925
1544 0.016692
1545 0.0166318
1546 0.0166802
1547 0.0167075
1548 0.0167187
1549 0.016617
1550 0.0166324
1551 0.0165601
1552 0.0165588
1553 0.0165771
1554 0.0166037
1555 0.0166733
1556 0.0166159
1557 0.0167398
1558 0.0167317
1559 0.0168319
1560 0.0167475
1561 0.0167321
1562 0.0166626
1563 0.0166795
1564 0.0167928
1565 0.0167935
1566 0.0168241
1567 0.0168769
1568 0.0167049
1569 0.0166989
1570 0.0167434
1571 0.0167112
1572 0.0166062
1573 0.0165216
1574 0.0164738
1575 0.0164251
1576 0.0164558
1577 0.0163977
1578 0.0164437
1579 0.0164226
1580 0.0164277
1581 0.0163918
1582 0.0164125
1583 0.0164242
1584 0.0163473
1585 0.0163623
1586 0.0164244
1587 0.0163769
1588 0.016382
1589 0.0163856
1590 0.0164291
1591 0.0163337
1592 0.0163577
1593 0.0163746
1594 0.0165254
1595 0.0164216
1596 0.0163482
1597 0.0163237
1598 0.0162419
1599 0.0162264
1600 0.0162467
1601 0.0162238
1602 0.0161775
1603 0.0160926
1604 0.0160852
1605 0.0159953
1606 0.0160007
1607 0.0159728
1608 0.0160394
1609 0.0159692
1610 0.0159417
1611 0.0158805
1612 0.015904
1613 0.0157701
1614 0.0158077
1615 0.015712
1616 0.0157848
1617 0.0157145
1618 0.0156838
1619 0.015663
1620 0.0156076
1621 0.0155356
1622 0.0156597
1623 0.0155411
1624 0.0156029
1625 0.0155635
1626 0.0155727
1627 0.0155525
1628 0.0154711
1629 0.0154771
1630 0.0154806
1631 0.0154528
1632 0.0154932
1633 0.0154091
1634 0.0152851
1635 0.0152226
1636 0.0151573
1637 0.0152662
1638 0.0152058
1639 0.0150727
1640 0.0150893
1641 0.0150771
1642 0.0151154
1643 0.0149353
1644 0.0149685
1645 0.0148975
1646 0.0149024
1647 0.0148394
1648 0.014828
1649 0.0148336
1650 0.0147486
1651 0.0148426
1652 0.0147197
1653 0.0146995
1654 0.0146007
1655 0.014768
1656 0.0147089
1657 0.0147292
1658 0.0146471
1659 0.0146099
1660 0.0145575
1661 0.0145288
1662 0.0144448
1663 0.0144771
1664 0.014579
1665 0.0145414
1666 0.0144442
1667 0.0145218
1668 0.0143695
1669 0.0142598
1670 0.0143063
1671 0.0142619
1672 0.014257
1673 0.0142465
1674 0.0141601
1675 0.0140519
1676 0.0141043
1677 0.0139576
1678 0.013989
1679 0.0140195
1680 0.0140381
1681 0.0139753
1682 0.0139225
1683 0.013927
1684 0.0138918
1685 0.0139038
1686 0.0138564
1687 0.0138195
1688 0.0137851
1689 0.013767
1690 0.0139043
1691 0.0138128
1692 0.0137267
1693 0.0137832
1694 0.0138324
1695 0.0138447
1696 0.0137738
1697 0.0138039
1698 0.0136989
1699 0.0136296
1700 0.0136495
1701 0.0136226
1702 0.01362
1703 0.0136041
1704 0.0134594
1705 0.0134205
1706 0.0132848
1707 0.0132561
1708 0.0132016
1709 0.0131942
1710 0.0131172
1711 0.0130627
1712 0.01314
1713 0.0131604
1714 0.0131251
1715 0.0130649
1716 0.0131047
1717 0.0129739
1718 0.0130394
1719 0.0129405
1720 0.0128711
1721 0.0128639
1722 0.0128576
1723 0.0128641
1724 0.0128481
1725 0.0128031
1726 0.0128931
1727 0.0129246
1728 0.0128945
1729 0.0129587
1730 0.0128971
1731 0.0128831
1732 0.0128752
1733 0.0128477
1734 0.0128285
1735 0.0127227
1736 0.0127113
1737 0.0127116
1738 0.0127877
1739 0.0128088
1740 0.0127815
1741 0.0127095
1742 0.0126687
1743 0.0127051
1744 0.0126982
1745 0.012696
1746 0.0126517
1747 0.0126814
1748 0.0126111
1749 0.0126151
1750 0.0125219
1751 0.0125635
1752 0.0124834
1753 0.0125613
1754 0.0124389
1755 0.0123629
1756 0.0123121
1757 0.0121822
1758 0.0122891
1759 0.0122381
1760 0.0122266
1761 0.0121652
1762 0.0122495
1763 0.0122223
1764 0.0121835
1765 0.012188
1766 0.012093
1767 0.012152
1768 0.0122115
1769 0.0121676
1770 0.012225
1771 0.0121897
1772 0.0121879
1773 0.0122777
1774 0.0122633
1775 0.012376
1776 0.0123712
1777 0.0123848
1778 0.0124208
1779 0.012455
1780 0.0125254
1781 0.0126223
1782 0.012578
1783 0.0125796
1784 0.0125248
1785 0.0125352
1786 0.0124959
1787 0.0124251
1788 0.0124286
1789 0.0124567
1790 0.0124393
1791 0.0124004
1792 0.0123764
1793 0.0122997
1794 0.0122429
1795 0.0121569
1796 0.0122206
1797 0.0121611
1798 0.0121924
1799 0.0122075
1800 0.0120202
1801 0.0119485
1802 0.0119293
1803 0.0118979
1804 0.012007
1805 0.0119761
1806 0.0118939
1807 0.0118262
1808 0.0117677
1809 0.0117086
1810 0.0117506
1811 0.0117186
1812 0.0118321
1813 0.0117821
1814 0.0117645
1815 0.0117232
1816 0.0116572
1817 0.0116248
1818 0.0115992
1819 0.0116083
1820 0.0114865
1821 0.0114688
1822 0.0114355
1823 0.0114712
1824 0.011421
1825 0.0113972
1826 0.0112302
1827 0.0112508
1828 0.0111616
1829 0.011107
1830 0.0110712
1831 0.0110741
1832 0.0110964
1833 0.0112017
1834 0.0112041
1835 0.0112213
1836 0.0111139
1837 0.0110835
1838 0.0110952
1839 0.0110386
1840 0.0110906
1841 0.011168
1842 0.011278
1843 0.0112486
1844 0.0112651
1845 0.0113198
1846 0.0112554
1847 0.0112944
1848 0.0113322
1849 0.0112764
1850 0.0112313
1851 0.0111586
1852 0.0111172
1853 0.011178
1854 0.0111898
1855 0.0110825
1856 0.0111521
1857 0.0111644
1858 0.0111588
1859 0.0112735
1860 0.0111074
1861 0.0112491
1862 0.0111956
1863 0.0112017
1864 0.0112622
1865 0.0112159
1866 0.0111397
1867 0.0111167
1868 0.0111248
1869 0.0112449
1870 0.0111765
1871 0.0111905
1872 0.0111279
1873 0.0110236
1874 0.0111101
1875 0.0111035
1876 0.0111647
1877 0.0112078
1878 0.0112647
1879 0.0111771
1880 0.0113876
1881 0.0113018
1882 0.0114064
1883 0.0114327
1884 0.0113032
1885 0.0112376
1886 0.0112183
1887 0.0111666
1888 0.011208
1889 0.0111955
1890 0.0111706
1891 0.0112475
1892 0.011194
1893 0.0112514
1894 0.0111579
1895 0.01114
1896 0.011116
1897 0.0110981
1898 0.0112372
1899 0.0112514
1900 0.01123
1901 0.011282
1902 0.0112585
1903 0.01116
1904 0.011189
1905 0.0111768
1906 0.0111691
1907 0.0111967
1908 0.0112792
1909 0.0112678
1910 0.0112416
1911 0.0112228
1912 0.0111386
1913 0.0112898
1914 0.0112072
1915 0.0112244
1916 0.0112845
1917 0.0113
1918 0.0113236
1919 0.0115314
1920 0.0114995
1921 0.0114427
1922 0.0113106
1923 0.0113531
1924 0.0112862
1925 0.0113054
1926 0.0114422
1927 0.0113532
1928 0.0113686
1929 0.0113393
1930 0.011225
1931 0.0112259
1932 0.0111374
1933 0.0111222
1934 0.0111569
1935 0.0111067
1936 0.0111493
1937 0.0111506
1938 0.011142
1939 0.0111489
1940 0.0111841
1941 0.0111303
1942 0.0111838
1943 0.0111701
1944 0.0112721
1945 0.0113196
1946 0.0113902
1947 0.0114685
1948 0.011488
1949 0.0114938
1950 0.0114568
1951 0.0116098
1952 0.0115618
1953 0.0115422
1954 0.0114105
1955 0.0114653
1956 0.0115109
1957 0.0114899
1958 0.0113816
1959 0.011404
1960 0.0113797
1961 0.0113096
1962 0.0113018
1963 0.0113974
1964 0.0113594
1965 0.0112411
1966 0.0113343
1967 0.0113932
1968 0.0114115
1969 0.0113809
1970 0.0114229
1971 0.0114101
1972 0.0113246
1973 0.0113112
1974 0.0113101
1975 0.0112707
1976 0.0112956
1977 0.0112183
1978 0.0112808
1979 0.0112597
1980 0.0112455
1981 0.0111532
1982 0.0112367
1983 0.0113125
1984 0.0113378
1985 0.0113574
1986 0.0114288
1987 0.0113807
1988 0.0114204
1989 0.0113262
1990 0.0113885
1991 0.0113919
1992 0.0114287
1993 0.0114188
1994 0.0114101
1995 0.0114889
1996 0.0114555
1997 0.0114557
1998 0.0114986
1999 0.0113712
2000 0.0113386
2001 0.0114131
2002 0.0112907
2003 0.0112501
2004 0.0113211
2005 0.0113209
2006 0.011314
2007 0.0112541
2008 0.0113861
2009 0.0113093
2010 0.0113245
2011 0.0112368
2012 0.0111862
2013 0.0112
2014 0.0112055
2015 0.0110816
2016 0.0110283
2017 0.0109762
2018 0.0109306
2019 0.0109236
2020 0.0108288
2021 0.0108358
2022 0.010872
2023 0.0108637
2024 0.0108657
2025 0.0109195
2026 0.0108601
2027 0.0109416
2028 0.0108942
2029 0.0109091
2030 0.0108272
2031 0.0109469
2032 0.0109534
2033 0.0110082
2034 0.0109476
2035 0.0109501
2036 0.011013
2037 0.0109511
2038 0.0109626
2039 0.0108988
2040 0.0109549
2041 0.0108147
2042 0.0108601
2043 0.0107632
2044 0.0107443
2045 0.0106487
2046 0.0105503
2047 0.0105702
2048 0.0105234
2049 0.0105391
2050 0.0105773
2051 0.0105098
2052 0.0105352
2053 0.0105599
2054 0.0105833
2055 0.0105163
2056 0.0105423
2057 0.0105262
2058 0.0104175
2059 0.0105176
2060 0.0104997
2061 0.0104549
2062 0.0104987
2063 0.0105127
2064 0.0104237
2065 0.0104867
2066 0.0104333
2067 0.010377
2068 0.0103719
2069 0.0104699
2070 0.0104207
2071 0.0104281
2072 0.0103384
2073 0.0102926
2074 0.0101856
2075 0.0102465
2076 0.0103188
2077 0.0104466
2078 0.0104336
2079 0.0104074
2080 0.0104644
2081 0.0103995
2082 0.0104256
2083 0.0104609
2084 0.0104296
2085 0.0103553
2086 0.0103794
2087 0.0103036
2088 0.0103275
2089 0.0104058
2090 0.0104052
2091 0.0103636
2092 0.0103369
2093 0.0103051
2094 0.0102642
2095 0.010273
2096 0.0103174
2097 0.010315
2098 0.0103832
2099 0.0103901
2100 0.0104065
2101 0.0103531
2102 0.0103199
2103 0.0102955
2104 0.0102941
2105 0.0102521
2106 0.0101959
2107 0.0101978
2108 0.0102138
2109 0.0102059
2110 0.0101866
2111 0.0101945
2112 0.0102322
2113 0.010244
2114 0.0102323
2115 0.0102619
2116 0.01028
2117 0.0103336
2118 0.0102797
2119 0.0102704
2120 0.0101522
2121 0.0101628
2122 0.0101061
2123 0.0101895
2124 0.0102002
2125 0.0101639
2126 0.0101683
2127 0.0102086
2128 0.0102429
2129 0.01013
2130 0.0101705
2131 0.0100539
2132 0.00999337
2133 0.0099647
2134 0.00992483
2135 0.00985736
2136 0.00983369
2137 0.00995737
2138 0.00989509
2139 0.0098744
2140 0.0099389
2141 0.0098865
2142 0.00994331
2143 0.00993866
2144 0.00997609
2145 0.00987476
2146 0.00986129
2147 0.00982493
2148 0.00986546
2149 0.00982916
2150 0.00983375
2151 0.0098756
2152 0.009772
2153 0.00970221
2154 0.00973463
2155 0.00968939
2156 0.00968236
2157 0.00966597
2158 0.00972897
2159 0.00980276
2160 0.00976807
2161 0.00980049
2162 0.00978577
2163 0.00984776
2164 0.00986767
2165 0.00979584
2166 0.00980294
2167 0.00974697
2168 0.00969923
2169 0.00982177
2170 0.00996387
2171 0.00984985
2172 0.00980324
2173 0.00982207
2174 0.00978899
2175 0.00987875
2176 0.0098871
2177 0.0100531
2178 0.0100201
2179 0.0100244
2180 0.00998807
2181 0.00991511
2182 0.00987774
2183 0.00994062
2184 0.00993448
2185 0.00993198
2186 0.00991857
2187 0.0099926
2188 0.00989884
2189 0.00997186
2190 0.00995857
2191 0.00989479
2192 0.00989211
2193 0.00977755
2194 0.00974798
2195 0.00974041
2196 0.00966382
2197 0.00973743
2198 0.00963455
2199 0.00958157
2200 0.00957358
2201 0.00949693
2202 0.00953811
2203 0.00945461
2204 0.00947285
2205 0.00950176
2206 0.00946438
2207 0.00949717
2208 0.00951689
2209 0.00943458
2210 0.00933433
2211 0.00935918
2212 0.0092631
2213 0.00928229
2214 0.00923067
2215 0.00923026
2216 0.00921822
2217 0.00915134
2218 0.00906163
2219 0.00900739
2220 0.00896698
2221 0.00894463
2222 0.00898069
2223 0.00889868
2224 0.00896561
2225 0.00890911
2226 0.00910395
2227 0.00906789
2228 0.00911689
2229 0.00908542
2230 0.00902003
2231 0.0090065
2232 0.00897402
2233 0.0089395
2234 0.00896496
2235 0.00893998
2236 0.00883782
2237 0.00891781
2238 0.00889492
2239 0.00897413
2240 0.00882918
2241 0.00883567
2242 0.00870496
2243 0.0087052
2244 0.00880575
2245 0.00876814
2246 0.00873351
2247 0.00868225
2248 0.00873816
2249 0.00870138
2250 0.00867087
2251 0.00867075
2252 0.00862753
2253 0.00855106
2254 0.00862008
2255 0.00850713
2256 0.00854337
2257 0.00854057
2258 0.00855458
2259 0.00845236
2260 0.0084548
2261 0.00840998
2262 0.00832015
2263 0.00826126
2264 0.00815743
2265 0.00814521
2266 0.00811034
2267 0.0081163
2268 0.00800413
2269 0.007999
2270 0.00799233
2271 0.00802511
2272 0.00794643
2273 0.0078997
2274 0.00778466
2275 0.0077948
2276 0.00775862
2277 0.00781059
2278 0.00775623
2279 0.00762773
2280 0.00763655
2281 0.00761181
2282 0.00763005
2283 0.00755078
2284 0.00751704
2285 0.00757444
2286 0.00754493
2287 0.00744754
2288 0.00744736
2289 0.00743866
2290 0.00742459
2291 0.00755036
2292 0.00753087
2293 0.00757378
2294 0.00749832
2295 0.00743693
2296 0.0074048
2297 0.00740939
2298 0.00733185
2299 0.0073638
2300 0.00730819
2301 0.00724411
2302 0.00719547
2303 0.00721657
2304 0.00714582
2305 0.00719684
2306 0.00718552
2307 0.00722086
2308 0.00723565
2309 0.00711405
2310 0.00706881
2311 0.0070923
2312 0.00698453
2313 0.00702089
2314 0.00697017
2315 0.00711787
2316 0.0070523
2317 0.00705284
2318 0.00711501
2319 0.00705969
2320 0.00700653
2321 0.00702131
2322 0.00696313
2323 0.00713724
2324 0.00704908
2325 0.0070793
2326 0.00703484
2327 0.00697631
2328 0.00695157
2329 0.00696468
2330 0.00697827
2331 0.00709832
2332 0.00706124
2333 0.00688684
2334 0.00696683
2335 0.00704819
2336 0.00693727
2337 0.00692683
2338 0.00691855
2339 0.0069176
2340 0.0068441
2341 0.00680953
2342 0.006823
2343 0.00688094
2344 0.00687885
2345 0.00678545
2346 0.00677216
2347 0.00671428
2348 0.00659668
2349 0.00655717
2350 0.00660264
2351 0.00657052
2352 0.00655317
2353 0.00653714
2354 0.00651157
2355 0.00650185
2356 0.00649339
2357 0.00636059
2358 0.00633824
2359 0.00629318
2360 0.00634241
2361 0.00626379
2362 0.00624275
2363 0.00619096
2364 0.00614083
2365 0.00618577
2366 0.00623798
2367 0.00622946
2368 0.00617057
2369 0.00611985
2370 0.00611997
2371 0.00610542
2372 0.00610662
2373 0.00608295
2374 0.00614512
2375 0.00623852
2376 0.00624496
2377 0.00625986
2378 0.00621408
2379 0.00626236
2380 0.00619018
2381 0.00611681
2382 0.0063144
2383 0.00627172
2384 0.00630224
2385 0.00627959
2386 0.00620341
2387 0.00622034
2388 0.00617862
2389 0.00625062
2390 0.00615239
2391 0.00607169
2392 0.00601315
2393 0.00598651
2394 0.0059588
2395 0.00595713
2396 0.00598603
2397 0.00602609
2398 0.00612044
2399 0.00620836
2400 0.00610358
2401 0.00610816
2402 0.00602317
2403 0.0059911
2404 0.00611961
2405 0.00610745
2406 0.00611675
2407 0.00608474
2408 0.00611699
2409 0.00604677
2410 0.006001
2411 0.00585449
2412 0.00588322
2413 0.00585938
2414 0.00591534
2415 0.00576276
2416 0.00568193
2417 0.00574094
2418 0.00573117
2419 0.00581974
2420 0.00576437
2421 0.00567657
2422 0.00566053
2423 0.0056386
2424 0.00563979
2425 0.00560683
2426 0.00558484
2427 0.00557536
2428 0.00563246
2429 0.00554574
2430 0.00557309
2431 0.00556964
2432 0.00549042
2433 0.00544918
2434 0.00540948
2435 0.00538492
2436 0.00536227
2437 0.00538993
2438 0.00544751
2439 0.00534743
2440 0.0052408
2441 0.00515521
2442 0.00510013
2443 0.00516862
2444 0.00519252
2445 0.00522995
2446 0.00529373
2447 0.00523609
2448 0.00520551
2449 0.0051887
2450 0.00512171
2451 0.00512236
2452 0.0051713
2453 0.00517893
2454 0.00526941
2455 0.00524467
2456 0.00534165
2457 0.00534934
2458 0.00523692
2459 0.00536549
2460 0.00531405
2461 0.00530571
2462 0.00521451
2463 0.0052287
2464 0.00529182
2465 0.00524122
2466 0.0053333
2467 0.005413
2468 0.00540197
2469 0.00543791
2470 0.00541395
2471 0.00544518
2472 0.00548971
2473 0.00550503
2474 0.00549728
2475 0.0054844
2476 0.00549579
2477 0.0054155
2478 0.00535798
2479 0.0053494
2480 0.00537586
2481 0.00542206
2482 0.00533903
2483 0.00534302
2484 0.00544792
2485 0.00547379
2486 0.0055483
2487 0.00559419
2488 0.00560153
2489 0.00570315
2490 0.00569528
2491 0.00566661
2492 0.00576544
2493 0.00576741
2494 0.0058763
2495 0.00586683
2496 0.00589359
2497 0.00589234
2498 0.00585157
2499 0.00595027
2500 0.00589263
2501 0.00601345
2502 0.00597817
2503 0.00604665
2504 0.00615323
2505 0.00604802
2506 0.00608271
2507 0.00608915
2508 0.00595766
2509 0.00596088
2510 0.00594395
2511 0.00601667
2512 0.00599957
2513 0.00606221
2514 0.00605661
2515 0.00616592
2516 0.00609481
2517 0.00611007
2518 0.00614458
2519 0.00620753
2520 0.00625718
2521 0.00631064
2522 0.00634104
2523 0.00634122
2524 0.00641996
2525 0.0063616
2526 0.00645477
2527 0.00648135
2528 0.00649118
2529 0.00655967
2530 0.00671262
2531 0.00670803
2532 0.00680214
2533 0.00679171
2534 0.00682926
2535 0.00686085
2536 0.00688148
2537 0.00676203
2538 0.00663429
2539 0.00682759
2540 0.00686514
2541 0.00683028
2542 0.0069108
2543 0.00681323
2544 0.00677514
2545 0.00672078
2546 0.00670439
2547 0.00673729
2548 0.00675374
2549 0.00692654
2550 0.00690466
2551 0.00694174
2552 0.00689024
2553 0.00668359
2554 0.00670737
2555 0.0066855
2556 0.00680655
2557 0.00686789
2558 0.0068931
2559 0.00688219
2560 0.00698739
2561 0.00693053
2562 0.00683081
2563 0.00687391
2564 0.0070399
2565 0.0069986
2566 0.00694507
2567 0.0069418
2568 0.00696456
2569 0.00697064
2570 0.00695682
2571 0.00698358
2572 0.00712013
2573 0.00716615
2574 0.00726223
2575 0.00724787
2576 0.00724024
2577 0.00741822
2578 0.00739264
2579 0.00724173
2580 0.00716639
2581 0.00711799
2582 0.00704527
2583 0.00703228
2584 0.0070402
2585 0.0069353
2586 0.00691521
2587 0.00685441
2588 0.00694698
2589 0.00696218
2590 0.00700969
2591 0.0069561
2592 0.00698763
2593 0.00703192
2594 0.00707996
2595 0.00691116
2596 0.00692254
2597 0.00703102
2598 0.00691921
2599 0.00693315
2600 0.00696141
2601 0.00700217
2602 0.00692201
2603 0.00694013
2604 0.00683928
2605 0.00693971
2606 0.00689745
2607 0.00695574
2608 0.0068807
2609 0.00699508
2610 0.00697702
2611 0.00703686
2612 0.00702584
2613 0.00697744
2614 0.00695866
2615 0.00684583
2616 0.00684148
2617 0.00694537
2618 0.00695199
2619 0.00694251
2620 0.00699973
2621 0.00706911
2622 0.00710022
2623 0.00700456
2624 0.0070287
2625 0.00701016
2626 0.00700384
2627 0.00688154
2628 0.00700599
2629 0.00700158
2630 0.00698853
2631 0.00709516
2632 0.00708562
2633 0.00708956
2634 0.00709736
2635 0.0071345
2636 0.0070467
2637 0.00712085
2638 0.00711459
2639 0.00710589
2640 0.00713092
2641 0.00715303
2642 0.00705677
2643 0.0070079
2644 0.00696838
2645 0.00701636
2646 0.007052
2647 0.00697941
2648 0.00715274
2649 0.00717664
2650 0.00716823
2651 0.00712025
2652 0.00708592
2653 0.00722539
2654 0.00721794
2655 0.00706559
2656 0.0071016
2657 0.00705135
2658 0.00703222
2659 0.00715345
2660 0.00710714
2661 0.00708836
2662 0.00703073
2663 0.00700861
2664 0.00690836
2665 0.0070067
2666 0.0070104
2667 0.00702035
2668 0.00698954
2669 0.00702512
2670 0.00708228
2671 0.00692987
2672 0.00691593
2673 0.0069564
2674 0.00688142
2675 0.00691974
2676 0.00690472
2677 0.00684333
2678 0.00690413
2679 0.00690448
2680 0.00683784
2681 0.00691521
2682 0.00687706
2683 0.00695425
2684 0.0069778
2685 0.00699574
2686 0.00693458
2687 0.00686234
2688 0.00680125
2689 0.00680172
2690 0.00680685
2691 0.00680751
2692 0.00678241
2693 0.00690722
2694 0.00693345
2695 0.00692546
2696 0.00689048
2697 0.00683808
2698 0.00686705
2699 0.00693464
2700 0.00694203
2701 0.0070684
2702 0.00695223
2703 0.0068683
2704 0.00684088
2705 0.00688386
2706 0.00675172
2707 0.00671822
2708 0.00669074
2709 0.00670999
2710 0.00668651
2711 0.00663817
2712 0.00667977
2713 0.00664181
2714 0.00660479
2715 0.00673985
2716 0.00672334
2717 0.00681633
2718 0.00686181
2719 0.00673574
2720 0.00669801
2721 0.00670767
2722 0.00671494
2723 0.00675672
2724 0.00674844
2725 0.00669849
2726 0.00669855
2727 0.00664955
2728 0.00679916
2729 0.00682008
2730 0.00672036
2731 0.00677514
2732 0.00680715
2733 0.0068031
2734 0.00675076
2735 0.00683868
2736 0.00676996
2737 0.00686008
2738 0.00670207
2739 0.00678772
2740 0.00676501
2741 0.00676948
2742 0.00677007
2743 0.00673586
2744 0.006832
2745 0.0068177
2746 0.00677484
2747 0.00673544
2748 0.00674921
2749 0.00674284
2750 0.00684023
2751 0.00684279
2752 0.00685507
2753 0.00687289
2754 0.00683641
2755 0.00676835
2756 0.00676119
2757 0.00682449
2758 0.00682718
2759 0.0067941
2760 0.00681233
2761 0.00673628
2762 0.00672394
2763 0.0067302
2764 0.00672823
2765 0.00678366
2766 0.00680274
2767 0.0066939
2768 0.00659704
2769 0.00666094
2770 0.00671643
2771 0.00670797
2772 0.00665605
2773 0.00671679
2774 0.00673091
2775 0.00667495
2776 0.00662619
2777 0.00666243
2778 0.00669146
2779 0.00673723
2780 0.00675207
2781 0.00671548
2782 0.00664932
2783 0.0067333
2784 0.00669956
2785 0.00676394
2786 0.00673246
2787 0.00664741
2788 0.00658107
2789 0.00657189
2790 0.00661188
2791 0.00651687
2792 0.0066129
2793 0.00655818
2794 0.00651717
2795 0.00640792
2796 0.00653863
2797 0.0065906
2798 0.00657499
2799 0.0066554
2800 0.0066964
2801 0.00673372
2802 0.00674766
2803 0.00673062
2804 0.00679225
2805 0.00688612
2806 0.00679702
2807 0.00694782
2808 0.0068171
2809 0.00686437
2810 0.00677687
2811 0.00682229
2812 0.00684154
2813 0.00693887
2814 0.00692022
2815 0.00691324
2816 0.00691068
2817 0.00701058
2818 0.0069527
2819 0.0069257
2820 0.00701934
2821 0.00697404
2822 0.00704122
2823 0.00698227
2824 0.0070132
2825 0.00692189
2826 0.00696605
2827 0.00711226
2828 0.00705481
2829 0.00713938
2830 0.00710464
2831 0.00717705
2832 0.00711966
2833 0.00719982
2834 0.00713092
2835 0.00718641
2836 0.00729162
2837 0.00718021
2838 0.00724542
2839 0.00719368
2840 0.0072552
2841 0.00707579
2842 0.00716662
2843 0.00718462
2844 0.00721955
2845 0.00734091
2846 0.00730574
2847 0.00727081
2848 0.00728494
2849 0.00727743
2850 0.00733852
2851 0.00735676
2852 0.00736833
2853 0.00738096
2854 0.00739592
2855 0.0073601
2856 0.00745642
2857 0.00744003
2858 0.00751805
2859 0.0074147
2860 0.00746369
2861 0.00748199
2862 0.00762653
2863 0.00746405
2864 0.00743777
2865 0.00742722
2866 0.0074259
2867 0.0074687
2868 0.00746447
2869 0.00752145
2870 0.00754094
2871 0.00756472
2872 0.00769436
2873 0.00759983
2874 0.0075683
2875 0.00750196
2876 0.00746197
2877 0.00749183
2878 0.00760484
2879 0.00762391
2880 0.00761288
2881 0.00768989
2882 0.00762832
2883 0.00762558
2884 0.00761509
2885 0.00745243
2886 0.0074622
2887 0.00732231
2888 0.00734806
2889 0.00733888
2890 0.00722718
2891 0.00716317
2892 0.00707394
2893 0.00709128
2894 0.00707829
2895 0.00708246
2896 0.00709385
2897 0.00716484
2898 0.00709468
2899 0.00717026
2900 0.00706178
2901 0.00702399
2902 0.00696367
2903 0.00698191
2904 0.00694817
2905 0.0069738
2906 0.00699091
2907 0.00698835
2908 0.00701118
2909 0.00700307
2910 0.00703126
2911 0.00700945
2912 0.00705111
2913 0.00712729
2914 0.00713551
2915 0.00706947
2916 0.00715673
2917 0.00708258
2918 0.00713623
2919 0.00711441
2920 0.00706261
2921 0.00694835
2922 0.007011
2923 0.00708765
2924 0.00705928
2925 0.00706089
2926 0.00703979
2927 0.00709212
2928 0.00698644
2929 0.00693619
2930 0.00689536
2931 0.00714988
2932 0.00714302
2933 0.0071156
2934 0.00706226
2935 0.00709999
2936 0.00707632
2937 0.00709993
2938 0.00721431
2939 0.00719941
2940 0.00720531
2941 0.0071438
2942 0.00714093
2943 0.00708109
2944 0.00702924
2945 0.00715172
2946 0.00705749
2947 0.00708354
2948 0.00699335
2949 0.00697744
2950 0.00690317
2951 0.00687879
2952 0.00687146
2953 0.00680315
2954 0.00677621
2955 0.00677091
2956 0.00682229
2957 0.00681764
2958 0.00676519
2959 0.00678414
2960 0.00676781
2961 0.00678319
2962 0.00675648
2963 0.00675231
2964 0.0067386
2965 0.00674909
2966 0.00677949
2967 0.00668114
2968 0.00670713
2969 0.00670159
2970 0.0067609
2971 0.00664061
2972 0.0066222
2973 0.00672334
2974 0.00671005
2975 0.00666511
2976 0.00673318
2977 0.00683284
2978 0.00691372
2979 0.00679815
2980 0.0068844
2981 0.00688618
2982 0.00678557
2983 0.00679392
2984 0.0068686
2985 0.00690466
2986 0.00694102
2987 0.00686115
2988 0.00675875
2989 0.00670487
2990 0.00672048
2991 0.00672674
2992 0.00679463
2993 0.0066902
2994 0.00671721
2995 0.00674087
2996 0.00661665
2997 0.00671476
2998 0.00668418
2999 0.00665665
3000 0.00671852
3001 0.0067696
3002 0.00676942
3003 0.00674826
3004 0.00675356
3005 0.00681639
3006 0.00674117
3007 0.0068242
3008 0.00688678
3009 0.00689679
3010 0.00689995
3011 0.00695115
3012 0.0069108
3013 0.00692791
3014 0.00690335
3015 0.00680095
3016 0.00682527
3017 0.00672871
3018 0.006823
3019 0.00678563
3020 0.00684065
3021 0.00691766
3022 0.00697392
3023 0.00695193
3024 0.00703037
3025 0.00702429
3026 0.00706983
3027 0.00702035
3028 0.00699252
3029 0.00697148
3030 0.0069629
3031 0.0070886
3032 0.00709099
3033 0.00711232
3034 0.00711495
3035 0.00703913
3036 0.00691426
3037 0.00703877
3038 0.00709206
3039 0.0072068
3040 0.00725543
3041 0.00719357
3042 0.00720787
3043 0.00710487
3044 0.00714904
3045 0.00709689
3046 0.00708169
3047 0.00706357
3048 0.0070653
3049 0.00707132
3050 0.00723064
3051 0.00728017
3052 0.00727582
3053 0.00726551
3054 0.00745541
3055 0.00738496
3056 0.00735277
3057 0.00722784
3058 0.00740254
3059 0.00741559
3060 0.00738555
3061 0.00729823
3062 0.00737292
3063 0.00734025
3064 0.00744271
3065 0.00750792
3066 0.00747377
3067 0.0075379
3068 0.00750804
3069 0.00747478
3070 0.0075345
3071 0.00750238
3072 0.00754994
3073 0.0074417
3074 0.00748092
3075 0.00741374
3076 0.00749648
3077 0.0074389
3078 0.00740755
3079 0.00729734
3080 0.00735849
3081 0.00732285
3082 0.00740266
3083 0.00732386
3084 0.00738347
3085 0.00742459
3086 0.00746804
3087 0.00758338
3088 0.00763148
3089 0.00760955
3090 0.00776833
3091 0.00771171
3092 0.00774217
3093 0.00777245
3094 0.00775748
3095 0.00786322
3096 0.00783151
3097 0.00779766
3098 0.00784534
3099 0.00791383
3100 0.00795895
3101 0.00795102
3102 0.00788236
3103 0.00795341
3104 0.00794715
3105 0.00798035
3106 0.00793076
3107 0.0078584
3108 0.00790948
3109 0.00786972
3110 0.00793433
3111 0.00798488
3112 0.00799823
3113 0.00809395
3114 0.00810403
3115 0.00801802
3116 0.00797319
3117 0.00794524
3118 0.00791693
3119 0.00796294
3120 0.0080983
3121 0.00813663
3122 0.00809479
3123 0.00796515
3124 0.00795615
3125 0.0079245
3126 0.00798082
3127 0.0079037
3128 0.00784671
3129 0.00780737
3130 0.00781834
3131 0.00783473
3132 0.00781941
3133 0.00784564
3134 0.0077709
3135 0.00777346
3136 0.00771332
3137 0.00772411
3138 0.00778568
3139 0.00783432
3140 0.00785404
3141 0.00777811
3142 0.00781471
3143 0.00783777
3144 0.00785106
3145 0.00781459
3146 0.00781047
3147 0.00771815
3148 0.00770086
3149 0.00764018
3150 0.00759631
3151 0.00748295
3152 0.00764358
3153 0.00750661
3154 0.00745857
3155 0.00739259
3156 0.00729674
3157 0.00747263
3158 0.00744551
3159 0.00736159
3160 0.0072757
3161 0.00731474
3162 0.00734097
3163 0.00723922
3164 0.00724632
3165 0.00728858
3166 0.00733846
3167 0.00727719
3168 0.00732386
3169 0.00739157
3170 0.00736362
3171 0.00735664
3172 0.00734973
3173 0.0073815
3174 0.00733173
3175 0.00732332
3176 0.00737816
3177 0.00730532
3178 0.0073117
3179 0.00724107
3180 0.00720924
3181 0.00712281
3182 0.00719291
3183 0.00714374
3184 0.0073204
3185 0.00728959
3186 0.00734085
3187 0.00735861
3188 0.00721544
3189 0.00724441
3190 0.00733507
3191 0.00735605
3192 0.0072872
3193 0.0073784
3194 0.00737923
3195 0.00745976
3196 0.00741136
3197 0.00736952
3198 0.00729895
3199 0.0072943
3200 0.00731301
3201 0.007276
3202 0.00731456
3203 0.00739801
3204 0.00737131
3205 0.00729436
3206 0.00731605
3207 0.00732124
3208 0.00731283
3209 0.0073238
3210 0.00716186
3211 0.00725031
3212 0.0073421
3213 0.00735712
3214 0.00737184
3215 0.00738668
3216 0.00735742
3217 0.0073595
3218 0.00730389
3219 0.00728363
3220 0.00728345
3221 0.00731468
3222 0.00731164
3223 0.00723457
3224 0.00714755
3225 0.00721133
3226 0.00715339
3227 0.00728387
3228 0.00732297
3229 0.00723207
3230 0.00714707
3231 0.00713021
3232 0.00716281
3233 0.00709134
3234 0.007061
3235 0.00697201
3236 0.00689626
3237 0.00692517
3238 0.00683719
3239 0.00696933
3240 0.00687295
3241 0.00691217
3242 0.00692594
3243 0.00690037
3244 0.00689626
3245 0.0068627
3246 0.00684267
3247 0.00680935
3248 0.00687307
3249 0.00688416
3250 0.00679499
3251 0.00676841
3252 0.00684279
3253 0.00690794
3254 0.00693071
3255 0.00687975
3256 0.0068661
3257 0.00693518
3258 0.00695378
3259 0.00710917
3260 0.00699282
3261 0.00697416
3262 0.00694788
3263 0.00696123
3264 0.00702792
3265 0.00694627
3266 0.00690836
3267 0.00680894
3268 0.0069654
3269 0.00706172
3270 0.00708365
3271 0.00706619
3272 0.0069682
3273 0.00700814
3274 0.00708729
3275 0.00706959
3276 0.00696653
3277 0.00694752
3278 0.00692582
3279 0.00703371
3280 0.00693816
3281 0.00704747
3282 0.00696218
3283 0.00695139
3284 0.00689036
3285 0.00691485
3286 0.00675875
3287 0.00681013
3288 0.00682783
3289 0.00676107
3290 0.00673467
3291 0.00689495
3292 0.0068841
3293 0.0068925
3294 0.00684959
3295 0.00682729
3296 0.00676626
3297 0.00676805
3298 0.00677007
3299 0.00676751
3300 0.00676006
3301 0.00687999
3302 0.00672752
3303 0.00676775
3304 0.00672913
3305 0.00672138
3306 0.00664324
3307 0.00672513
3308 0.00665581
3309 0.00673825
3310 0.00668591
3311 0.00652844
3312 0.0063799
3313 0.00648975
3314 0.00641251
3315 0.00629365
3316 0.00627971
3317 0.00625604
3318 0.00616932
3319 0.00612444
3320 0.00606561
3321 0.00613368
3322 0.00609845
3323 0.00598067
3324 0.00599504
3325 0.00598377
3326 0.005898
3327 0.00578928
3328 0.00575763
3329 0.00564909
3330 0.00554049
3331 0.00564432
3332 0.005427
3333 0.0054335
3334 0.005476
3335 0.0053876
3336 0.00541049
3337 0.005427
3338 0.00533575
3339 0.0053302
3340 0.00532478
3341 0.00528735
3342 0.00531423
3343 0.00527442
3344 0.00525337
3345 0.00531381
3346 0.00530595
3347 0.0053162
3348 0.0052402
3349 0.00527662
3350 0.00523615
3351 0.00529218
3352 0.00534022
3353 0.00527579
3354 0.00535691
3355 0.00536859
3356 0.00536996
3357 0.0053553
3358 0.00547069
3359 0.00542414
3360 0.00545079
3361 0.00542045
3362 0.0054372
3363 0.0054853
3364 0.00555629
3365 0.00565434
3366 0.00552195
3367 0.0055697
3368 0.00553131
3369 0.00549108
3370 0.00546539
3371 0.00537956
3372 0.00536412
3373 0.00539368
3374 0.00550193
3375 0.00546741
3376 0.00545073
3377 0.0054692
3378 0.00559741
3379 0.00549001
3380 0.00559247
3381 0.00557399
3382 0.00549632
3383 0.00550485
3384 0.00550359
3385 0.00549793
3386 0.00556004
3387 0.0054425
3388 0.005413
3389 0.00552905
3390 0.00546455
3391 0.00553322
3392 0.00557423
3393 0.00551975
3394 0.00557512
3395 0.00555581
3396 0.00556278
3397 0.00549412
3398 0.00545961
3399 0.00543475
3400 0.00543714
3401 0.00552553
3402 0.00568974
3403 0.00560832
3404 0.00580311
3405 0.00580972
3406 0.00575089
3407 0.00587249
3408 0.00598967
3409 0.00594932
3410 0.0060243
3411 0.00598162
3412 0.00610942
3413 0.00608462
3414 0.00612527
3415 0.00618565
3416 0.00613666
3417 0.00617456
3418 0.00616246
3419 0.00623137
3420 0.00628257
3421 0.00627792
3422 0.00632662
3423 0.00624794
3424 0.00632548
3425 0.00639886
3426 0.0064016
3427 0.00646085
3428 0.00645065
3429 0.00649571
3430 0.0065226
3431 0.00654989
3432 0.00652546
3433 0.00667733
3434 0.00664169
3435 0.00661319
3436 0.00655371
3437 0.0066129
3438 0.00667167
3439 0.00660765
3440 0.00661194
3441 0.00660276
3442 0.0066011
3443 0.00658983
3444 0.00662231
3445 0.0066728
3446 0.00678259
3447 0.00672632
3448 0.00675106
3449 0.00673443
3450 0.00688171
3451 0.00684392
3452 0.00693107
3453 0.0069738
3454 0.00707567
3455 0.00707716
3456 0.00702327
3457 0.00691944
3458 0.00699347
3459 0.00703454
3460 0.00683737
3461 0.00690985
3462 0.0070169
3463 0.00694937
3464 0.00691038
3465 0.00686783
3466 0.00704485
3467 0.00693905
3468 0.00690812
3469 0.00703305
3470 0.00702763
3471 0.00718999
3472 0.00714368
3473 0.00720525
3474 0.00716704
3475 0.00730175
3476 0.00718606
3477 0.00714517
3478 0.00726688
3479 0.00721824
3480 0.00724757
3481 0.00723541
3482 0.00727862
3483 0.00731874
3484 0.00743473
3485 0.00742328
3486 0.00741887
3487 0.00742102
3488 0.00739843
3489 0.00744623
3490 0.00747657
3491 0.00760686
3492 0.0076347
3493 0.00749975
3494 0.0076254
3495 0.00757933
3496 0.00756866
3497 0.00756496
3498 0.00755775
3499 0.00755614
