# rotation correlation for "bonds: name(#1) Ow and name(#2) Hw" in LiCl-15M/0-GPa/zif8-licl.nc
# step value
0 1
1 0.646508
2 0.604624
3 0.576082
4 0.553602
5 0.534984
6 0.518995
7 0.50503
8 0.492445
9 0.481084
10 0.470772
11 0.461329
12 0.452399
13 0.444369
14 0.436779
15 0.429823
16 0.423226
17 0.417106
18 0.411144
19 0.405633
20 0.400274
21 0.395185
22 0.390424
23 0.385701
24 0.381408
25 0.377276
26 0.373158
27 0.36936
28 0.365633
29 0.362031
30 0.358622
31 0.355445
32 0.352143
33 0.349069
34 0.346067
35 0.343091
36 0.340268
37 0.33748
38 0.334865
39 0.332294
40 0.329814
41 0.327509
42 0.325108
43 0.322784
44 0.320599
45 0.318396
46 0.316331
47 0.314145
48 0.312205
49 0.310225
50 0.308251
51 0.306489
52 0.304611
53 0.302867
54 0.301244
55 0.299441
56 0.297851
57 0.296261
58 0.294669
59 0.293067
60 0.291545
61 0.290108
62 0.288604
63 0.287112
64 0.285687
65 0.284362
66 0.282997
67 0.281618
68 0.280389
69 0.279033
70 0.277714
71 0.276475
72 0.275197
73 0.273986
74 0.272666
75 0.271553
76 0.270396
77 0.269239
78 0.268135
79 0.267069
80 0.26606
81 0.26512
82 0.26415
83 0.263133
84 0.262077
85 0.261173
86 0.26029
87 0.259391
88 0.258485
89 0.25752
90 0.256618
91 0.255749
92 0.254781
93 0.253905
94 0.253092
95 0.252173
96 0.251325
97 0.250604
98 0.249785
99 0.249091
100 0.24819
101 0.247357
102 0.246517
103 0.245661
104 0.244997
105 0.244047
106 0.243492
107 0.242685
108 0.241929
109 0.241394
110 0.240753
111 0.239989
112 0.239187
113 0.238494
114 0.23786
115 0.237157
116 0.236479
117 0.235823
118 0.235079
119 0.234476
120 0.233898
121 0.233393
122 0.232918
123 0.232175
124 0.231571
125 0.230992
126 0.230486
127 0.229939
128 0.229463
129 0.228829
130 0.228334
131 0.22771
132 0.227304
133 0.226764
134 0.226314
135 0.225789
136 0.225246
137 0.224766
138 0.224288
139 0.223867
140 0.223378
141 0.223097
142 0.222754
143 0.222107
144 0.221622
145 0.221112
146 0.220553
147 0.21996
148 0.219459
149 0.219004
150 0.218478
151 0.218014
152 0.217444
153 0.217011
154 0.21654
155 0.216027
156 0.215643
157 0.215249
158 0.214793
159 0.214405
160 0.213917
161 0.213558
162 0.213188
163 0.212689
164 0.212342
165 0.211875
166 0.211583
167 0.211045
168 0.210627
169 0.210157
170 0.209893
171 0.209456
172 0.2091
173 0.208632
174 0.208248
175 0.207917
176 0.207598
177 0.207144
178 0.206677
179 0.206391
180 0.205989
181 0.205627
182 0.205317
183 0.204922
184 0.20453
185 0.204174
186 0.203739
187 0.203373
188 0.203053
189 0.20266
190 0.202265
191 0.201982
192 0.201647
193 0.201368
194 0.200949
195 0.200694
196 0.200337
197 0.200067
198 0.199704
199 0.19946
200 0.199239
201 0.198927
202 0.198665
203 0.198285
204 0.198023
205 0.197699
206 0.197367
207 0.197068
208 0.196812
209 0.196497
210 0.196082
211 0.195745
212 0.19544
213 0.195107
214 0.194712
215 0.194402
216 0.19403
217 0.193757
218 0.193483
219 0.193228
220 0.192988
221 0.192727
222 0.192438
223 0.191959
224 0.191623
225 0.191371
226 0.191068
227 0.190763
228 0.19056
229 0.190331
230 0.190004
231 0.189754
232 0.189463
233 0.189268
234 0.18915
235 0.188933
236 0.188735
237 0.188473
238 0.188269
239 0.187917
240 0.187587
241 0.187282
242 0.187131
243 0.186754
244 0.186544
245 0.186339
246 0.18615
247 0.185872
248 0.185565
249 0.185298
250 0.185132
251 0.184888
252 0.184675
253 0.184456
254 0.184193
255 0.183931
256 0.183703
257 0.183551
258 0.183232
259 0.183027
260 0.182823
261 0.182683
262 0.182349
263 0.182115
264 0.181911
265 0.18166
266 0.181448
267 0.181318
268 0.181135
269 0.180899
270 0.180616
271 0.180407
272 0.180263
273 0.17995
274 0.179664
275 0.179567
276 0.179335
277 0.179177
278 0.179024
279 0.178779
280 0.178607
281 0.178427
282 0.178291
283 0.178098
284 0.177916
285 0.177757
286 0.177434
287 0.177309
288 0.177087
289 0.176869
290 0.176841
291 0.176652
292 0.176421
293 0.176349
294 0.176143
295 0.175887
296 0.175797
297 0.175552
298 0.175311
299 0.175144
300 0.174958
301 0.174798
302 0.174541
303 0.174321
304 0.174111
305 0.17407
306 0.173897
307 0.173665
308 0.173416
309 0.173324
310 0.173183
311 0.172982
312 0.172705
313 0.172547
314 0.172458
315 0.172144
316 0.172083
317 0.171878
318 0.171679
319 0.171593
320 0.171342
321 0.171244
322 0.171
323 0.170776
324 0.170677
325 0.170492
326 0.170309
327 0.170161
328 0.170028
329 0.169861
330 0.169605
331 0.169447
332 0.169091
333 0.168987
334 0.168692
335 0.168554
336 0.168412
337 0.168239
338 0.168152
339 0.167876
340 0.167667
341 0.167602
342 0.167505
343 0.16734
344 0.167191
345 0.16694
346 0.166763
347 0.166584
348 0.166442
349 0.166221
350 0.166102
351 0.165911
352 0.165704
353 0.16558
354 0.165505
355 0.165271
356 0.165251
357 0.165093
358 0.164974
359 0.164828
360 0.164765
361 0.164495
362 0.164335
363 0.164314
364 0.164088
365 0.164004
366 0.163833
367 0.163661
368 0.16341
369 0.163214
370 0.163109
371 0.162911
372 0.162718
373 0.162692
374 0.162508
375 0.162319
376 0.162261
377 0.16218
378 0.161954
379 0.16184
380 0.161688
381 0.161684
382 0.161531
383 0.161413
384 0.161271
385 0.161181
386 0.16095
387 0.1608
388 0.160751
389 0.160404
390 0.160287
391 0.16016
392 0.16002
393 0.159975
394 0.159821
395 0.159597
396 0.159586
397 0.159403
398 0.159379
399 0.159202
400 0.159145
401 0.159049
402 0.158909
403 0.15882
404 0.158565
405 0.158493
406 0.158309
407 0.158137
408 0.158046
409 0.157938
410 0.157643
411 0.157635
412 0.157484
413 0.157271
414 0.157186
415 0.157013
416 0.156874
417 0.156738
418 0.156658
419 0.156578
420 0.156485
421 0.156288
422 0.156229
423 0.156003
424 0.155939
425 0.155884
426 0.155831
427 0.155615
428 0.155545
429 0.155467
430 0.155405
431 0.155329
432 0.155239
433 0.155117
434 0.154941
435 0.154862
436 0.154814
437 0.154724
438 0.154582
439 0.154536
440 0.154448
441 0.154428
442 0.154346
443 0.154282
444 0.154285
445 0.154166
446 0.154036
447 0.153817
448 0.153698
449 0.153613
450 0.153491
451 0.153392
452 0.153347
453 0.153165
454 0.153076
455 0.152902
456 0.152876
457 0.152723
458 0.152592
459 0.152517
460 0.152438
461 0.152387
462 0.152306
463 0.152121
464 0.152028
465 0.151775
466 0.151686
467 0.151509
468 0.151393
469 0.151313
470 0.151228
471 0.151101
472 0.150864
473 0.15082
474 0.150666
475 0.150541
476 0.15041
477 0.150323
478 0.150189
479 0.150018
480 0.149829
481 0.149664
482 0.149643
483 0.149469
484 0.149389
485 0.149344
486 0.149201
487 0.149128
488 0.149024
489 0.149003
490 0.148827
491 0.148701
492 0.148553
493 0.148444
494 0.148294
495 0.148303
496 0.148298
497 0.148297
498 0.148216
499 0.148133
500 0.148218
501 0.148167
502 0.148084
503 0.148001
504 0.148002
505 0.147889
506 0.147762
507 0.147707
508 0.147542
509 0.147491
510 0.147486
511 0.147498
512 0.147395
513 0.147387
514 0.147315
515 0.147146
516 0.146916
517 0.146966
518 0.147012
519 0.1469
520 0.146858
521 0.146726
522 0.146543
523 0.146519
524 0.146423
525 0.146364
526 0.146254
527 0.146164
528 0.145997
529 0.146006
530 0.145911
531 0.145814
532 0.145798
533 0.14564
534 0.145505
535 0.145437
536 0.145424
537 0.14533
538 0.145237
539 0.14518
540 0.145122
541 0.144959
542 0.144815
543 0.144578
544 0.144439
545 0.144189
546 0.144191
547 0.144086
548 0.144009
549 0.143873
550 0.143813
551 0.143565
552 0.143656
553 0.143392
554 0.143302
555 0.143157
556 0.143055
557 0.143023
558 0.142974
559 0.142913
560 0.142926
561 0.142779
562 0.142691
563 0.142423
564 0.142479
565 0.142312
566 0.142244
567 0.142185
568 0.142024
569 0.142014
570 0.141773
571 0.141755
572 0.141757
573 0.141657
574 0.141485
575 0.141283
576 0.141163
577 0.141047
578 0.140876
579 0.140833
580 0.140722
581 0.140564
582 0.140458
583 0.140334
584 0.140121
585 0.140167
586 0.140012
587 0.139986
588 0.139801
589 0.139686
590 0.139602
591 0.139535
592 0.139303
593 0.139136
594 0.139013
595 0.138981
596 0.138871
597 0.138713
598 0.138628
599 0.138529
600 0.138521
601 0.138523
602 0.138383
603 0.138338
604 0.138345
605 0.13828
606 0.138062
607 0.138106
608 0.13809
609 0.137967
610 0.137933
611 0.137966
612 0.137891
613 0.137829
614 0.137761
615 0.137635
616 0.137723
617 0.137555
618 0.137449
619 0.137413
620 0.137381
621 0.13728
622 0.137208
623 0.137165
624 0.137118
625 0.137037
626 0.136887
627 0.136853
628 0.136785
629 0.136736
630 0.136604
631 0.136654
632 0.136552
633 0.13635
634 0.136285
635 0.13627
636 0.136159
637 0.135965
638 0.136012
639 0.135894
640 0.135863
641 0.135818
642 0.135734
643 0.135628
644 0.135486
645 0.13546
646 0.135393
647 0.135367
648 0.135162
649 0.135157
650 0.135118
651 0.135038
652 0.13489
653 0.134777
654 0.134721
655 0.134721
656 0.134587
657 0.134556
658 0.134503
659 0.13453
660 0.134495
661 0.134437
662 0.134489
663 0.134423
664 0.134345
665 0.134235
666 0.13418
667 0.134125
668 0.134027
669 0.133962
670 0.133868
671 0.133856
672 0.13378
673 0.13368
674 0.133731
675 0.133729
676 0.133726
677 0.133707
678 0.133626
679 0.133628
680 0.13351
681 0.133526
682 0.133455
683 0.133517
684 0.133492
685 0.13341
686 0.133344
687 0.133238
688 0.133229
689 0.133097
690 0.133175
691 0.133085
692 0.133078
693 0.132975
694 0.132933
695 0.132781
696 0.132705
697 0.132708
698 0.132611
699 0.132571
700 0.132556
701 0.132488
702 0.13263
703 0.132508
704 0.132524
705 0.132461
706 0.13249
707 0.132433
708 0.132297
709 0.132281
710 0.132232
711 0.132192
712 0.132174
713 0.1322
714 0.132246
715 0.132266
716 0.132205
717 0.132136
718 0.132144
719 0.132052
720 0.132024
721 0.13198
722 0.131974
723 0.131891
724 0.131959
725 0.13188
726 0.131896
727 0.131817
728 0.131809
729 0.13171
730 0.131662
731 0.131755
732 0.13165
733 0.131747
734 0.131698
735 0.131639
736 0.131591
737 0.131427
738 0.131345
739 0.13133
740 0.131141
741 0.131213
742 0.131042
743 0.131048
744 0.130907
745 0.130876
746 0.130865
747 0.130845
748 0.130703
749 0.130741
750 0.130651
751 0.13056
752 0.130556
753 0.130474
754 0.130393
755 0.130382
756 0.130309
757 0.130239
758 0.13027
759 0.130215
760 0.130203
761 0.13004
762 0.130147
763 0.13011
764 0.130198
765 0.130018
766 0.130074
767 0.129966
768 0.130032
769 0.129933
770 0.130056
771 0.130074
772 0.12989
773 0.129865
774 0.1298
775 0.12974
776 0.129719
777 0.129652
778 0.129548
779 0.129631
780 0.129358
781 0.129254
782 0.129172
783 0.129013
784 0.128861
785 0.128932
786 0.128839
787 0.128712
788 0.128583
789 0.12866
790 0.128519
791 0.12843
792 0.12852
793 0.12831
794 0.128215
795 0.128116
796 0.128075
797 0.127883
798 0.127842
799 0.127824
800 0.12769
801 0.127499
802 0.127452
803 0.127357
804 0.12729
805 0.127227
806 0.127207
807 0.12711
808 0.127068
809 0.127127
810 0.127099
811 0.126952
812 0.12697
813 0.126941
814 0.126856
815 0.126851
816 0.126882
817 0.126959
818 0.127008
819 0.126976
820 0.12701
821 0.127005
822 0.126879
823 0.126946
824 0.126911
825 0.126831
826 0.126812
827 0.126642
828 0.126608
829 0.126579
830 0.126498
831 0.126405
832 0.126327
833 0.126351
834 0.126268
835 0.12618
836 0.126017
837 0.125905
838 0.125858
839 0.125795
840 0.12562
841 0.125495
842 0.125484
843 0.125412
844 0.125428
845 0.125435
846 0.125366
847 0.125246
848 0.125202
849 0.125226
850 0.12511
851 0.125032
852 0.124919
853 0.124911
854 0.124868
855 0.124748
856 0.124701
857 0.124818
858 0.124723
859 0.124798
860 0.124608
861 0.12461
862 0.124524
863 0.124521
864 0.124373
865 0.124356
866 0.124302
867 0.124228
868 0.12427
869 0.124185
870 0.124138
871 0.124168
872 0.124026
873 0.124105
874 0.124025
875 0.12397
876 0.123958
877 0.123868
878 0.123861
879 0.123667
880 0.123646
881 0.123603
882 0.123668
883 0.123622
884 0.123445
885 0.123458
886 0.123444
887 0.123434
888 0.123361
889 0.12327
890 0.123259
891 0.123255
892 0.123199
893 0.123121
894 0.123058
895 0.123027
896 0.123016
897 0.122873
898 0.122816
899 0.122795
900 0.12281
901 0.12272
902 0.122721
903 0.122666
904 0.122593
905 0.122544
906 0.122521
907 0.122562
908 0.122552
909 0.122436
910 0.122317
911 0.122347
912 0.122292
913 0.122273
914 0.12221
915 0.12229
916 0.122128
917 0.122221
918 0.122039
919 0.121998
920 0.121976
921 0.121947
922 0.121894
923 0.121919
924 0.121838
925 0.121791
926 0.121756
927 0.121692
928 0.121525
929 0.121487
930 0.121395
931 0.121329
932 0.121204
933 0.121173
934 0.121055
935 0.120903
936 0.120971
937 0.120979
938 0.120939
939 0.121
940 0.121048
941 0.120963
942 0.120965
943 0.120962
944 0.120836
945 0.121019
946 0.120939
947 0.120897
948 0.120845
949 0.120951
950 0.120905
951 0.120963
952 0.120929
953 0.120822
954 0.120787
955 0.120831
956 0.120813
957 0.120846
958 0.120769
959 0.120736
960 0.120802
961 0.120614
962 0.12066
963 0.12057
964 0.120642
965 0.120519
966 0.120556
967 0.120493
968 0.120476
969 0.120395
970 0.12034
971 0.12031
972 0.120242
973 0.120225
974 0.120255
975 0.12024
976 0.120219
977 0.120202
978 0.120099
979 0.12004
980 0.120065
981 0.11991
982 0.119827
983 0.119818
984 0.119711
985 0.119552
986 0.119451
987 0.119304
988 0.119265
989 0.119204
990 0.11913
991 0.119151
992 0.119147
993 0.119144
994 0.11911
995 0.118957
996 0.118879
997 0.118851
998 0.118736
999 0.118705
1000 0.118758
1001 0.118775
1002 0.118639
1003 0.118619
1004 0.118558
1005 0.118475
1006 0.118429
1007 0.118446
1008 0.118516
1009 0.118439
1010 0.118491
1011 0.118559
1012 0.118418
1013 0.118511
1014 0.118587
1015 0.118463
1016 0.11838
1017 0.118381
1018 0.118311
1019 0.118228
1020 0.118236
1021 0.118151
1022 0.118228
1023 0.118177
1024 0.118126
1025 0.11805
1026 0.118068
1027 0.118008
1028 0.117951
1029 0.117942
1030 0.117866
1031 0.117802
1032 0.117751
1033 0.117827
1034 0.117852
1035 0.117919
1036 0.117861
1037 0.117829
1038 0.117851
1039 0.117804
1040 0.117763
1041 0.117843
1042 0.117698
1043 0.117635
1044 0.117687
1045 0.117717
1046 0.117658
1047 0.117664
1048 0.117647
1049 0.117594
1050 0.117563
1051 0.117509
1052 0.11743
1053 0.117496
1054 0.117442
1055 0.117406
1056 0.117216
1057 0.117129
1058 0.117069
1059 0.116905
1060 0.116983
1061 0.116999
1062 0.116855
1063 0.116764
1064 0.11675
1065 0.116659
1066 0.116713
1067 0.116675
1068 0.116592
1069 0.116552
1070 0.116584
1071 0.116582
1072 0.11662
1073 0.116552
1074 0.116522
1075 0.116585
1076 0.11663
1077 0.116534
1078 0.116468
1079 0.116561
1080 0.116415
1081 0.116329
1082 0.116219
1083 0.116206
1084 0.116193
1085 0.116241
1086 0.116141
1087 0.116138
1088 0.116032
1089 0.116024
1090 0.116002
1091 0.115922
1092 0.116046
1093 0.115921
1094 0.115942
1095 0.115892
1096 0.115855
1097 0.115746
1098 0.115692
1099 0.115612
1100 0.115597
1101 0.115709
1102 0.115622
1103 0.115576
1104 0.115467
1105 0.115424
1106 0.115388
1107 0.115404
1108 0.115352
1109 0.115219
1110 0.115343
1111 0.115341
1112 0.115313
1113 0.115262
1114 0.115064
1115 0.115096
1116 0.115109
1117 0.115114
1118 0.115083
1119 0.115074
1120 0.114926
1121 0.11483
1122 0.114776
1123 0.114827
1124 0.114826
1125 0.11473
1126 0.11468
1127 0.114731
1128 0.114879
1129 0.114802
1130 0.114695
1131 0.114672
1132 0.114599
1133 0.114511
1134 0.114531
1135 0.114362
1136 0.114385
1137 0.114352
1138 0.114286
1139 0.114302
1140 0.114275
1141 0.114237
1142 0.114236
1143 0.114233
1144 0.114226
1145 0.114175
1146 0.114139
1147 0.114061
1148 0.113837
1149 0.113899
1150 0.113843
1151 0.113767
1152 0.113767
1153 0.113627
1154 0.113624
1155 0.113498
1156 0.113423
1157 0.113302
1158 0.113174
1159 0.11317
1160 0.113199
1161 0.112926
1162 0.112924
1163 0.112939
1164 0.112777
1165 0.112697
1166 0.112623
1167 0.112534
1168 0.112483
1169 0.112415
1170 0.112345
1171 0.112217
1172 0.112156
1173 0.112111
1174 0.112005
1175 0.112013
1176 0.112027
1177 0.111879
1178 0.111844
1179 0.111856
1180 0.111841
1181 0.111829
1182 0.111966
1183 0.111964
1184 0.111865
1185 0.11181
1186 0.111706
1187 0.111582
1188 0.111608
1189 0.111638
1190 0.111643
1191 0.111705
1192 0.111557
1193 0.111611
1194 0.111569
1195 0.111499
1196 0.111408
1197 0.111431
1198 0.111261
1199 0.111271
1200 0.111284
1201 0.111303
1202 0.111279
1203 0.1113
1204 0.111247
1205 0.11116
1206 0.111128
1207 0.111119
1208 0.111038
1209 0.111017
1210 0.111085
1211 0.111059
1212 0.111057
1213 0.111115
1214 0.111069
1215 0.110939
1216 0.110924
1217 0.110983
1218 0.110837
1219 0.110812
1220 0.110766
1221 0.110765
1222 0.110706
1223 0.110551
1224 0.110512
1225 0.110516
1226 0.110427
1227 0.110432
1228 0.110376
1229 0.110427
1230 0.110305
1231 0.110441
1232 0.110494
1233 0.110421
1234 0.110423
1235 0.110512
1236 0.110569
1237 0.110596
1238 0.110655
1239 0.110601
1240 0.110555
1241 0.110424
1242 0.110592
1243 0.110555
1244 0.110593
1245 0.110642
1246 0.110595
1247 0.110615
1248 0.110633
1249 0.11055
1250 0.110534
1251 0.110607
1252 0.110623
1253 0.110757
1254 0.110613
1255 0.110613
1256 0.110579
1257 0.110582
1258 0.110578
1259 0.11055
1260 0.110623
1261 0.11049
1262 0.110516
1263 0.110449
1264 0.110426
1265 0.110367
1266 0.110379
1267 0.110322
1268 0.110331
1269 0.110222
1270 0.110212
1271 0.110076
1272 0.110048
1273 0.110099
1274 0.109943
1275 0.109852
1276 0.10983
1277 0.109795
1278 0.109675
1279 0.109601
1280 0.109751
1281 0.109583
1282 0.109524
1283 0.109526
1284 0.109496
1285 0.109514
1286 0.109409
1287 0.109397
1288 0.109327
1289 0.109343
1290 0.109333
1291 0.109367
1292 0.109359
1293 0.109287
1294 0.109267
1295 0.109237
1296 0.109273
1297 0.10926
1298 0.10923
1299 0.109195
1300 0.109165
1301 0.109089
1302 0.108986
1303 0.108916
1304 0.108881
1305 0.10887
1306 0.108861
1307 0.10882
1308 0.108759
1309 0.108843
1310 0.108849
1311 0.108678
1312 0.108738
1313 0.108742
1314 0.108627
1315 0.108695
1316 0.108596
1317 0.108566
1318 0.108498
1319 0.108452
1320 0.108528
1321 0.108483
1322 0.108602
1323 0.108422
1324 0.1084
1325 0.10843
1326 0.108423
1327 0.108418
1328 0.108346
1329 0.108348
1330 0.108197
1331 0.108156
1332 0.108104
1333 0.10806
1334 0.107924
1335 0.107982
1336 0.107861
1337 0.107905
1338 0.107731
1339 0.107702
1340 0.107631
1341 0.107672
1342 0.107697
1343 0.107627
1344 0.107713
1345 0.107701
1346 0.107745
1347 0.107704
1348 0.10775
1349 0.107729
1350 0.107674
1351 0.107637
1352 0.107678
1353 0.107565
1354 0.107573
1355 0.107515
1356 0.107406
1357 0.107343
1358 0.107427
1359 0.107426
1360 0.107326
1361 0.107233
1362 0.1072
1363 0.107139
1364 0.107142
1365 0.106991
1366 0.107005
1367 0.106945
1368 0.106913
1369 0.106745
1370 0.10676
1371 0.106614
1372 0.106711
1373 0.106631
1374 0.106668
1375 0.106613
1376 0.106538
1377 0.106525
1378 0.106426
1379 0.106433
1380 0.106343
1381 0.106453
1382 0.106409
1383 0.106399
1384 0.106475
1385 0.106452
1386 0.10647
1387 0.106497
1388 0.106454
1389 0.106436
1390 0.106482
1391 0.106422
1392 0.106418
1393 0.106486
1394 0.106486
1395 0.106456
1396 0.106445
1397 0.106326
1398 0.10636
1399 0.106335
1400 0.106325
1401 0.106324
1402 0.106241
1403 0.106288
1404 0.10617
1405 0.106143
1406 0.10611
1407 0.106128
1408 0.106084
1409 0.106037
1410 0.105903
1411 0.105963
1412 0.105982
1413 0.105981
1414 0.105978
1415 0.106085
1416 0.106057
1417 0.106094
1418 0.106058
1419 0.106065
1420 0.106027
1421 0.106164
1422 0.106248
1423 0.10614
1424 0.106282
1425 0.106234
1426 0.106153
1427 0.106092
1428 0.106074
1429 0.106172
1430 0.106105
1431 0.10606
1432 0.106112
1433 0.106037
1434 0.106165
1435 0.106133
1436 0.106114
1437 0.106056
1438 0.106087
1439 0.106088
1440 0.106245
1441 0.10613
1442 0.106114
1443 0.106046
1444 0.105932
1445 0.105917
1446 0.105816
1447 0.105781
1448 0.105701
1449 0.105752
1450 0.105777
1451 0.105731
1452 0.105674
1453 0.105835
1454 0.105727
1455 0.105624
1456 0.105706
1457 0.105627
1458 0.105604
1459 0.105593
1460 0.1055
1461 0.105432
1462 0.105371
1463 0.10545
1464 0.105429
1465 0.105461
1466 0.105418
1467 0.1054
1468 0.10544
1469 0.105458
1470 0.105445
1471 0.105365
1472 0.105336
1473 0.105366
1474 0.105259
1475 0.105251
1476 0.105254
1477 0.105153
1478 0.105141
1479 0.105091
1480 0.105066
1481 0.10506
1482 0.105103
1483 0.10505
1484 0.104965
1485 0.104941
1486 0.10498
1487 0.104948
1488 0.104915
1489 0.104863
1490 0.10483
1491 0.104747
1492 0.104826
1493 0.104641
1494 0.104641
1495 0.104632
1496 0.104634
1497 0.104684
1498 0.104661
1499 0.104614
1500 0.104529
1501 0.104532
1502 0.104503
1503 0.104383
1504 0.104322
1505 0.104228
1506 0.10426
1507 0.104118
1508 0.104137
1509 0.104089
1510 0.104021
1511 0.104054
1512 0.104032
1513 0.103911
1514 0.103818
1515 0.10371
1516 0.103783
1517 0.103747
1518 0.103673
1519 0.103726
1520 0.103603
1521 0.103586
1522 0.103447
1523 0.103486
1524 0.103388
1525 0.103347
1526 0.103418
1527 0.103236
1528 0.103163
1529 0.103079
1530 0.102966
1531 0.102877
1532 0.102666
1533 0.10262
1534 0.102586
1535 0.102493
1536 0.102504
1537 0.102395
1538 0.102238
1539 0.102212
1540 0.102145
1541 0.102185
1542 0.102139
1543 0.102038
1544 0.101976
1545 0.101902
1546 0.101934
1547 0.102018
1548 0.10189
1549 0.101977
1550 0.101918
1551 0.101872
1552 0.101894
1553 0.101867
1554 0.101863
1555 0.101785
1556 0.101736
1557 0.101712
1558 0.101774
1559 0.101753
1560 0.101688
1561 0.101801
1562 0.101706
1563 0.101707
1564 0.101634
1565 0.101722
1566 0.101656
1567 0.101726
1568 0.101724
1569 0.101722
1570 0.101684
1571 0.101657
1572 0.101774
1573 0.101801
1574 0.101783
1575 0.101734
1576 0.101708
1577 0.101746
1578 0.101742
1579 0.101846
1580 0.101869
1581 0.101898
1582 0.101851
1583 0.10198
1584 0.10188
1585 0.101797
1586 0.101833
1587 0.101734
1588 0.101729
1589 0.101803
1590 0.101673
1591 0.101702
1592 0.101689
1593 0.10168
1594 0.101628
1595 0.101541
1596 0.101495
1597 0.101523
1598 0.101516
1599 0.101455
1600 0.101534
1601 0.101442
1602 0.101515
1603 0.101423
1604 0.101326
1605 0.101301
1606 0.101272
1607 0.101307
1608 0.101216
1609 0.101219
1610 0.101087
1611 0.101142
1612 0.101093
1613 0.100967
1614 0.101012
1615 0.101065
1616 0.10101
1617 0.100968
1618 0.100957
1619 0.10088
1620 0.100993
1621 0.101008
1622 0.100986
1623 0.101001
1624 0.100904
1625 0.10091
1626 0.100852
1627 0.100938
1628 0.100805
1629 0.10081
1630 0.100775
1631 0.100779
1632 0.100816
1633 0.100799
1634 0.100743
1635 0.10064
1636 0.100577
1637 0.10052
1638 0.10048
1639 0.100464
1640 0.100434
1641 0.100317
1642 0.100292
1643 0.100154
1644 0.100144
1645 0.10011
1646 0.10014
1647 0.100112
1648 0.100132
1649 0.0999633
1650 0.100082
1651 0.100031
1652 0.1001
1653 0.100195
1654 0.100016
1655 0.0999265
1656 0.099992
1657 0.099903
1658 0.0997859
1659 0.0997806
1660 0.0997669
1661 0.0997821
1662 0.0996627
1663 0.0996354
1664 0.0996796
1665 0.0996665
1666 0.0996193
1667 0.0995588
1668 0.0996254
1669 0.0995898
1670 0.0995065
1671 0.0996435
1672 0.0995631
1673 0.0995253
1674 0.0994549
1675 0.0994651
1676 0.0994691
1677 0.0995647
1678 0.0995803
1679 0.0995663
1680 0.0995976
1681 0.0996153
1682 0.0995882
1683 0.0996444
1684 0.0997324
1685 0.0996366
1686 0.0994276
1687 0.0995641
1688 0.099551
1689 0.0994238
1690 0.0994462
1691 0.0994447
1692 0.0994137
1693 0.0994114
1694 0.0993873
1695 0.0993664
1696 0.0993747
1697 0.0993074
1698 0.0992665
1699 0.0991968
1700 0.0992007
1701 0.0991954
1702 0.0992792
1703 0.0993506
1704 0.099315
1705 0.0992554
1706 0.0991834
1707 0.0991368
1708 0.0990589
1709 0.0990441
1710 0.0990239
1711 0.0990717
1712 0.0991112
1713 0.0990076
1714 0.09896
1715 0.0988956
1716 0.0988468
1717 0.098814
1718 0.0988185
1719 0.0988171
1720 0.0988343
1721 0.098874
1722 0.0988266
1723 0.0988103
1724 0.0988272
1725 0.098749
1726 0.0988066
1727 0.0989947
1728 0.0989185
1729 0.0989653
1730 0.098972
1731 0.0989581
1732 0.0990157
1733 0.0989366
1734 0.0989015
1735 0.0988727
1736 0.0987754
1737 0.098789
1738 0.0986513
1739 0.0986419
1740 0.0986293
1741 0.0984395
1742 0.0984566
1743 0.0983735
1744 0.098326
1745 0.0983098
1746 0.0982375
1747 0.0981039
1748 0.0980707
1749 0.0979884
1750 0.0979128
1751 0.0979325
1752 0.0978732
1753 0.097844
1754 0.0978156
1755 0.0977636
1756 0.0979147
1757 0.0978263
1758 0.097856
1759 0.0978182
1760 0.0977995
1761 0.0978903
1762 0.0977862
1763 0.097816
1764 0.0978133
1765 0.0978151
1766 0.097826
1767 0.0977848
1768 0.0978521
1769 0.0978795
1770 0.0977943
1771 0.0978912
1772 0.0978453
1773 0.0977728
1774 0.0977759
1775 0.0977978
1776 0.0978277
1777 0.0978632
1778 0.0978642
1779 0.0977336
1780 0.0977317
1781 0.0976084
1782 0.097739
1783 0.097677
1784 0.0976395
1785 0.0975907
1786 0.097545
1787 0.0974436
1788 0.097518
1789 0.0973644
1790 0.0973256
1791 0.0972778
1792 0.0971798
1793 0.0971523
1794 0.0971308
1795 0.0970632
1796 0.0970973
1797 0.0971614
1798 0.0970723
1799 0.0971417
1800 0.0970561
1801 0.0971545
1802 0.0971717
1803 0.0970818
1804 0.0970864
1805 0.0970445
1806 0.0968975
1807 0.0969356
1808 0.09684
1809 0.0968851
1810 0.0967373
1811 0.0967729
1812 0.0967157
1813 0.0966724
1814 0.0968078
1815 0.0967331
1816 0.0966672
1817 0.0966341
1818 0.0965081
1819 0.0965168
1820 0.0965556
1821 0.0965151
1822 0.0966042
1823 0.0965537
1824 0.0965267
1825 0.0964423
1826 0.0965625
1827 0.0965395
1828 0.0965914
1829 0.0965471
1830 0.0964999
1831 0.0965328
1832 0.0965371
1833 0.0965867
1834 0.096477
1835 0.0964971
1836 0.0963992
1837 0.0962602
1838 0.0963334
1839 0.0963047
1840 0.0962145
1841 0.0961631
1842 0.0961885
1843 0.0961497
1844 0.0960223
1845 0.0960111
1846 0.0960916
1847 0.0960386
1848 0.0959953
1849 0.0959308
1850 0.0958202
1851 0.09591
1852 0.0958306
1853 0.0959667
1854 0.0959822
1855 0.0959904
1856 0.0958753
1857 0.0957789
1858 0.0957505
1859 0.0956215
1860 0.0956343
1861 0.0955457
1862 0.095584
1863 0.0955666
1864 0.095594
1865 0.0955032
1866 0.09545
1867 0.0953577
1868 0.0954015
1869 0.0954419
1870 0.0953951
1871 0.0955276
1872 0.0953959
1873 0.0954878
1874 0.0953574
1875 0.0952181
1876 0.0952088
1877 0.0951329
1878 0.0951964
1879 0.095221
1880 0.0951421
1881 0.0951602
1882 0.0952001
1883 0.0951715
1884 0.0951753
1885 0.0952452
1886 0.095098
1887 0.0952289
1888 0.0951388
1889 0.0951155
1890 0.0949892
1891 0.0949886
1892 0.0949838
1893 0.0949678
1894 0.0949073
1895 0.0949683
1896 0.0949459
1897 0.094923
1898 0.09495
1899 0.0949968
1900 0.0948284
1901 0.094722
1902 0.0945907
1903 0.0945596
1904 0.094525
1905 0.0944057
1906 0.0943037
1907 0.0942267
1908 0.0943075
1909 0.0942432
1910 0.0940974
1911 0.0941128
1912 0.094035
1913 0.0939592
1914 0.093937
1915 0.094004
1916 0.093996
1917 0.094053
1918 0.093898
1919 0.0939305
1920 0.0939347
1921 0.0938952
1922 0.0938138
1923 0.0936583
1924 0.0936944
1925 0.0936062
1926 0.0935578
1927 0.093599
1928 0.0935645
1929 0.0935544
1930 0.0935045
1931 0.0935726
1932 0.0933737
1933 0.0933985
1934 0.0932315
1935 0.0932161
1936 0.093281
1937 0.0933064
1938 0.0933201
1939 0.0934614
1940 0.0933834
1941 0.0933478
1942 0.093196
1943 0.0932138
1944 0.0931643
1945 0.09302
1946 0.0930633
1947 0.0930142
1948 0.0929458
1949 0.0928385
1950 0.0928807
1951 0.0930176
1952 0.092964
1953 0.0929168
1954 0.0930791
1955 0.0929625
1956 0.0930258
1957 0.0930853
1958 0.0929566
1959 0.0929421
1960 0.092912
1961 0.0928201
1962 0.0927857
1963 0.092845
1964 0.0927999
1965 0.0927688
1966 0.0927193
1967 0.0926835
1968 0.0927187
1969 0.0925037
1970 0.0925291
1971 0.0923786
1972 0.0923749
1973 0.0923675
1974 0.0923034
1975 0.0923309
1976 0.0923248
1977 0.0924001
1978 0.0923089
1979 0.092324
1980 0.0921839
1981 0.092229
1982 0.0920767
1983 0.0920664
1984 0.0920174
1985 0.0919954
1986 0.0920089
1987 0.0918845
1988 0.091895
1989 0.0918764
1990 0.0917051
1991 0.0917301
1992 0.0918006
1993 0.0916992
1994 0.0917396
1995 0.0917887
1996 0.0917013
1997 0.0916588
1998 0.0915817
1999 0.0916519
2000 0.0916278
2001 0.0915959
2002 0.0915945
2003 0.0915407
2004 0.0915025
2005 0.0913802
2006 0.0914899
2007 0.0916565
2008 0.0915097
2009 0.0914766
2010 0.0914981
2011 0.0914293
2012 0.0913575
2013 0.0913429
2014 0.0912388
2015 0.0913367
2016 0.0912516
2017 0.0912306
2018 0.0912927
2019 0.0912949
2020 0.0912782
2021 0.0912434
2022 0.0912243
2023 0.0914634
2024 0.091444
2025 0.0913971
2026 0.0913598
2027 0.091378
2028 0.0912856
2029 0.0913623
2030 0.091522
2031 0.0914838
2032 0.0914127
2033 0.0913709
2034 0.0913903
2035 0.0914584
2036 0.0914326
2037 0.0913751
2038 0.0912242
2039 0.0912186
2040 0.091071
2041 0.0911619
2042 0.0911737
2043 0.091239
2044 0.0912912
2045 0.0912173
2046 0.0912395
2047 0.0912914
2048 0.0913271
2049 0.0911471
2050 0.0910989
2051 0.0911035
2052 0.0909711
2053 0.0908929
2054 0.090925
2055 0.0908428
2056 0.090951
2057 0.0908781
2058 0.0908528
2059 0.0907766
2060 0.0907786
2061 0.090688
2062 0.0906059
2063 0.0905293
2064 0.0904367
2065 0.0904697
2066 0.0903778
2067 0.0903746
2068 0.0903821
2069 0.0902476
2070 0.0902845
2071 0.0902863
2072 0.090268
2073 0.090195
2074 0.0901418
2075 0.0900694
2076 0.0900866
2077 0.0900101
2078 0.0899319
2079 0.0899683
2080 0.0899892
2081 0.0899798
2082 0.0899141
2083 0.0898786
2084 0.0897948
2085 0.0898135
2086 0.0897257
2087 0.0896593
2088 0.0896403
2089 0.0895851
2090 0.0896339
2091 0.0896773
2092 0.0897047
2093 0.0896088
2094 0.0896267
2095 0.0894948
2096 0.0894386
2097 0.0893576
2098 0.0893038
2099 0.0893022
2100 0.0892512
2101 0.0890669
2102 0.0891242
2103 0.0890511
2104 0.0891333
2105 0.0890229
2106 0.0890729
2107 0.0889326
2108 0.0889722
2109 0.088971
2110 0.0888476
2111 0.0887468
2112 0.088708
2113 0.0886275
2114 0.0886495
2115 0.0887921
2116 0.0886409
2117 0.0886889
2118 0.088568
2119 0.088589
2120 0.0885044
2121 0.0884061
2122 0.088411
2123 0.0884101
2124 0.0884348
2125 0.0884061
2126 0.0885364
2127 0.0885589
2128 0.0885247
2129 0.0884871
2130 0.0885877
2131 0.0884888
2132 0.0884629
2133 0.0885974
2134 0.0887035
2135 0.0886517
2136 0.088703
2137 0.088694
2138 0.0886304
2139 0.0886422
2140 0.088715
2141 0.0887645
2142 0.0887037
2143 0.0887471
2144 0.0887855
2145 0.0889481
2146 0.088848
2147 0.0889158
2148 0.0888776
2149 0.088995
2150 0.0891151
2151 0.0890309
2152 0.0890842
2153 0.0891384
2154 0.0890837
2155 0.089113
2156 0.0892078
2157 0.0891944
2158 0.0891992
2159 0.089153
2160 0.0890527
2161 0.0890742
2162 0.089089
2163 0.089007
2164 0.0889188
2165 0.0888454
2166 0.0888425
2167 0.0888079
2168 0.0888432
2169 0.0887167
2170 0.0887948
2171 0.0886645
2172 0.0887259
2173 0.0886986
2174 0.088771
2175 0.0887043
2176 0.0887117
2177 0.0887555
2178 0.088793
2179 0.0887169
2180 0.0886223
2181 0.0886315
2182 0.0886858
2183 0.0886465
2184 0.0886586
2185 0.0887232
2186 0.0887085
2187 0.0887784
2188 0.0886889
2189 0.0886207
2190 0.0886105
2191 0.0887326
2192 0.0886962
2193 0.0887186
2194 0.0886827
2195 0.0886906
2196 0.0886046
2197 0.088577
2198 0.0886741
2199 0.0886728
2200 0.0885749
2201 0.0885368
2202 0.0884508
2203 0.0885776
2204 0.0885681
2205 0.088488
2206 0.0884786
2207 0.0884025
2208 0.0884057
2209 0.0884651
2210 0.0884929
2211 0.0884743
2212 0.088381
2213 0.0884017
2214 0.088539
2215 0.0884126
2216 0.0884048
2217 0.0883851
2218 0.0883731
2219 0.0883597
2220 0.0883162
2221 0.0883015
2222 0.0882295
2223 0.0881655
2224 0.0880423
2225 0.0880234
2226 0.0880768
2227 0.0879746
2228 0.0879894
2229 0.0879052
2230 0.0879229
2231 0.0878224
2232 0.0878641
2233 0.0878884
2234 0.0878121
2235 0.0877275
2236 0.0877442
2237 0.087665
2238 0.0876056
2239 0.0875773
2240 0.0876309
2241 0.0875803
2242 0.0876091
2243 0.0877473
2244 0.0877142
2245 0.0877251
2246 0.0876561
2247 0.0877382
2248 0.0875814
2249 0.087494
2250 0.087384
2251 0.0873814
2252 0.0873067
2253 0.0872673
2254 0.0872325
2255 0.0871073
2256 0.0871218
2257 0.0871336
2258 0.0869709
2259 0.0869026
2260 0.0869625
2261 0.0867982
2262 0.08665
2263 0.0867274
2264 0.0866957
2265 0.0867308
2266 0.0866101
2267 0.086604
2268 0.086559
2269 0.0864776
2270 0.0864246
2271 0.0864337
2272 0.0865169
2273 0.0863965
2274 0.0864013
2275 0.0863186
2276 0.0863023
2277 0.0862283
2278 0.0862962
2279 0.0861953
2280 0.0861574
2281 0.0861226
2282 0.08618
2283 0.0861113
2284 0.0861437
2285 0.0862674
2286 0.0862801
2287 0.0862876
2288 0.0862922
2289 0.0861923
2290 0.0861228
2291 0.0860253
2292 0.085915
2293 0.0860084
2294 0.0860482
2295 0.0858997
2296 0.0859383
2297 0.0858423
2298 0.0860048
2299 0.085876
2300 0.0858603
2301 0.0858096
2302 0.0857775
2303 0.0857853
2304 0.0858091
2305 0.0856529
2306 0.0856055
2307 0.0856431
2308 0.085494
2309 0.0854581
2310 0.0855156
2311 0.0855402
2312 0.085531
2313 0.0855388
2314 0.0855736
2315 0.0854843
2316 0.0854622
2317 0.0854047
2318 0.0853
2319 0.0851471
2320 0.08522
2321 0.08525
2322 0.0851513
2323 0.0851308
2324 0.0849777
2325 0.0849882
2326 0.0849536
2327 0.0849428
2328 0.0849869
2329 0.0851113
2330 0.085135
2331 0.0852045
2332 0.0851102
2333 0.0851926
2334 0.0850884
2335 0.0852011
2336 0.0852386
2337 0.0853808
2338 0.0853809
2339 0.0855205
2340 0.0854961
2341 0.085465
2342 0.0854951
2343 0.0854195
2344 0.0854646
2345 0.085393
2346 0.0853201
2347 0.0853612
2348 0.085431
2349 0.0853309
2350 0.0854012
2351 0.0853683
2352 0.0853049
2353 0.0852456
2354 0.0854399
2355 0.0853247
2356 0.0853786
2357 0.0853739
2358 0.0853756
2359 0.0854725
2360 0.0855302
2361 0.0855678
2362 0.0855825
2363 0.0855742
2364 0.0856301
2365 0.0856274
2366 0.0856445
2367 0.0856776
2368 0.0857467
2369 0.0857837
2370 0.0857261
2371 0.0857773
2372 0.0857146
2373 0.0857378
2374 0.0856487
2375 0.0856393
2376 0.0855661
2377 0.0855551
2378 0.0855758
2379 0.085627
2380 0.085654
2381 0.0857312
2382 0.0857208
2383 0.0855968
2384 0.0855876
2385 0.0855561
2386 0.0855829
2387 0.0854636
2388 0.0853655
2389 0.0853637
2390 0.0852516
2391 0.0852383
2392 0.0852179
2393 0.0851285
2394 0.0852049
2395 0.0852107
2396 0.0851437
2397 0.0850034
2398 0.0850152
2399 0.0850043
2400 0.0849761
2401 0.0850025
2402 0.0850844
2403 0.0850077
2404 0.0850753
2405 0.0850214
2406 0.0850038
2407 0.0851083
2408 0.0850531
2409 0.0850797
2410 0.0852136
2411 0.0851601
2412 0.0850018
2413 0.0850793
2414 0.0851632
2415 0.0851685
2416 0.0851479
2417 0.0852873
2418 0.0851883
2419 0.0852714
2420 0.085149
2421 0.0851402
2422 0.0851907
2423 0.0851784
2424 0.0852787
2425 0.0852557
2426 0.0852609
2427 0.0853524
2428 0.0852689
2429 0.085284
2430 0.0851812
2431 0.0851872
2432 0.0851773
2433 0.0851358
2434 0.085121
2435 0.0850899
2436 0.0850858
2437 0.0850307
2438 0.0850831
2439 0.0850999
2440 0.0851374
2441 0.0850904
2442 0.0849909
2443 0.0848542
2444 0.0847694
2445 0.0847433
2446 0.0847315
2447 0.0847123
2448 0.0847134
2449 0.0847378
2450 0.084723
2451 0.0846968
2452 0.0847687
2453 0.0847111
2454 0.0846791
2455 0.0846226
2456 0.0845997
2457 0.0846242
2458 0.0846484
2459 0.0844896
2460 0.0845921
2461 0.0845302
2462 0.0844811
2463 0.0844936
2464 0.084359
2465 0.0843015
2466 0.0843139
2467 0.0841993
2468 0.0841979
2469 0.0841904
2470 0.0840746
2471 0.0841236
2472 0.0841148
2473 0.0840886
2474 0.0840909
2475 0.083906
2476 0.0839859
2477 0.0839146
2478 0.0838826
2479 0.0839272
2480 0.0839002
2481 0.0838556
2482 0.0838647
2483 0.0840082
2484 0.0839601
2485 0.0838643
2486 0.0838256
2487 0.0838938
2488 0.0838516
2489 0.0838917
2490 0.0837294
2491 0.0836341
2492 0.083681
2493 0.0837074
2494 0.0836485
2495 0.0836362
2496 0.0835565
2497 0.0836347
2498 0.0836154
2499 0.0835786
2500 0.0835392
2501 0.0836266
2502 0.0835893
2503 0.0834948
2504 0.0835543
2505 0.0835814
2506 0.0835169
2507 0.0834448
2508 0.0834551
2509 0.083402
2510 0.0832219
2511 0.0831935
2512 0.083139
2513 0.0832059
2514 0.0830799
2515 0.0831571
2516 0.0832195
2517 0.0831711
2518 0.0832088
2519 0.083115
2520 0.0830952
2521 0.083003
2522 0.0830225
2523 0.0829801
2524 0.0829495
2525 0.0829376
2526 0.0828521
2527 0.082742
2528 0.082773
2529 0.082778
2530 0.0826523
2531 0.0826825
2532 0.0826597
2533 0.0826171
2534 0.0827278
2535 0.0826623
2536 0.0824223
2537 0.0824847
2538 0.0823672
2539 0.0822648
2540 0.0822469
2541 0.0821449
2542 0.0820768
2543 0.0819808
2544 0.0820235
2545 0.0818878
2546 0.0818966
2547 0.0818866
2548 0.0818272
2549 0.0816396
2550 0.0816414
2551 0.0816833
2552 0.0815208
2553 0.0817026
2554 0.0817327
2555 0.0816643
2556 0.0816961
2557 0.081719
2558 0.0816945
2559 0.0818014
2560 0.081745
2561 0.0817669
2562 0.0816185
2563 0.0816918
2564 0.0816314
2565 0.0813771
2566 0.081422
2567 0.0814984
2568 0.0815054
2569 0.0815731
2570 0.0815154
2571 0.0814718
2572 0.081551
2573 0.0814311
2574 0.0813868
2575 0.0813359
2576 0.0813416
2577 0.081297
2578 0.0812253
2579 0.081297
2580 0.0814085
2581 0.081337
2582 0.0812898
2583 0.0812039
2584 0.081132
2585 0.0810685
2586 0.0811197
2587 0.0810931
2588 0.0809886
2589 0.0809931
2590 0.0808562
2591 0.0809339
2592 0.0808029
2593 0.0807419
2594 0.0807229
2595 0.0806755
2596 0.080651
2597 0.0806058
2598 0.0805907
2599 0.0805772
2600 0.0806053
2601 0.0806042
2602 0.0804819
2603 0.080464
2604 0.0804561
2605 0.0804792
2606 0.080489
2607 0.0804979
2608 0.0804352
2609 0.0805795
2610 0.080529
2611 0.0803995
2612 0.0804043
2613 0.0803983
2614 0.080429
2615 0.0804103
2616 0.0803615
2617 0.0802882
2618 0.0802355
2619 0.0802112
2620 0.0801972
2621 0.0800441
2622 0.0800892
2623 0.0799987
2624 0.0800683
2625 0.0800701
2626 0.0799502
2627 0.0799006
2628 0.0799602
2629 0.0799299
2630 0.0798897
2631 0.0798331
2632 0.0798376
2633 0.0797356
2634 0.0796028
2635 0.0794736
2636 0.0795829
2637 0.0795804
2638 0.0795971
2639 0.0796714
2640 0.0795411
2641 0.0795106
2642 0.0795473
2643 0.0795324
2644 0.0793923
2645 0.0794623
2646 0.0794304
2647 0.0793552
2648 0.0793658
2649 0.0792699
2650 0.0793294
2651 0.0792909
2652 0.0792935
2653 0.0792222
2654 0.0792193
2655 0.0792857
2656 0.0791275
2657 0.0791138
2658 0.0790775
2659 0.079087
2660 0.0791778
2661 0.0793052
2662 0.0792634
2663 0.0792941
2664 0.0793762
2665 0.0794666
2666 0.0794246
2667 0.0792972
2668 0.0793863
2669 0.0794396
2670 0.0795635
2671 0.0795237
2672 0.0793897
2673 0.0794512
2674 0.0794613
2675 0.0794002
2676 0.0794919
2677 0.0795464
2678 0.0795133
2679 0.0796394
2680 0.0796144
2681 0.0796188
2682 0.0795931
2683 0.0796543
2684 0.0795987
2685 0.0795663
2686 0.0795988
2687 0.0794759
2688 0.0794807
2689 0.0794603
2690 0.0794982
2691 0.0795208
2692 0.0794381
2693 0.0794572
2694 0.0793734
2695 0.0793642
2696 0.0793569
2697 0.0793234
2698 0.079221
2699 0.0792378
2700 0.0792192
2701 0.079179
2702 0.0790223
2703 0.0790238
2704 0.0789843
2705 0.0789692
2706 0.0788522
2707 0.0788624
2708 0.0787677
2709 0.0786633
2710 0.0787014
2711 0.0786288
2712 0.0786484
2713 0.0786031
2714 0.0785844
2715 0.0785617
2716 0.0784828
2717 0.0784501
2718 0.0784605
2719 0.0785152
2720 0.07846
2721 0.0784355
2722 0.0785281
2723 0.0784386
2724 0.0784211
2725 0.0784498
2726 0.0783688
2727 0.0783554
2728 0.0783992
2729 0.0783299
2730 0.0782243
2731 0.0781761
2732 0.0781739
2733 0.0781536
2734 0.0780221
2735 0.0779647
2736 0.0779516
2737 0.0779178
2738 0.0778265
2739 0.0777699
2740 0.0778188
2741 0.0776774
2742 0.0776576
2743 0.0777038
2744 0.0776135
2745 0.0774911
2746 0.0774553
2747 0.0776228
2748 0.0776314
2749 0.0777512
2750 0.0777352
2751 0.0777256
2752 0.0776464
2753 0.0776129
2754 0.0775973
2755 0.0776563
2756 0.0776933
2757 0.0776597
2758 0.0776652
2759 0.0777714
2760 0.0776479
2761 0.0776172
2762 0.0775977
2763 0.077719
2764 0.077616
2765 0.0776546
2766 0.077635
2767 0.0776148
2768 0.0776542
2769 0.0776094
2770 0.0776671
2771 0.0775329
2772 0.0775546
2773 0.0775575
2774 0.0776088
2775 0.077555
2776 0.0776255
2777 0.0775428
2778 0.0775492
2779 0.077636
2780 0.0776029
2781 0.077593
2782 0.0776467
2783 0.0776507
2784 0.0775899
2785 0.0776013
2786 0.0773278
2787 0.0774528
2788 0.0774551
2789 0.0773922
2790 0.077386
2791 0.0773709
2792 0.0772485
2793 0.0771085
2794 0.0771313
2795 0.0771762
2796 0.0773587
2797 0.0772879
2798 0.0772529
2799 0.0774344
2800 0.0774462
2801 0.0774863
2802 0.0775595
2803 0.0775226
2804 0.0774288
2805 0.0773283
2806 0.0772324
2807 0.07723
2808 0.0771958
2809 0.077208
2810 0.0771453
2811 0.0771727
2812 0.0770977
2813 0.077086
2814 0.0769465
2815 0.0769697
2816 0.0769681
2817 0.0770171
2818 0.0769189
2819 0.0770367
2820 0.077027
2821 0.0769532
2822 0.0768151
2823 0.0767871
2824 0.0768697
2825 0.0767713
2826 0.0767581
2827 0.0768264
2828 0.0768748
2829 0.0767379
2830 0.0766213
2831 0.0766239
2832 0.0766072
2833 0.0769325
2834 0.0768142
2835 0.076886
2836 0.0768836
2837 0.0769069
2838 0.0769455
2839 0.0769056
2840 0.0768803
2841 0.0769799
2842 0.076935
2843 0.0770913
2844 0.0771844
2845 0.0772425
2846 0.0773647
2847 0.0773885
2848 0.0772974
2849 0.0773391
2850 0.0774443
2851 0.0775219
2852 0.0776008
2853 0.0774959
2854 0.0775012
2855 0.0773917
2856 0.0774428
2857 0.0772566
2858 0.0772713
2859 0.077341
2860 0.0772219
2861 0.0772557
2862 0.0772811
2863 0.0773032
2864 0.077167
2865 0.0772242
2866 0.0771897
2867 0.07731
2868 0.0773571
2869 0.0772945
2870 0.0772424
2871 0.0772114
2872 0.0772312
2873 0.077251
2874 0.0771873
2875 0.077091
2876 0.0771936
2877 0.0772488
2878 0.0772068
2879 0.077175
2880 0.0771961
2881 0.0771666
2882 0.077135
2883 0.0769877
2884 0.076924
2885 0.0768723
2886 0.0767106
2887 0.0767182
2888 0.0767848
2889 0.0767234
2890 0.076795
2891 0.0767953
2892 0.0768373
2893 0.0768032
2894 0.0768421
2895 0.0768322
2896 0.0768144
2897 0.0767475
2898 0.0767891
2899 0.076647
2900 0.0765901
2901 0.0766327
2902 0.0765302
2903 0.0764817
2904 0.0765571
2905 0.0765574
2906 0.0766056
2907 0.0764741
2908 0.0765126
2909 0.0765231
2910 0.0764186
2911 0.0764109
2912 0.0764453
2913 0.0763956
2914 0.0763778
2915 0.076479
2916 0.0764354
2917 0.0764416
2918 0.0765051
2919 0.0765114
2920 0.0764273
2921 0.0764706
2922 0.0764777
2923 0.0764849
2924 0.0765463
2925 0.0764583
2926 0.0765438
2927 0.0764417
2928 0.0764208
2929 0.0765459
2930 0.0766021
2931 0.076712
2932 0.076703
2933 0.076537
2934 0.076777
2935 0.0767773
2936 0.0768167
2937 0.0767544
2938 0.0768424
2939 0.0768084
2940 0.0767843
2941 0.076755
2942 0.0767961
2943 0.0767217
2944 0.0767758
2945 0.0768396
2946 0.0767875
2947 0.0768165
2948 0.076875
2949 0.0767981
2950 0.0768681
2951 0.0766937
2952 0.0767381
2953 0.0767081
2954 0.0767602
2955 0.0765942
2956 0.0765734
2957 0.0766024
2958 0.0766713
2959 0.076677
2960 0.0765624
2961 0.0766197
2962 0.0765268
2963 0.0764887
2964 0.07653
2965 0.076266
2966 0.0763167
2967 0.0762859
2968 0.0762233
2969 0.0761791
2970 0.0762371
2971 0.0763461
2972 0.076288
2973 0.0763211
2974 0.0763807
2975 0.076239
2976 0.0763252
2977 0.076385
2978 0.076342
2979 0.0763898
2980 0.0763143
2981 0.0763317
2982 0.0762779
2983 0.076264
2984 0.0762678
2985 0.0762078
2986 0.0761902
2987 0.0762
2988 0.0762441
2989 0.0761716
2990 0.0760879
2991 0.076077
2992 0.0759113
2993 0.0759311
2994 0.0758727
2995 0.0758131
2996 0.0758277
2997 0.0757642
2998 0.0757315
2999 0.0756438
3000 0.075671
3001 0.0756097
3002 0.0755942
3003 0.0755606
3004 0.0754673
3005 0.0755705
3006 0.0754986
3007 0.0754234
3008 0.0754001
3009 0.0754566
3010 0.0753198
3011 0.0752423
3012 0.0751888
3013 0.0752258
3014 0.0751798
3015 0.0752949
3016 0.0752431
3017 0.0752794
3018 0.0754541
3019 0.0753196
3020 0.0753104
3021 0.0752645
3022 0.0752919
3023 0.0754057
3024 0.0754116
3025 0.0754932
3026 0.0754199
3027 0.0754713
3028 0.0755737
3029 0.0754645
3030 0.0754898
3031 0.0752714
3032 0.0753738
3033 0.0753439
3034 0.0754119
3035 0.0753619
3036 0.0753595
3037 0.0753105
3038 0.0751469
3039 0.0753362
3040 0.0752767
3041 0.0752692
3042 0.0752919
3043 0.0753018
3044 0.0752524
3045 0.0752405
3046 0.0752905
3047 0.0751105
3048 0.0752041
3049 0.0750868
3050 0.0750917
3051 0.0753403
3052 0.0753103
3053 0.0755152
3054 0.0753998
3055 0.0755867
3056 0.0754642
3057 0.0755225
3058 0.0754383
3059 0.075453
3060 0.0755773
3061 0.0754778
3062 0.0754903
3063 0.0756071
3064 0.0756546
3065 0.0756649
3066 0.0755008
3067 0.0754483
3068 0.0755508
3069 0.0754679
3070 0.0754316
3071 0.0754275
3072 0.0753445
3073 0.0754099
3074 0.0753198
3075 0.0753874
3076 0.0752985
3077 0.0753379
3078 0.0753193
3079 0.075168
3080 0.0751849
3081 0.0752336
3082 0.0752225
3083 0.0751064
3084 0.0752302
3085 0.0751845
3086 0.075111
3087 0.075182
3088 0.0750284
3089 0.0750235
3090 0.0750104
3091 0.0750157
3092 0.0748883
3093 0.0748838
3094 0.0748612
3095 0.0748644
3096 0.0748601
3097 0.0748944
3098 0.0748497
3099 0.0747498
3100 0.0746712
3101 0.0746878
3102 0.074795
3103 0.0748258
3104 0.0748307
3105 0.0747709
3106 0.0747931
3107 0.0747299
3108 0.0747098
3109 0.0748346
3110 0.0749055
3111 0.0750214
3112 0.0748846
3113 0.0749595
3114 0.0749679
3115 0.0749465
3116 0.0749247
3117 0.0748543
3118 0.0748924
3119 0.0748873
3120 0.0749196
3121 0.0749156
3122 0.0747866
3123 0.0747775
3124 0.0746703
3125 0.0747962
3126 0.074737
3127 0.0747315
3128 0.0747494
3129 0.0746527
3130 0.0746808
3131 0.0746079
3132 0.0747474
3133 0.0746447
3134 0.0746311
3135 0.074571
3136 0.0746461
3137 0.0744944
3138 0.0745026
3139 0.0744799
3140 0.0743478
3141 0.0743579
3142 0.0742838
3143 0.0743443
3144 0.0743734
3145 0.0743899
3146 0.0744114
3147 0.0744087
3148 0.0744527
3149 0.0744388
3150 0.0745054
3151 0.0745018
3152 0.0744094
3153 0.0745199
3154 0.0744753
3155 0.0744205
3156 0.0744054
3157 0.0742834
3158 0.0744507
3159 0.0745785
3160 0.074692
3161 0.0747018
3162 0.074664
3163 0.0746064
3164 0.0745832
3165 0.0746455
3166 0.0745549
3167 0.07459
3168 0.0745128
3169 0.0744517
3170 0.0744653
3171 0.0745263
3172 0.0745406
3173 0.0743744
3174 0.0742627
3175 0.0741954
3176 0.0742019
3177 0.0742241
3178 0.0740998
3179 0.0740947
3180 0.0741642
3181 0.0740983
3182 0.0740925
3183 0.0740451
3184 0.0741673
3185 0.0740659
3186 0.0741225
3187 0.0742339
3188 0.0742209
3189 0.0740705
3190 0.074143
3191 0.0742051
3192 0.0741125
3193 0.0741497
3194 0.0742044
3195 0.0741068
3196 0.0740938
3197 0.0740307
3198 0.0739189
3199 0.0739082
3200 0.0739471
3201 0.0738704
3202 0.073998
3203 0.0740038
3204 0.0739956
3205 0.0740594
3206 0.0741039
3207 0.0740266
3208 0.0739898
3209 0.0740125
3210 0.0739746
3211 0.0740517
3212 0.0740415
3213 0.0741389
3214 0.0741287
3215 0.0741218
3216 0.0741585
3217 0.0742753
3218 0.0741277
3219 0.0742377
3220 0.0742016
3221 0.0741948
3222 0.0741705
3223 0.074146
3224 0.0740444
3225 0.0739942
3226 0.0740319
3227 0.0741669
3228 0.0740637
3229 0.0741729
3230 0.0741039
3231 0.0741839
3232 0.0741506
3233 0.0742308
3234 0.0741499
3235 0.0740454
3236 0.0739093
3237 0.0740296
3238 0.0740387
3239 0.0740043
3240 0.0740643
3241 0.074048
3242 0.0739011
3243 0.0737973
3244 0.0738211
3245 0.0738609
3246 0.0739024
3247 0.0738083
3248 0.0738186
3249 0.0736873
3250 0.0737712
3251 0.0738763
3252 0.0739659
3253 0.0739827
3254 0.0740323
3255 0.0739325
3256 0.0740045
3257 0.074008
3258 0.0739946
3259 0.0738034
3260 0.073787
3261 0.0737655
3262 0.0735769
3263 0.0735977
3264 0.073621
3265 0.0736775
3266 0.073493
3267 0.0735846
3268 0.0735594
3269 0.0737258
3270 0.0736293
3271 0.0736448
3272 0.0735024
3273 0.0735378
3274 0.0734549
3275 0.0734765
3276 0.0732336
3277 0.0733892
3278 0.0734734
3279 0.0733935
3280 0.0733811
3281 0.0733882
3282 0.0734884
3283 0.0733992
3284 0.0733696
3285 0.0732778
3286 0.0732579
3287 0.0731872
3288 0.0731007
3289 0.0729703
3290 0.0729839
3291 0.0730052
3292 0.0730413
3293 0.0730181
3294 0.0729258
3295 0.0728828
3296 0.0728188
3297 0.0728992
3298 0.0728274
3299 0.0727869
3300 0.0727851
3301 0.0727909
3302 0.0727653
3303 0.0726942
3304 0.0726838
3305 0.072592
3306 0.0725687
3307 0.0724837
3308 0.0724217
3309 0.0724475
3310 0.0724066
3311 0.0724539
3312 0.0724332
3313 0.0723633
3314 0.0723726
3315 0.0724853
3316 0.0723184
3317 0.0722997
3318 0.0722709
3319 0.0723348
3320 0.0723399
3321 0.0722954
3322 0.0722023
3323 0.0720902
3324 0.0722298
3325 0.0720457
3326 0.0720575
3327 0.0721503
3328 0.0721216
3329 0.0720693
3330 0.0721114
3331 0.0721951
3332 0.0720933
3333 0.0721513
3334 0.0722118
3335 0.0721328
3336 0.0721643
3337 0.0722452
3338 0.0722339
3339 0.0720808
3340 0.072208
3341 0.0721902
3342 0.0721049
3343 0.0722061
3344 0.0720071
3345 0.0719807
3346 0.0720069
3347 0.0720863
3348 0.0720137
3349 0.0719837
3350 0.0720925
3351 0.0719763
3352 0.0720327
3353 0.0720244
3354 0.0720373
3355 0.071949
3356 0.0720809
3357 0.0719683
3358 0.0719389
3359 0.0720473
3360 0.0720077
3361 0.0718569
3362 0.0719262
3363 0.0717734
3364 0.0719529
3365 0.0718586
3366 0.0718829
3367 0.0718248
3368 0.0717137
3369 0.0717769
3370 0.0718533
3371 0.0718079
3372 0.0717955
3373 0.0718284
3374 0.0717646
3375 0.0716887
3376 0.0716727
3377 0.0715255
3378 0.0715491
3379 0.0715689
3380 0.0715978
3381 0.0716016
3382 0.0717028
3383 0.0717219
3384 0.0717645
3385 0.0718136
3386 0.071893
3387 0.0720325
3388 0.0720769
3389 0.072059
3390 0.0721249
3391 0.072131
3392 0.0719888
3393 0.0720696
3394 0.0719995
3395 0.0721112
3396 0.0720326
3397 0.0720454
3398 0.0720868
3399 0.0720301
3400 0.0719277
3401 0.0719413
3402 0.0720881
3403 0.0720329
3404 0.072061
3405 0.0720646
3406 0.071989
3407 0.0719867
3408 0.0719917
3409 0.0719728
3410 0.0721115
3411 0.0720543
3412 0.0721329
3413 0.0720628
3414 0.072191
3415 0.0723019
3416 0.0723504
3417 0.0722759
3418 0.0723074
3419 0.0723267
3420 0.0723383
3421 0.0723558
3422 0.0722608
3423 0.0723995
3424 0.0724474
3425 0.0723715
3426 0.0725208
3427 0.0727564
3428 0.0727202
3429 0.0726285
3430 0.0726007
3431 0.0725855
3432 0.0724969
3433 0.0724978
3434 0.0725366
3435 0.0726167
3436 0.0726115
3437 0.0725133
3438 0.0725419
3439 0.0724688
3440 0.0725927
3441 0.0725428
3442 0.0725132
3443 0.0723855
3444 0.0723892
3445 0.0724703
3446 0.0724662
3447 0.0723236
3448 0.0724195
3449 0.0723978
3450 0.0724832
3451 0.0724721
3452 0.072386
3453 0.0722933
3454 0.0722724
3455 0.0722756
3456 0.0721823
3457 0.0721698
3458 0.0721478
3459 0.0720313
3460 0.0720202
3461 0.0721145
3462 0.0720321
3463 0.0720227
3464 0.0720133
3465 0.0719751
3466 0.0719578
3467 0.0720081
3468 0.0718577
3469 0.0718138
3470 0.0717776
3471 0.071865
3472 0.0717481
3473 0.0717925
3474 0.0715855
3475 0.0715405
3476 0.0717482
3477 0.0715786
3478 0.0717159
3479 0.071676
3480 0.0716709
3481 0.0716938
3482 0.0716312
3483 0.0715689
3484 0.0716848
3485 0.0717392
3486 0.07172
3487 0.071645
3488 0.071636
3489 0.0715027
3490 0.0714233
3491 0.0713816
3492 0.0715126
3493 0.0713396
3494 0.071234
3495 0.0711071
