    0    -0.278577    -0.823803
    1   179.183815   179.600356
    2   180.581892   179.412896
    3     0.044284    -0.162945
    4     0.319304     1.297798
    5  -176.632611  -176.966955
    6  -178.916471  -178.490903
    7     4.131613     3.244344
    8    -0.278697    -0.823859
    9   180.581866   179.412721
   10   179.183660   179.600104
   11     0.044224    -0.163315
   12    -0.389857    -1.040312
   13  -177.857936  -179.007301
   14   179.132107   179.335676
   15     1.664028     1.368687
   16    -0.278597    -0.825939
   17   179.183281   179.598834
   18   180.582480   179.412089
   19     0.044359    -0.163137
   20     0.319471     1.299771
   21  -176.633341  -176.942470
   22  -178.915767  -178.487742
   23     4.131421     3.270017
   24    -0.278362    -0.824543
   25   180.582113   179.413518
   26   179.183935   179.598412
   27     0.044410    -0.163526
   28    -0.390066    -1.039869
   29  -177.849170  -179.011396
   30   179.131844   179.335224
   31     1.672740     1.363698
   32    -0.278051    -0.826487
   33   179.183663   179.596798
   34   180.582727   179.413302
   35     0.044442    -0.163413
   36     0.319320     1.299204
   37  -176.631376  -176.949504
   38  -178.916184  -178.486739
   39     4.133120     3.264553
   40    -0.278702    -0.824821
   41   180.582237   179.412209
   42   179.183395   179.599829
   43     0.044334    -0.163140
   44    -0.390111    -1.040380
   45  -177.858828  -179.000361
   46   179.131621   179.336212
   47     1.662904     1.376231
   48    -0.278463    -0.824691
   49   179.183291   179.597814
   50   180.582566   179.413914
   51     0.044320    -0.163580
   52     0.319585     1.297499
   53  -176.636144  -176.967040
   54  -178.915693  -178.489500
   55     4.128577     3.245961
   56    -0.278724    -0.826711
   57   180.582479   179.412790
   58   179.183044   179.597186
   59     0.044247    -0.163312
   60    -0.390129    -1.039121
   61  -177.852058  -179.000036
   62   179.131310   179.336799
   63     1.669382     1.375883
   64    -0.278736    -0.824188
   65   179.183624   179.599238
   66   180.581906   179.413240
   67     0.044266    -0.163334
   68     0.319292     1.297741
   69  -176.633568  -176.976862
   70  -178.916331  -178.490307
   71     4.130809     3.235090
   72    -0.277905    -0.824921
   73   180.582535   179.412899
   74   179.184050   179.598594
   75     0.044489    -0.163586
   76    -0.390166    -1.041131
   77  -177.850591  -179.012640
   78   179.131441   179.334453
   79     1.671017     1.362944
   80    -0.278459    -0.825242
   81   179.183355   179.598662
   82   180.582390   179.413234
   83     0.044204    -0.162862
   84     0.319558     1.296788
   85  -176.636352  -176.964499
   86  -178.915882  -178.490327
   87     4.128208     3.248386
   88    -0.278761    -0.826965
   89   180.582710   179.411957
   90   179.182905   179.598136
   91     0.044377    -0.162941
   92    -0.390230    -1.041198
   93  -177.857849  -179.005021
   94   179.131121   179.335791
   95     1.663503     1.371968
   96     0.319494     1.299316
   97  -176.632338  -176.935177
   98  -178.915393  -178.487400
   99     4.132774     3.278107
  100    -0.389852    -1.038984
  101  -177.857645  -179.003218
  102   179.132115   179.336522
  103     1.664322     1.372288
  104     0.319250     1.300283
  105  -176.631742  -176.949435
  106  -178.916552  -178.487414
  107     4.132455     3.262868
  108    -0.390019    -1.038781
  109  -177.852399  -178.997153
  110   179.131463   179.337148
  111     1.669083     1.378775
  112     0.319364     1.299042
  113  -176.632950  -176.966720
  114  -178.916330  -178.489763
  115     4.131356     3.244475
  116     0.319601     1.297833
  117  -176.636296  -176.951216
  118  -178.915526  -178.488370
  119     4.128578     3.262582
  120    -0.390161    -1.040330
  121  -177.849510  -179.010049
  122   179.131232   179.335051
  123     1.671883     1.365333
  124     0.319443     1.298827
  125  -176.632586  -176.944795
  126  -178.915919  -178.489579
  127     4.132053     3.266798
  128    -0.390231    -1.038353
  129  -177.852322  -179.001881
  130   179.131197   179.336336
  131     1.669106     1.372807
  132     0.319276     1.298922
  133  -176.631320  -176.964248
  134  -178.916496  -178.488562
  135     4.132907     3.248268
  136    -0.389893    -1.039656
  137  -177.858020  -179.001459
  138   179.132102   179.336508
  139     1.663975     1.374705
  140    -0.390179    -1.041334
  141  -177.859336  -179.004615
  142   179.131359   179.335366
  143     1.662202     1.372085
  144   143.898432   131.144045
  145    22.370993    10.919153
  146   -97.245195  -109.449270
  147   -39.622782   -48.754017
  148  -161.150221  -168.978909
  149    79.233591    70.652668
  150   176.281579   178.065338
  151    -6.755397    -3.712961
  152    -0.585613    -2.026169
  153   176.377410   176.195532
  154  -176.258835  -178.159842
  155     1.262639    -0.182386
  156     0.612881     1.930156
  157   178.134354   179.907611
  158  -161.138411  -168.960377
  159   -39.610986   -48.735937
  160    79.245814    70.670973
  161    22.383393    10.937876
  162   143.910818   131.162316
  163   -97.232382  -109.430774
  164  -176.258302  -178.158182
  165     1.263106    -0.175832
  166     0.612882     1.931648
  167   178.134290   179.913997
  168   176.281028   178.063444
  169    -6.755527    -3.713864
  170    -0.585651    -2.027892
  171   176.377794   176.194800
  172   143.901030   131.054357
  173    22.373458    10.827147
  174   -97.242240  -109.539955
  175   -39.621485   -48.844781
  176  -161.149057  -169.071991
  177    79.235245    70.560907
  178   176.280083   178.061225
  179    -6.756066    -3.740245
  180    -0.585973    -2.029319
  181   176.377878   176.169211
  182  -176.257256  -178.155850
  183     1.265279    -0.177097
  184     0.613286     1.933195
  185   178.135821   179.911948
  186   -39.614288   -48.832239
  187    79.242491    70.573198
  188  -161.141468  -169.059143
  189   143.907411   131.066300
  190   -97.235810  -109.528263
  191    22.380231    10.839396
  192  -176.258228  -178.158457
  193     1.254310    -0.171694
  194     0.613041     1.931115
  195   178.125579   179.917878
  196   176.281074   178.063611
  197    -6.757266    -3.716473
  198    -0.585698    -2.027470
  199   176.375962   176.192446
  200    22.370942    10.746780
  201   -97.245403  -109.619772
  202   143.898261   130.975176
  203  -161.151364  -169.152317
  204    79.232292    70.481130
  205   -39.624045   -48.923922
  206   176.280424   178.062509
  207    -6.757859    -3.732423
  208    -0.585805    -2.028074
  209   176.375913   176.176994
  210  -176.257576  -178.157301
  211     1.255243    -0.172288
  212     0.613168     1.931777
  213   178.125986   179.916790
  214  -161.150447  -169.116020
  215   -39.622955   -48.887157
  216    79.233528    70.516820
  217    22.371589    10.782904
  218   143.899081   131.011766
  219   -97.244435  -109.584257
  220  -176.257778  -178.157656
  221     1.264345    -0.181981
  222     0.613197     1.931576
  223   178.135320   179.907252
  224   176.280576   178.063024
  225    -6.756360    -3.736991
  226    -0.585899    -2.027714
  227   176.377165   176.172270
  228   143.904429   131.011475
  229    22.377002    10.783025
  230   -97.238926  -109.584564
  231   -39.618250   -48.886838
  232  -161.145677  -169.115288
  233    79.238395    70.517124
  234   176.279773   178.066282
  235    -6.753309    -3.712332
  236    -0.586125    -2.025005
  237   176.380792   176.196381
  238  -176.256991  -178.161173
  239     1.258661    -0.182072
  240     0.613414     1.928598
  241   178.129066   179.907699
  242   -39.622397   -48.954644
  243    79.234327    70.449088
  244  -161.149658  -169.183991
  245   143.899538   130.944118
  246   -97.243737  -109.652150
  247    22.372278    10.714771
  248  -176.257746  -178.159749
  249     1.257736    -0.183171
  250     0.613319     1.929625
  251   178.128800   179.906202
  252   176.280486   178.065032
  253    -6.752476    -3.729451
  254    -0.586075    -2.025853
  255   176.380963   176.179665
  256    22.383670    10.926989
  257   -97.232151  -109.441685
  258   143.911066   131.152024
  259  -161.138117  -168.970924
  260    79.246061    70.660403
  261   -39.610722   -48.745889
  262   176.281116   178.065971
  263    -6.754878    -3.702255
  264    -0.585574    -2.025671
  265   176.378432   176.206103
  266  -176.258373  -178.160707
  267     1.262770    -0.180967
  268     0.612830     1.929422
  269   178.133973   179.909162
  270   -39.613176   -48.853397
  271    79.243554    70.551483
  272  -161.140413  -169.081839
  273   143.909153   131.045776
  274   -97.234117  -109.549345
  275    22.381915    10.817334
  276  -176.257587  -178.155703
  277     1.256235    -0.169028
  278     0.613128     1.933310
  279   178.126951   179.919985
  280   176.280476   178.060795
  281    -6.757475    -3.733100
  282    -0.585736    -2.029719
  283   176.376313   176.176385
  284   143.904871   131.026675
  285    22.377638    10.799153
  286   -97.238387  -109.568582
  287   -39.617201   -48.871510
  288  -161.144433  -169.099032
  289    79.239542    70.533234
  290   176.280483   178.066851
  291    -6.752415    -3.715010
  292    -0.585959    -2.024550
  293   176.381143   176.193589
  294  -176.257768  -178.161306
  295     1.258160    -0.187159
  296     0.613177     1.928580
  297   178.129105   179.902727
  298   -39.628630   -48.937056
  299    79.227780    70.467297
  300  -161.156119  -169.166663
  301   143.894111   130.962308
  302   -97.249480  -109.633338
  303    22.366621    10.732701
  304  -176.256996  -178.156083
  305     1.264020    -0.176764
  306     0.613354     1.932758
  307   178.134370   179.912078
  308   176.279811   178.061591
  309    -6.757328    -3.747853
  310    -0.586030    -2.028753
  311   176.376830   176.161803
  312    -8.652548   -13.518551
  313  -129.562259  -133.328896
  314   109.729609   107.033832
  315   175.001590   168.597323
  316    54.091879    48.786977
  317   -66.616253   -70.850295
  318  -112.810318  -108.216820
  319     8.837018    12.483726
  320   127.909881   132.065351
  321    70.198285    74.217429
  322  -168.154379  -165.082025
  323   -49.081517   -45.500400
  324  -129.555067  -133.296041
  325   109.730600   107.066802
  326    -8.652393   -13.503933
  327    54.098033    48.847347
  328   -66.616301   -70.789811
  329   175.000706   168.639454
  330     8.828257    12.466267
  331   127.902048   132.022556
  332  -112.814673  -108.228431
  333  -168.152425  -165.104881
  334   -49.078634   -45.548592
  335    70.204645    74.200421
  336   109.734993   107.095509
  337  -129.553548  -133.267242
  338    -8.648093   -13.472943
  339   -66.609358   -70.768935
  340    54.102102    48.868315
  341   175.007557   168.662614
  342     8.830492    12.453971
  343  -112.815162  -108.229772
  344   127.906195   132.036247
  345  -168.161716  -165.103561
  346    70.192631    74.212695
  347   -49.086013   -45.521286
  348  -129.549682  -133.288654
  349    -8.643879   -13.479227
  350   109.736935   107.078997
  351    54.099827    48.827532
  352   175.005630   168.636960
  353   -66.613556   -70.804816
  354  -112.815422  -108.238443
  355   127.902791   132.008576
  356     8.830762    12.438813
  357    70.200434    74.202907
  358   -49.081352   -45.550074
  359  -168.153382  -165.119837
  360  -129.560563  -133.329018
  361   109.730911   107.034037
  362    -8.650610   -13.512419
  363    54.092417    48.774862
  364   -66.616109   -70.862083
  365   175.002369   168.591461
  366   127.902054   132.016913
  367     8.828345    12.464227
  368  -112.814788  -108.230903
  369   -49.080193   -45.554155
  370  -168.153903  -165.106841
  371    70.202964    74.198029
  372  -129.550148  -133.297824
  373   109.735529   107.070165
  374    -8.644797   -13.490083
  375    54.099141    48.822278
  376   -66.615183   -70.809733
  377   175.004491   168.630019
  378   127.904384   132.009662
  379  -112.816985  -108.236293
  380     8.828939    12.445798
  381   -49.086497   -45.552378
  382    70.192134    74.201667
  383  -168.161942  -165.116243
  384  -129.553880  -133.268934
  385    -8.651256   -13.482402
  386   109.731992   107.095573
  387    54.100404    48.883926
  388   175.003028   168.670458
  389   -66.613724   -70.751567
  390   127.909707   132.065217
  391  -112.810312  -108.217743
  392     8.836741    12.479094
  393   -49.081360   -45.497320
  394    70.198620    74.219719
  395  -168.154326  -165.083444
  396  -129.554823  -133.285709
  397    -8.649163   -13.490284
  398   109.734012   107.074695
  399    54.100452    48.848606
  400   175.006112   168.644031
  401   -66.610713   -70.790990
  402   127.903615   132.040022
  403     8.831313    12.453037
  404  -112.815409  -108.229321
  405   -49.081071   -45.515629
  406  -168.153372  -165.102615
  407    70.199906    74.215027
  408   109.730128   107.031698
  409    -8.651693   -13.518602
  410  -129.561215  -133.327182
  411   -66.616229   -70.853633
  412   175.001949   168.596067
  413    54.092428    48.787486
  414    -8.643867   -13.471847
  415   109.737052   107.098979
  416  -129.549220  -133.269463
  417   175.005468   168.663235
  418   -66.613613   -70.765939
  419    54.100115    48.865619
  420     8.826800    12.448378
  421  -112.815925  -108.237756
  422   127.900024   131.998159
  423  -168.154199  -165.120618
  424    70.203075    74.193249
  425   -49.080975   -45.570836
  426    -8.652080   -13.494201
  427   109.730541   107.078381
  428  -129.555311  -133.288936
  429   175.001963   168.647467
  430   -66.615416   -70.779950
  431    54.098731    48.852732
  432     8.831311    12.451511
  433  -112.815822  -108.232744
  434   127.902669   132.022633
  435  -168.153034  -165.110224
  436    70.199833    74.205521
  437   -49.081675   -45.539101
  438   109.733100   107.066371
  439    -8.649648   -13.489338
  440  -129.555276  -133.294977
  441   -66.611153   -70.815718
  442   175.006099   168.628572
  443    54.100471    48.822933
  444  -112.809135  -108.216453
  445     8.837892    12.478909
  446   127.911576   132.072601
  447    70.199403    74.223845
  448  -168.153571  -165.080793
  449   -49.079887   -45.487100
  450  -112.815131  -108.227307
  451     8.830839    12.463407
  452   127.907053   132.038601
  453    70.192151    74.211328
  454  -168.161879  -165.097958
  455   -49.085665   -45.522764
