    0   178.553450   176.775896
    1    -0.153204     1.417517
    2    -0.461963    -3.343689
    3  -179.168616  -178.702068
    4  -178.553503  -176.775792
    5     0.148159    -1.415002
    6     0.461912     3.343793
    7   179.163574   178.704584
    8  -178.553088  -176.776732
    9     0.152800    -1.418411
   10     0.461958     3.343627
   11   179.167846   178.701948
   12   178.553018   176.776460
   13    -0.150842     1.416878
   14    -0.462040    -3.343900
   15  -179.165900  -178.703482
   16   178.553616   176.777316
   17    -0.149159     1.422660
   18    -0.464214    -3.344379
   19  -179.166989  -178.699035
   20  -178.552576  -176.777080
   21     0.149822    -1.420065
   22     0.465328     3.344615
   23   179.167727   178.701630
   24  -178.553441  -176.777187
   25     0.152326    -1.420622
   26     0.449244     3.343668
   27   179.155011   178.700233
   28   178.549114   176.776925
   29    -0.165783     1.418004
   30    -0.453785    -3.343930
   31  -179.168682  -178.702851
   32   178.552715   176.777397
   33    -0.152073     1.421799
   34    -0.452002    -3.344158
   35  -179.156790  -178.699757
   36  -178.549147  -176.777564
   37     0.165324    -1.420572
   38     0.455559     3.343992
   39   179.170030   178.700984
   40  -178.561724  -176.776864
   41     0.118922    -1.420458
   42     0.477285     3.344071
   43   179.157931   178.700478
   44   178.553083   176.776793
   45    -0.154048     1.418857
   46    -0.485917    -3.344143
   47  -179.193047  -178.702078
   48   178.553122   176.776142
   49    -0.152636     1.417587
   50    -0.461903    -3.343494
   51  -179.167661  -178.702049
   52  -178.553092  -176.776144
   53     0.152126    -1.415989
   54     0.461929     3.343493
   55   179.167147   178.703647
   56  -178.552993  -176.776588
   57     0.151718    -1.418994
   58     0.461969     3.343670
   59   179.166680   178.701265
   60   178.552975   176.776554
   61    -0.154461     1.416314
   62    -0.461999    -3.343706
   63  -179.169435  -178.703945
   64   178.551597   176.775999
   65    -0.159116     1.416317
   66    -0.459168    -3.343574
   67  -179.169881  -178.703257
   68  -178.553210  -176.775950
   69     0.151096    -1.414610
   70     0.457702     3.343624
   71   179.162009   178.704963
   72  -178.553112  -176.776809
   73     0.149356    -1.417723
   74     0.461916     3.343558
   75   179.164384   178.702645
   76   178.553121   176.776783
   77    -0.153470     1.418370
   78    -0.461896    -3.343584
   79  -179.168487  -178.701996
   80   178.553569   176.776020
   81    -0.154952     1.415052
   82    -0.457566    -3.343583
   83  -179.166088  -178.704552
   84  -178.551774  -176.776061
   85     0.155913    -1.415932
   86     0.459235     3.343542
   87   179.166922   178.703671
   88  -178.553072  -176.776226
   89     0.150315    -1.417677
   90     0.461940     3.344047
   91   179.165326   178.702597
   92   178.553095   176.776246
   93    -0.155174     1.417675
   94    -0.461908    -3.344027
   95  -179.170178  -178.702598
   96     0.000279     0.000112
   97   180.132054   178.965092
   98  -180.131861  -178.964814
   99    -0.000085     0.000166
  100     0.265718     1.923106
  101   179.042133   177.544254
  102  -179.850887  -177.163430
  103    -1.074471    -1.542282
  104    -0.000364     0.000772
  105  -180.131706  -178.965435
  106   180.131205   178.965749
  107    -0.000137    -0.000458
  108    -0.265579    -1.922891
  109  -179.041312  -177.544031
  110   179.850522   177.163688
  111     1.074789     1.542549
  112    -0.004628     0.000511
  113   180.130281   178.965482
  114  -180.132985  -178.964582
  115     0.001924     0.000389
  116     0.265777     1.923365
  117   179.038391   177.540986
  118  -179.847475  -177.163316
  119    -1.074861    -1.545695
  120     0.019298    -0.000515
  121  -180.125841  -178.966108
  122   180.137423   178.965149
  123    -0.007716    -0.000444
  124    -0.253522    -1.922922
  125  -179.029110  -177.542319
  126   179.850687   177.164262
  127     1.075099     1.544865
  128    -0.015458     0.000363
  129   180.127246   178.965434
  130  -180.136799  -178.965343
  131     0.005905    -0.000272
  132     0.256325     1.923641
  133   179.030999   177.542048
  134  -179.850755  -177.163580
  135    -1.076080    -1.545173
  136     0.037013    -0.001726
  137  -180.120681  -178.966060
  138   180.143337   178.964215
  139    -0.014357    -0.000120
  140    -0.265650    -1.923356
  141  -179.017551  -177.542467
  142   179.828174   177.164073
  143     1.076273     1.544963
  144    -0.000345    -0.000849
  145   180.132100   178.964488
  146  -180.132401  -178.965331
  147     0.000044     0.000006
  148     0.265604     1.923095
  149   179.041192   177.544358
  150  -179.850926  -177.163049
  151    -1.075339    -1.541786
  152     0.000319     0.000199
  153  -180.131709  -178.965246
  154   180.131977   178.965386
  155    -0.000051    -0.000060
  156    -0.265638    -1.923161
  157  -179.040262  -177.543575
  158   179.850541   177.163605
  159     1.075917     1.543192
  160     0.006249     0.000418
  161   180.133881   178.965857
  162  -180.129992  -178.965351
  163    -0.002360     0.000089
  164     0.265558     1.923083
  165   179.045660   177.545472
  166  -179.854652  -177.164195
  167    -1.074551    -1.541806
  168     0.000407     0.000134
  169  -180.131460  -178.965667
  170   180.131900   178.965763
  171     0.000033    -0.000038
  172    -0.265660    -1.923110
  173  -179.038161  -177.544814
  174   179.850374   177.164042
  175     1.077872     1.542338
  176    -0.006665    -0.000439
  177   180.129807   178.965574
  178  -180.133775  -178.966084
  179     0.002697    -0.000071
  180     0.261519     1.923188
  181   179.039758   177.546735
  182  -179.850659  -177.163978
  183    -1.072419    -1.540432
  184     0.000234     0.000651
  185  -180.131657  -178.965178
  186   180.131943   178.965860
  187     0.000052     0.000031
  188    -0.265685    -1.923432
  189  -179.039054  -177.544680
  190   179.850539   177.163347
  191     1.077170     1.542099
  192     0.265603     1.923383
  193   179.043598   177.544686
  194  -179.850781  -177.163945
  195    -1.072786    -1.542643
  196    -0.261804    -1.923223
  197  -179.036047  -177.547149
  198   179.850835   177.163760
  199     1.076591     1.539834
  200     0.265607     1.923170
  201   179.042004   177.544291
  202  -179.850756  -177.164133
  203    -1.074360    -1.543011
  204    -0.265803    -1.923077
  205  -179.043027  -177.545904
  206   179.854611   177.164417
  207     1.077388     1.541590
  208     0.265795     1.923606
  209   179.039623   177.545806
  210  -179.850105  -177.164059
  211    -1.076277    -1.541859
  212     0.265718     1.923254
  213   179.042924   177.546052
  214  -179.850787  -177.163736
  215    -1.073582    -1.540937
  216    -0.265600    -1.923210
  217  -179.049413  -177.542984
  218   179.860322   177.163453
  219     1.076509     1.543679
  220     0.288253     1.923545
  221   179.065165   177.544234
  222  -179.850900  -177.162464
  223    -1.073988    -1.541775
  224    -0.265673    -1.923099
  225  -179.040732  -177.545767
  226   179.851201   177.163798
  227     1.076142     1.541130
  228     0.265672     1.923617
  229   179.050249   177.545311
  230  -179.862438  -177.163504
  231    -1.077861    -1.541810
  232    -0.265584    -1.923367
  233  -179.037291  -177.546817
  234   179.850700   177.163214
  235     1.078992     1.539764
  236    -0.268828    -1.923976
  237  -179.041207  -177.543864
  238   179.850236   177.162597
  239     1.077857     1.542709
  240   -70.597786   -69.962421
  241    48.989907    49.605100
  242   168.578224   169.167786
  243   110.941075   115.553323
  244  -129.471232  -124.879156
  245    -9.882914    -5.316470
  246  -168.576887  -169.167256
  247    70.592618    69.959772
  248   -48.992879   -49.603773
  249     9.883369     5.316962
  250  -110.947126  -115.556010
  251   129.467377   124.880445
  252    48.988007    49.597995
  253   168.575583   169.162390
  254   -70.599645   -69.966265
  255  -129.468550  -124.881831
  256    -9.880973    -5.317436
  257   110.943799   115.553909
  258    70.592402    69.962581
  259   -48.991768   -49.599351
  260  -168.576877  -169.166047
  261  -110.947503  -115.555330
  262   129.468327   124.882737
  263     9.883218     5.316042
  264   168.571453   169.164315
  265    48.984410    49.598335
  266   -70.602870   -69.963838
  267    -9.887482    -5.316573
  268  -129.474525  -124.882554
  269   110.938196   115.555273
  270    70.628140    69.963220
  271  -168.540270  -169.163299
  272   -48.956073   -49.601593
  273  -110.941647  -115.554957
  274     9.889944     5.318524
  275   129.474140   124.880230
  276    48.984475    49.604924
  277   -70.602495   -69.959620
  278   168.571800   169.169347
  279  -129.475611  -124.879531
  280   110.937419   115.555925
  281    -9.888286    -5.315108
  282  -168.569949  -169.165892
  283   -48.985890   -49.602290
  284    70.598269    69.961891
  285     9.888911     5.317443
  286   129.472970   124.881045
  287  -110.942870  -115.554774
  288    48.993849    49.604621
  289   168.579861   169.167127
  290   -70.591950   -69.957057
  291  -129.472249  -124.881191
  292    -9.886236    -5.318685
  293   110.941953   115.557132
  294   -48.988189   -49.602479
  295    70.598463    69.956310
  296  -168.574534  -169.166894
  297   129.468004   124.882559
  298  -110.945344  -115.558652
  299     9.881659     5.318144
  300    48.990366    49.606454
  301   168.576550   169.167968
  302   -70.595071   -69.954396
  303  -129.473036  -124.880848
  304    -9.886852    -5.319334
  305   110.941528   115.558302
  306   -48.986048   -49.602943
  307  -168.572178  -169.163735
  308    70.599775    69.959199
  309   129.471236   124.881487
  310     9.885106     5.320695
  311  -110.942940  -115.556371
  312    48.990362    49.603648
  313   -70.594465   -69.958620
  314   168.575030   169.164666
  315  -129.472736  -124.880825
  316   110.942437   115.556908
  317    -9.888068    -5.319807
  318   -48.987174   -49.606870
  319  -168.572533  -169.169707
  320    70.598520    69.953907
  321   129.471207   124.880887
  322     9.885849     5.318050
  323  -110.943099  -115.558336
  324    48.991127    49.602240
  325   -70.594307   -69.957749
  326   168.575275   169.166367
  327  -129.469965  -124.882035
  328   110.944601   115.557976
  329    -9.885817    -5.317908
  330   -48.991558   -49.606461
  331    70.594078    69.957179
  332  -168.576264  -169.167416
  333   129.470931   124.879889
  334  -110.943433  -115.556471
  335     9.886224     5.318934
  336   168.577998   169.168539
  337   -70.595238   -69.961031
  338    48.992727    49.605357
  339    -9.879855    -5.317095
  340   110.946909   115.553335
  341  -129.465126  -124.880277
  342   -70.597670   -69.958286
  343   168.575715   169.170767
  344    48.987617    49.606523
  345   110.940225   115.555306
  346    -9.886390    -5.315642
  347  -129.474488  -124.879886
  348    70.589503    69.963201
  349  -168.583542  -169.166484
  350   -48.995237   -49.600838
  351  -110.940041  -115.554233
  352     9.886914     5.316082
  353   129.475219   124.881728
  354   -70.598393   -69.962613
  355   168.574834   169.165808
  356    48.986552    49.603838
  357   110.939868   115.553670
  358    -9.886905    -5.317908
  359  -129.475187  -124.879879
  360    70.602864    69.960173
  361  -168.570009  -169.170328
  362   -48.981856   -49.607639
  363  -110.937702  -115.553546
  364     9.889425     5.315952
  365   129.477577   124.878642
  366   168.590986   169.169365
  367   -70.582797   -69.960117
  368    49.005188    49.602325
  369    -9.879874    -5.315553
  370   110.946342   115.554965
  371  -129.465673  -124.882593
  372  -168.572355  -169.171629
  373    70.600810    69.958724
  374   -48.987583   -49.607045
  375     9.882855     5.315511
  376  -110.943980  -115.554135
  377   129.467627   124.880096
  378  -168.574816  -169.165329
  379    70.598712    69.964056
  380   -48.989498   -49.600475
  381     9.881255     5.317325
  382  -110.945217  -115.553291
  383   129.466573   124.882179
