    0    -0.000403     0.001560
    1  -180.039504  -179.082806
    2   180.039153   179.083948
    3     0.000051    -0.000417
    4    -0.188565    -0.136284
    5   180.180355   178.660923
    6   179.846376   179.053130
    7     0.215296    -2.149663
    8     0.000190    -0.000812
    9   180.039091   179.082666
   10  -180.038952  -179.083530
   11    -0.000051    -0.000052
   12     0.188643     0.136597
   13  -180.180027  -178.660630
   14  -179.845932  -179.053111
   15    -0.214603     2.149662
   16     0.000356    -0.000099
   17  -180.039512  -179.083300
   18   180.039851   179.083196
   19    -0.000018    -0.000005
   20    -0.188457    -0.136740
   21   180.179700   178.659890
   22   179.846430   179.053479
   23     0.214587    -2.149890
   24     0.000062    -0.000245
   25   180.040135   179.083290
   26  -180.040083  -179.083506
   27    -0.000009     0.000029
   28     0.188310     0.136561
   29  -180.180837  -178.660278
   30  -179.847151  -179.053633
   31    -0.216299     2.149529
   32     0.000539     0.000302
   33  -180.038925  -179.082794
   34   180.039443   179.083312
   35    -0.000021     0.000216
   36    -0.188543    -0.136742
   37   180.180601   178.660444
   38   179.845822   179.053223
   39     0.214965    -2.149592
   40     0.000178     0.000499
   41   180.039091   179.083329
   42  -180.038870  -179.083144
   43     0.000043    -0.000313
   44     0.188616     0.136881
   45  -180.182531  -178.660560
   46  -179.845876  -179.053639
   47    -0.217024     2.148920
   48    -0.000384    -0.001155
   49  -180.039551  -179.083823
   50   180.039125   179.082971
   51    -0.000042     0.000303
   52    -0.188474    -0.136901
   53   180.182172   178.659908
   54   179.846425   179.054058
   55     0.217072    -2.149133
   56    -0.000486     0.000218
   57   180.039315   179.083444
   58  -180.039855  -179.083218
   59    -0.000054     0.000008
   60     0.188427     0.136710
   61  -180.180678  -178.659983
   62  -179.846349  -179.053637
   63    -0.215455     2.149670
   64    -0.000289     0.000133
   65  -180.039327  -179.083298
   66   180.038968   179.083254
   67    -0.000071    -0.000177
   68    -0.188502    -0.136455
   69   180.181884   178.660057
   70   179.846175   179.053614
   71     0.216560    -2.149874
   72     0.000344     0.000823
   73   180.039914   179.083555
   74  -180.039571  -179.082927
   75     0.000000    -0.000194
   76     0.188398     0.136671
   77  -180.179909  -178.660527
   78  -179.846860  -179.053952
   79    -0.215167     2.148850
   80     0.000195     0.000362
   81  -180.039563  -179.083258
   82   180.039784   179.083467
   83     0.000026    -0.000153
   84    -0.188490    -0.136515
   85   180.181230   178.660634
   86   179.846481   179.053531
   87     0.216200    -2.149320
   88    -0.000238    -0.000972
   89   180.038728   179.082953
   90  -180.039058  -179.083480
   91    -0.000092     0.000445
   92     0.188657     0.136393
   93  -180.182390  -178.660604
   94  -179.845635  -179.053131
   95    -0.216681     2.149873
   96    -0.188398    -0.136366
   97   180.179598   178.660424
   98   179.846556   179.053354
   99     0.214553    -2.149856
  100     0.188449     0.136755
  101  -180.179443  -178.659898
  102  -179.846671  -179.053762
  103    -0.214563     2.149586
  104    -0.188512    -0.137093
  105   180.180563   178.659725
  106   179.845908   179.053685
  107     0.214983    -2.149498
  108     0.188613     0.136735
  109  -180.181735  -178.660728
  110  -179.845871  -179.053605
  111    -0.216219     2.148933
  112    -0.188342    -0.136722
  113   180.180326   178.660406
  114   179.846816   179.053435
  115     0.215484    -2.149437
  116    -0.188563    -0.136515
  117   180.182001   178.660261
  118   179.845799   179.053869
  119     0.216363    -2.149355
  120     0.188485     0.136749
  121  -180.179841  -178.660191
  122  -179.846732  -179.053386
  123    -0.215058     2.149674
  124    -0.188296    -0.136607
  125   180.179027   178.660349
  126   179.847102   179.053822
  127     0.214425    -2.149223
  128     0.188484     0.136940
  129  -180.181475  -178.659719
  130  -179.846056  -179.054229
  131    -0.216015     2.149111
  132    -0.188683    -0.136388
  133   180.181836   178.660063
  134   179.845690   179.053430
  135     0.216209    -2.150120
  136     0.188541     0.136424
  137  -180.179196  -178.660392
  138  -179.846057  -179.053238
  139    -0.213794     2.149946
  140     0.188576     0.136401
  141  -180.183259  -178.660471
  142  -179.846284  -179.053643
  143    -0.218119     2.149484
  144  -179.280939  -179.741841
  145     0.335466     1.510459
  146     0.327633     0.237226
  147  -180.055962  -178.510475
  148   179.280971   179.741590
  149    -0.334346    -1.511276
  150    -0.327602    -0.237477
  151   180.057082   178.509657
  152   179.280229   179.741440
  153    -0.336431    -1.510849
  154    -0.327769    -0.237269
  155   180.055571   178.510442
  156  -179.280260  -179.741472
  157     0.334424     1.511280
  158     0.327739     0.237237
  159  -180.057577  -178.510011
  160  -179.281350  -179.741507
  161     0.335844     1.511403
  162     0.327520     0.237579
  163  -180.055287  -178.509511
  164   179.281338   179.741504
  165    -0.335683    -1.511081
  166    -0.327530    -0.237583
  167   180.055449   178.509832
  168   179.282359   179.741876
  169    -0.333807    -1.510791
  170    -0.327235    -0.237293
  171   180.056599   178.510040
  172  -179.282364  -179.741858
  173     0.335704     1.510690
  174     0.327230     0.237311
  175  -180.054702  -178.510141
  176  -179.281023  -179.741510
  177     0.335141     1.510816
  178     0.327672     0.237345
  179  -180.056165  -178.510329
  180   179.281010   179.741640
  181    -0.332361    -1.511003
  182    -0.327684    -0.237215
  183   180.058945   178.510142
  184   179.280689   179.741162
  185    -0.333402    -1.510893
  186    -0.327822    -0.237483
  187   180.058087   178.510462
  188  -179.280664  -179.741350
  189     0.334074     1.511724
  190     0.327848     0.237295
  191  -180.057415  -178.509631
  192  -179.280746  -179.741408
  193     0.333857     1.511309
  194     0.327576     0.237530
  195  -180.057822  -178.509753
  196   179.280720   179.741590
  197    -0.336908    -1.511129
  198    -0.327601    -0.237347
  199   180.054771   178.509933
  200   179.281359   179.741604
  201    -0.334838    -1.511250
  202    -0.327390    -0.237529
  203   180.056412   178.509617
  204  -179.281390  -179.741600
  205     0.335272     1.510797
  206     0.327358     0.237534
  207  -180.055980  -178.510070
  208  -179.280933  -179.741541
  209     0.333948     1.511471
  210     0.327654     0.237267
  211  -180.057465  -178.509721
  212   179.280891   179.741434
  213    -0.334021    -1.510593
  214    -0.327697    -0.237374
  215   180.057391   178.510598
  216   179.281776   179.741829
  217    -0.335263    -1.510485
  218    -0.327397    -0.237246
  219   180.055564   178.510440
  220  -179.281777  -179.741946
  221     0.335579     1.510799
  222     0.327397     0.237129
  223  -180.055247  -178.510126
  224  -179.281049  -179.741526
  225     0.334518     1.510834
  226     0.327529     0.237345
  227  -180.056903  -178.510295
  228   179.281064   179.741435
  229    -0.336411    -1.511426
  230    -0.327514    -0.237436
  231   180.055011   178.509703
  232   179.280496   179.741280
  233    -0.333690    -1.511245
  234    -0.327749    -0.237444
  235   180.058065   178.510031
  236  -179.280551  -179.741012
  237     0.335688     1.511701
  238     0.327694     0.237711
  239  -180.056067  -178.509575
  240   132.137649   136.883766
  241    12.774421    17.515518
  242  -108.500574  -103.748409
  243   -47.402540   -44.616449
  244  -166.765768  -163.984697
  245    71.959237    74.751376
  246  -132.134397  -136.883096
  247   -12.770699   -17.514425
  248   108.503050   103.749233
  249    47.406099    44.617101
  250   166.769797   163.985773
  251   -71.956454   -74.750569
  252   132.142189   136.884574
  253    12.778130    17.516364
  254  -108.495548  -103.747373
  255   -47.398947   -44.616368
  256  -166.763005  -163.984578
  257    71.963316    74.751685
  258  -132.146582  -136.885369
  259   -12.783427   -17.518055
  260   108.492235   103.747016
  261    47.393321    44.615294
  262   166.756475   163.982608
  263   -71.967863   -74.752321
  264   132.135529   136.883104
  265  -108.500134  -103.748373
  266    12.772689    17.514682
  267   -47.404375   -44.617143
  268    71.959961    74.751381
  269  -166.767216  -163.985564
  270  -132.132200  -136.881633
  271   108.504545   103.750179
  272   -12.769672   -17.513797
  273    47.405213    44.618290
  274   -71.958042   -74.749898
  275   166.767741   163.986126
  276   132.136546   136.883307
  277  -108.500523  -103.749047
  278    12.775272    17.516378
  279   -47.401486   -44.617404
  280    71.961445    74.750242
  281  -166.762760  -163.984334
  282  -132.139361  -136.884502
  283   108.496537   103.747384
  284   -12.777976   -17.516923
  285    47.400587    44.616366
  286   -71.963515   -74.751747
  287   166.761972   163.983945
  288  -108.501803  -103.748505
  289    12.771760    17.515622
  290   132.135244   136.883648
  291    71.959836    74.750421
  292  -166.766601  -163.985452
  293   -47.403117   -44.617427
  294   108.494033   103.747568
  295   -12.781167   -17.516148
  296  -132.145204  -136.885762
  297   -71.965016   -74.752200
  298   166.759783   163.984084
  299    47.395747    44.614470
  300  -108.498303  -103.748549
  301    12.778186    17.515748
  302   132.139221   136.883206
  303    71.962509    74.751165
  304  -166.761002  -163.984538
  305   -47.399967   -44.617080
  306   108.504144   103.749346
  307   -12.770653   -17.515345
  308  -132.131551  -136.882230
  309   -71.958323   -74.750173
  310   166.766880   163.985136
  311    47.405982    44.618250
  312    12.781404    17.517131
  313  -108.493601  -103.747093
  314   132.144995   136.885831
  315  -166.759930  -163.983612
  316    71.965066    74.752164
  317   -47.396339   -44.614913
  318   -12.776885   -17.516105
  319   108.496979   103.748419
  320  -132.141680  -136.884450
  321   166.764585   163.984790
  322   -71.961550   -74.750686
  323    47.399791    44.616444
  324    12.769533    17.514411
  325  -108.503436  -103.749287
  326   132.132574   136.882149
  327  -166.770459  -163.986295
  328    71.956571    74.750007
  329   -47.407418   -44.618557
  330   -12.772355   -17.515204
  331   108.501752   103.748235
  332  -132.133596  -136.882292
  333   166.766048   163.984686
  334   -71.959844   -74.751874
  335    47.404807    44.617599
  336   132.141689   136.885337
  337  -108.496883  -103.747575
  338    12.777205    17.516301
  339   -47.398810   -44.614987
  340    71.962617    74.752100
  341  -166.763294  -163.984023
  342  -108.503396  -103.749118
  343   132.132092   136.882941
  344    12.771969    17.515032
  345    71.958471    74.750125
  346   -47.406040   -44.617816
  347  -166.766163  -163.985724
  348   -12.778887   -17.516482
  349   108.497584   103.748310
  350  -132.142052  -136.884601
  351   166.762040   163.984072
  352   -71.961488   -74.751136
  353    47.398875    44.615953
  354   132.148284   136.885541
  355    12.783064    17.516935
  356  -108.490613  -103.746400
  357   -47.393897   -44.614977
  358  -166.759117  -163.983583
  359    71.967206    74.753082
  360   108.498195   103.747912
  361  -132.137430  -136.883620
  362   -12.775584   -17.516697
  363   -71.962917   -74.751194
  364    47.401459    44.617274
  365   166.763304   163.984197
  366   132.130777   136.881589
  367    12.769202    17.514808
  368  -108.504455  -103.749198
  369   -47.407415   -44.619557
  370  -166.768990  -163.986339
  371    71.957353    74.749656
  372   -12.773876   -17.515090
  373   108.499575   103.747959
  374  -132.137525  -136.883584
  375   166.767782   163.985621
  376   -71.958767   -74.751330
  377    47.404133    44.617127
  378   108.502825   103.748962
  379   -12.772605   -17.515475
  380  -132.134584  -136.883479
  381   -71.960623   -74.750408
  382   166.763948   163.985155
  383    47.401969    44.617151
