    0    -3.116346    -0.000151
    1    -0.940349    -0.000127
    2     4.304641    -0.000110
    3     8.451424    16.985025
    4     9.633228    16.986142
    5    10.395878    16.986752
    6    16.785526    18.135891
    7    27.093200    22.370203
    8    28.697552    30.545756
    9    28.956004    30.546453
   10    29.182231    30.546702
   11    29.261468    32.981635
   12    29.342659    32.983134
   13    29.902611    32.983252
   14    36.437346    33.967498
   15    36.877359    33.968015
   16    37.138878    33.969476
   17    41.206194    45.556196
   18    41.458749    45.561228
   19    53.907324    49.557619
   20    53.930993    49.560497
   21    54.028944    49.562653
   22    55.656644    49.925784
   23    55.760815    49.926131
   24    55.790039    51.374910
   25    61.087930    51.375346
   26    61.122333    51.376562
   27    63.807082    56.093754
   28    63.890841    56.094216
   29    63.975155    56.095980
   30    64.116849    58.270878
   31    66.603584    58.271296
   32    66.690587    58.272340
   33    66.783824    66.314603
   34    69.498930    69.051769
   35    69.557333    69.052477
   36    69.656013    69.055527
   37    71.785254    73.858462
   38    71.867457    73.859099
   39    72.019341    75.532379
   40    79.148679    75.532924
   41    79.221946    75.533306
   42    82.270740    76.590632
   43    82.391006    84.021527
   44    82.413565    84.022688
   45    86.294432    84.826110
   46    86.307816    84.826487
   47    86.380055    84.827922
   48    91.973497    96.994786
   49    92.082176    96.995362
   50    93.905692    96.996854
   51   107.195500   113.147705
   52   117.492074   113.147957
   53   117.543492   113.148269
   54   117.570555   126.039027
   55   133.389656   138.368966
   56   133.410785   138.369175
   57   133.589761   138.372111
   58   161.480093   174.663383
   59   161.635532   174.664202
   60   161.660979   177.176020
   61   165.081345   177.176437
   62   165.373195   177.181776
   63   167.220944   187.907030
   64   167.396477   187.908118
   65   167.446783   187.908803
   66   169.960474   196.968485
   67   169.971932   196.970646
   68   170.248847   196.971004
   69   182.172618   197.590731
   70   182.218776   200.564576
   71   185.873816   200.566058
   72   197.931575   208.735912
   73   197.943628   208.736980
   74   197.953771   208.737700
   75   213.512622   223.308032
   76   213.539342   229.646970
   77   213.552556   229.648617
   78   215.421957   231.509506
   79   215.439452   231.511289
   80   215.460448   231.512574
   81   216.224519   233.461369
   82   221.939466   233.462595
   83   221.949273   233.462815
   84   221.985105   235.510866
   85   223.816559   235.510960
   86   223.823736   235.512143
   87   223.843611   235.609797
   88   226.654195   235.610689
   89   226.689432   235.611135
   90   255.796078   286.767329
   91   255.798952   286.770711
   92   268.776786   293.360028
   93   270.360076   293.361622
   94   270.364665   293.363117
   95   270.370501   295.810877
   96   277.394900   295.812983
   97   277.401091   295.813369
   98   277.409762   298.238811
   99   281.158393   298.239589
  100   281.160406   298.240482
  101   281.181133   303.850891
  102   367.221043   310.091595
  103   368.098552   310.092795
  104   368.156178   310.094873
  105   368.672431   310.114862
  106   368.682357   310.115258
  107   368.688786   336.927191
  108   369.604151   337.595361
  109   369.627187   337.599860
  110   369.638965   337.601794
  111   370.791262   337.893789
  112   370.793929   337.895693
  113   370.828170   337.900787
  114   377.690889   339.024634
  115   378.452875   345.514059
  116   378.464964   345.516452
  117   378.493767   347.969763
  118   379.107402   347.970466
  119   379.127362   347.971675
  120   379.156098   349.366514
  121   381.702934   349.366892
  122   381.710997   349.368101
  123   381.732263   351.409448
  124   383.421631   351.410777
  125   383.445951   351.411373
  126   614.679533   605.685108
  127   614.692299   605.686629
  128   614.703440   605.687815
  129   616.123513   608.558650
  130   616.160315   608.559788
  131   616.347791   608.564179
  132   616.354854   608.642697
  133   616.400384   608.645921
  134   617.813819   608.646354
  135   618.292389   609.953069
  136   618.323604   609.954255
  137   618.329187   614.358764
  138   635.155689   656.572649
  139   635.167457   656.572921
  140   635.173301   656.573256
  141   635.424106   658.993660
  142   635.431116   658.994184
  143   635.448973   658.994707
  144   636.579795   659.935502
  145   637.081883   662.106171
  146   637.089248   662.106321
  147   637.101863   662.107064
  148   637.350477   665.988053
  149   637.367687   665.988355
  150   717.149444   734.287623
  151   717.154348   734.292350
  152   717.156041   734.293840
  153   717.499682   735.038024
  154   717.502366   735.039395
  155   717.507085   735.040953
  156   718.396099   738.186763
  157   718.399480   738.187212
  158   725.467101   739.313833
  159   728.464655   740.360342
  160   728.470261   740.363960
  161   728.473659   740.369393
  162   802.879894   788.636066
  163   802.881133   788.639866
  164   802.882677   788.645291
  165   803.682300   789.734460
  166   808.959156   790.604269
  167   808.960236   790.608716
  168   808.961039   790.610334
  169   809.278056   791.396249
  170   809.279677   791.396792
  171   809.997458   791.766118
  172   809.998021   791.767192
  173   809.999144   791.769356
  174   923.613562   836.047719
  175   923.617538   836.047922
  176   923.620171   836.448920
  177   925.327294   836.449372
  178   925.959124   836.449438
  179   925.979380   837.763949
  180   926.388688   837.764226
  181   926.390970   837.764433
  182   926.410071   838.030861
  183   926.990576   838.031543
  184   927.004781   838.031548
  185   927.009360   838.103514
  186   972.486302   911.083966
  187   972.534483   912.201500
  188   973.031635   912.201988
  189   973.066396   912.202479
  190   973.070101   912.781828
  191   973.815117   912.783090
  192   974.068041   913.391524
  193   974.077381   913.392967
  194   974.080729   913.394672
  195   976.129670   913.487929
  196   976.131094   913.488674
  197   976.176786   913.490462
  198  1092.418627  1059.948360
  199  1092.419124  1059.951251
  200  1092.419477  1059.952329
  201  1092.518998  1060.024889
  202  1092.530493  1060.026665
  203  1092.659091  1060.529956
  204  1092.665198  1060.531778
  205  1092.666501  1060.533252
  206  1096.546805  1064.883089
  207  1096.547436  1064.884102
  208  1096.555490  1064.884754
  209  1099.050481  1066.135858
  210  1120.772213  1094.401739
  211  1120.773438  1095.510330
  212  1120.777483  1095.511397
  213  1121.556479  1095.511825
  214  1122.815688  1096.061132
  215  1122.816817  1096.062564
  216  1122.819232  1096.063457
  217  1125.742951  1097.155060
  218  1125.746277  1097.157462
  219  1125.749237  1097.158033
  220  1128.717216  1097.765865
  221  1128.721175  1097.766707
  222  1188.994283  1120.736303
  223  1188.996788  1120.981183
  224  1189.003393  1120.982661
  225  1191.480351  1120.996620
  226  1191.481977  1120.997354
  227  1191.488106  1120.998983
  228  1192.262221  1121.343058
  229  1192.263661  1121.345208
  230  1192.269020  1121.346138
  231  1194.213903  1121.507821
  232  1194.219251  1121.508511
  233  1196.159285  1121.511887
  234  1298.858978  1432.573905
  235  1298.860599  1432.574995
  236  1298.919017  1432.636449
  237  1298.921036  1432.637922
  238  1298.922530  1432.639261
  239  1301.421989  1432.700425
  240  1301.423167  1432.716639
  241  1301.424876  1432.717010
  242  1303.441714  1432.719421
  243  1305.087253  1432.883179
  244  1305.087391  1432.883733
  245  1305.087711  1432.884640
  246  1313.244390  1450.058213
  247  1313.387530  1450.689798
  248  1313.389155  1450.690047
  249  1313.391013  1450.692605
  250  1314.166052  1450.729934
  251  1314.169023  1450.731538
  252  1314.176810  1450.732135
  253  1314.275917  1451.264226
  254  1314.282382  1451.265745
  255  1314.283665  1451.278107
  256  1314.642719  1451.278903
  257  1314.652170  1451.279530
  258  1418.957912  1554.003262
  259  1418.960034  1554.003943
  260  1418.996073  1554.109803
  261  1421.025964  1554.110117
  262  1421.042549  1554.111835
  263  1421.044908  1554.270908
  264  1421.421653  1554.331893
  265  1433.447839  1554.333158
  266  1433.464217  1554.334291
  267  1433.468101  1554.353574
  268  1437.460696  1554.354233
  269  1437.483717  1554.354870
  270  1497.605756  1673.402582
  271  1497.612283  1673.403040
  272  1497.802416  1673.405483
  273  1497.803327  1673.409292
  274  1497.804481  1673.409823
  275  1498.037677  1673.543514
  276  1498.038273  1673.544928
  277  1498.042735  1673.545762
  278  1498.601152  1674.116547
  279  1498.603561  1674.118794
  280  1498.603844  1674.121152
  281  1499.059570  1674.341450
  282  3175.394607  3193.443347
  283  3175.395085  3193.452414
  284  3175.395538  3193.460739
  285  3175.523835  3193.484200
  286  3175.623606  3195.678598
  287  3175.623970  3195.680174
  288  3175.624494  3195.928382
  289  3175.685112  3195.936639
  290  3175.685295  3195.944906
  291  3175.685934  3196.280457
  292  3175.692003  3196.283988
  293  3175.693572  3196.285813
  294  3200.232932  3202.871733
  295  3200.233346  3202.879027
  296  3200.233963  3202.887011
  297  3200.260400  3203.362311
  298  3200.260758  3203.364299
  299  3200.261154  3203.366514
  300  3200.297565  3204.090800
  301  3200.298338  3204.092114
  302  3200.575822  3204.626864
  303  3200.576125  3205.372291
  304  3200.576476  3205.382084
  305  3200.731707  3205.389441
