    0     6.585651    -0.000123
    1     6.587611    -0.000123
    2     6.592993    -0.000113
    3    14.286258    15.965598
    4    14.300385    15.966418
    5    14.499590    15.967759
    6    22.769412    24.966600
    7    26.427415    25.120626
    8    26.444025    25.121056
    9    26.466223    25.122116
   10    26.672489    29.564128
   11    31.582578    33.639734
   12    31.642049    33.641309
   13    31.684280    33.643223
   14    37.476070    37.396546
   15    37.479040    37.398629
   16    37.554109    37.400655
   17    37.669848    40.676867
   18    37.696424    40.677349
   19    52.102992    57.376669
   20    52.103530    57.377190
   21    52.142261    57.377273
   22    58.478765    59.072805
   23    58.500819    59.073062
   24    58.512991    59.073433
   25    67.767346    64.855881
   26    67.793620    64.856095
   27    67.813048    64.856197
   28    70.373983    70.809693
   29    72.982581    70.809756
   30    73.015605    70.809835
   31    80.061253    71.816074
   32    80.065826    71.816189
   33    80.075322    78.162008
   34    81.449146    78.407013
   35    81.453960    78.407788
   36    81.527190    78.408217
   37   101.992927    88.935297
   38   102.015787    88.935335
   39   102.041287    90.005298
   40   102.338610    90.005608
   41   102.342086    90.005838
   42   102.346904    93.467076
   43   102.352082   116.030606
   44   102.466690   116.030652
   45   106.227630   116.031050
   46   108.018918   118.745419
   47   108.039595   118.745528
   48   108.065610   127.971977
   49   114.533609   127.972996
   50   114.560726   127.973559
   51   132.230827   134.531489
   52   132.233199   134.531724
   53   132.242792   134.532598
   54   136.191211   151.485381
   55   139.678255   151.485598
   56   139.683471   151.486213
   57   139.711882   153.106005
   58   162.812047   181.709110
   59   162.812299   181.709154
   60   163.351344   212.416751
   61   163.357422   212.418218
   62   163.360094   212.418767
   63   167.461185   222.703173
   64   167.474529   222.704630
   65   167.478659   222.705479
   66   176.869661   239.757339
   67   176.870439   239.757634
   68   176.882533   241.422878
   69   184.145033   241.423621
   70   186.240284   241.423792
   71   186.243791   241.542863
   72   208.275670   244.137998
   73   208.276611   244.139180
   74   208.278128   244.140620
   75   221.251159   253.491760
   76   221.252028   253.493105
   77   221.252235   253.493820
   78   239.738060   254.933298
   79   239.739768   254.933661
   80   239.741406   257.516597
   81   240.083847   259.966184
   82   244.551364   259.967646
   83   244.553884   259.969402
   84   244.557875   267.862344
   85   246.686415   267.864432
   86   246.689218   267.865794
   87   246.689777   275.939921
   88   247.449635   275.939957
   89   247.455177   275.941678
   90   259.764816   280.480919
   91   259.773337   280.481463
   92   270.489829   285.801240
   93   275.608681   285.876555
   94   275.610611   285.877999
   95   275.612507   285.879849
   96   280.096347   289.311814
   97   280.097657   289.313051
   98   280.099726   289.314686
   99   284.979451   291.725809
  100   284.979870   291.727449
  101   284.981194   291.728272
  102   400.093425   325.430499
  103   402.628436   325.430622
  104   402.636224   334.166322
  105   402.807173   334.168964
  106   402.809200   334.170015
  107   402.813194   350.016650
  108   403.140815   350.018233
  109   403.141817   350.021387
  110   403.145102   350.359906
  111   404.784335   350.360870
  112   404.785891   350.362036
  113   404.791654   354.058791
  114   501.751191   445.817123
  115   501.751448   447.095142
  116   501.754061   447.095483
  117   501.980456   447.095757
  118   501.981340   448.350020
  119   501.987915   448.350475
  120   502.290578   448.714660
  121   504.269767   448.714982
  122   504.270391   448.715473
  123   504.273090   448.899272
  124   505.543852   448.899854
  125   505.543975   448.900250
  126   614.734092   621.779918
  127   614.737069   621.781783
  128   614.741996   621.782963
  129   616.318482   624.005683
  130   616.321024   624.007081
  131   616.732884   624.009453
  132   616.733835   624.612985
  133   616.738655   625.587042
  134   617.993654   625.589079
  135   618.586710   631.986940
  136   618.587757   631.990058
  137   618.591033   631.992100
  138   645.923291   633.014458
  139   645.924474   633.014942
  140   645.926088   633.015354
  141   646.362299   633.143721
  142   646.364599   633.144394
  143   646.367474   633.736944
  144   647.294194   633.853590
  145   648.031444   633.854450
  146   648.033225   633.854770
  147   648.087573   634.117578
  148   648.090477   634.117851
  149   648.095604   634.118479
  150   717.019497   741.182346
  151   717.021605   741.603090
  152   717.023637   741.603783
  153   717.485950   741.604527
  154   717.487888   742.461813
  155   717.493173   742.462366
  156   718.208439   742.462680
  157   718.210935   742.538128
  158   726.155024   742.538513
  159   729.651128   743.099295
  160   729.655786   743.100248
  161   729.660644   743.101348
  162   801.492845   806.909140
  163   801.493938   806.911674
  164   801.496973   806.913873
  165   802.373839   807.961297
  166   808.445293   809.483608
  167   808.446604   809.485014
  168   808.450002   809.486747
  169   808.827383   809.536866
  170   808.830066   809.538155
  171   809.420269   810.302192
  172   809.421211   810.304429
  173   809.423110   810.304701
  174   925.062090   826.851321
  175   925.062516   826.851456
  176   925.062903   827.110720
  177   926.565570   827.111914
  178   927.584853   827.112613
  179   927.586074   828.391085
  180   928.046836   828.391286
  181   928.047215   828.391344
  182   928.047720   828.862258
  183   928.552841   828.863067
  184   928.553584   828.864308
  185   928.554251   829.036480
  186   984.267415   948.013866
  187   984.271605   948.822300
  188   985.230056   948.823138
  189   985.230549   948.824112
  190   985.233365   949.584475
  191   985.801367   949.584550
  192   985.804586   949.858107
  193   985.805385   949.858485
  194   987.077748   949.859040
  195   988.461384   950.111689
  196   988.462964   950.113356
  197   988.467279   950.114597
  198  1101.068235  1059.988358
  199  1101.069469  1059.989550
  200  1101.070349  1059.998030
  201  1101.109064  1059.999154
  202  1101.111520  1060.000696
  203  1101.134644  1060.473130
  204  1101.135557  1060.473708
  205  1101.136627  1060.475885
  206  1105.002609  1064.845394
  207  1105.003358  1064.845586
  208  1105.004866  1064.846923
  209  1106.486609  1065.898348
  210  1123.630426  1099.961269
  211  1123.630744  1101.243674
  212  1123.631647  1101.243953
  213  1124.444442  1101.245411
  214  1125.902414  1101.845886
  215  1125.902787  1101.846767
  216  1125.903204  1101.848147
  217  1128.702807  1103.078691
  218  1128.703588  1103.080538
  219  1128.705086  1103.081105
  220  1131.876520  1103.949136
  221  1131.878329  1103.950368
  222  1195.218526  1136.762139
  223  1195.219005  1136.829365
  224  1195.219338  1136.830245
  225  1197.814970  1136.831979
  226  1197.816302  1136.871161
  227  1197.817929  1136.871794
  228  1198.543923  1137.106753
  229  1198.545209  1137.107547
  230  1198.546525  1137.110363
  231  1200.492631  1137.346767
  232  1200.493300  1137.348266
  233  1202.839691  1137.349475
  234  1318.653079  1455.951732
  235  1318.653879  1456.238337
  236  1318.655864  1456.239207
  237  1319.090993  1456.239763
  238  1319.375264  1456.485795
  239  1319.376556  1456.487728
  240  1319.377249  1456.488593
  241  1319.520851  1456.639273
  242  1319.521281  1456.640246
  243  1319.522643  1456.729540
  244  1320.042858  1456.730310
  245  1320.043517  1456.733199
  246  1325.492520  1470.533897
  247  1325.492720  1470.535187
  248  1325.495244  1470.535844
  249  1325.508159  1470.587542
  250  1325.511077  1470.588548
  251  1328.440878  1470.589944
  252  1328.441196  1470.690736
  253  1328.441855  1470.691756
  254  1329.827443  1470.846416
  255  1332.038897  1470.848631
  256  1332.039800  1470.849812
  257  1332.041631  1470.918351
  258  1429.543857  1574.188539
  259  1429.545182  1574.191402
  260  1429.547031  1574.192279
  261  1430.598092  1574.249389
  262  1430.890976  1574.249907
  263  1430.891889  1574.252179
  264  1430.893941  1574.261372
  265  1444.174644  1574.263621
  266  1444.176236  1574.334839
  267  1444.177180  1574.336384
  268  1447.904825  1574.341042
  269  1447.908130  1574.386339
  270  1497.538648  1673.079764
  271  1497.538875  1673.081180
  272  1497.833427  1673.104670
  273  1497.834478  1673.105405
  274  1497.835745  1673.108418
  275  1498.238090  1673.169625
  276  1498.239118  1673.172089
  277  1498.240146  1673.175082
  278  1498.715865  1673.744162
  279  1498.716698  1673.745933
  280  1498.718219  1673.746840
  281  1499.380314  1673.811647
  282  3176.225445  3193.751962
  283  3176.226143  3193.761701
  284  3176.226758  3193.764544
  285  3176.353370  3193.786073
  286  3176.543721  3196.239450
  287  3176.544836  3196.243074
  288  3176.545286  3196.460733
  289  3176.617610  3196.462158
  290  3176.618280  3196.469738
  291  3176.619027  3196.780924
  292  3176.619638  3196.782518
  293  3176.620217  3196.786966
  294  3200.395546  3203.266233
  295  3200.396436  3203.267761
  296  3200.397294  3203.274694
  297  3200.433839  3203.643533
  298  3200.434020  3203.645076
  299  3200.434560  3203.649144
  300  3200.459946  3204.311584
  301  3200.460361  3204.315304
  302  3200.839388  3205.227485
  303  3200.839944  3205.845639
  304  3200.840494  3205.854821
  305  3201.016272  3205.857055
