    0    -0.974612   -32.799327
    1    -0.916822   -32.654133
    2     2.629219   -32.601515
    3    19.248627    -0.001338
    4    19.939883    -0.000630
    5    19.973368    -0.000507
    6    20.195531    17.003632
    7    29.497708    17.125041
    8    29.598156    17.137842
    9    29.742063    26.552351
   10    43.743300    26.565322
   11    46.314233    26.586291
   12    46.401174    28.910593
   13    46.465003    36.167683
   14    55.375791    36.181033
   15    55.511967    36.203842
   16    58.784374    40.179567
   17    58.804456    51.263702
   18    58.850829    51.353206
   19    60.039312    51.484957
   20    60.113170    58.730264
   21    60.158547    58.789457
   22    69.129969    58.800639
   23    69.265750    60.322545
   24    69.317141    60.325830
   25    77.938205    66.056193
   26    77.966688    66.070541
   27    78.054354    66.075672
   28    80.132595    72.141917
   29    80.215265    72.143945
   30    80.268099    72.147515
   31    80.541928    82.098232
   32    91.231907    82.106571
   33    91.300929    82.113040
   34    91.326643    89.820857
   35    92.772703    89.833443
   36    92.819372    89.837497
   37    93.851483    98.684461
   38    93.861369    98.702541
   39    93.949485   100.307969
   40    97.101538   101.980114
   41    98.090563   102.034827
   42    98.098561   102.045852
   43    98.122610   107.733718
   44   103.733305   113.858114
   45   103.738812   113.863711
   46   104.073686   113.866567
   47   104.086990   115.761764
   48   104.145644   115.773538
   49   128.180494   123.728888
   50   128.193346   123.734662
   51   128.198129   123.741965
   52   130.655795   126.860505
   53   132.092393   126.887025
   54   132.122367   126.922667
   55   135.921597   128.438495
   56   135.937811   128.444674
   57   136.055952   135.050758
   58   153.096779   146.152919
   59   153.107779   146.161059
   60   153.129849   146.171847
   61   159.791654   153.323749
   62   159.809386   153.333467
   63   167.811671   153.342263
   64   167.894652   158.331267
   65   167.921502   158.337137
   66   174.071630   163.046419
   67   174.087619   163.048062
   68   174.092320   163.052867
   69   175.421713   171.101409
   70   175.430666   171.195458
   71   175.752605   171.196551
   72   175.762491   176.495352
   73   175.839772   176.498456
   74   188.101632   176.500762
   75   188.126316   183.079930
   76   188.130300   183.090761
   77   190.936539   183.101303
   78   197.127796   195.329469
   79   197.642143   195.333828
   80   197.659926   195.339797
   81   198.515221   195.831609
   82   198.580658   199.265421
   83   198.589654   199.265625
   84   225.984073   253.318285
   85   225.987924   253.328488
   86   226.017501   253.344360
   87   231.974777   257.908183
   88   232.004619   257.908780
   89   232.008375   257.909573
   90   262.964048   285.985127
   91   262.967934   285.985466
   92   265.314553   307.259810
   93   265.318690   307.272109
   94   265.362538   307.280419
   95   266.393538   317.245551
   96   266.441575   317.246470
   97   266.456103   317.246968
   98   268.733578   322.691147
   99   270.038913   322.692648
  100   270.046530   322.695278
  101   270.050730   325.697595
  102   276.410675   339.428684
  103   276.422989   339.430887
  104   282.196949   339.431555
  105   282.208412   341.495528
  106   282.223229   341.504361
  107   283.842059   341.507979
  108   287.113067   344.222509
  109   287.129315   344.363316
  110   287.135968   344.365459
  111   288.475922   344.370831
  112   288.481119   345.293217
  113   288.481925   345.294780
  114   408.543571   416.357348
  115   411.290106   416.361398
  116   411.310693   416.368142
  117   411.321880   417.005815
  118   412.583361   417.006392
  119   412.589555   418.862043
  120   412.871069   418.868199
  121   412.891311   418.875504
  122   412.893972   420.444352
  123   414.090028   420.445273
  124   414.099462   420.447920
  125   414.136526   421.429667
  126   623.522097   602.790979
  127   623.539228   602.792115
  128   623.548942   602.792782
  129   625.197088   604.272469
  130   625.199116   604.275182
  131   625.211297   604.277293
  132   625.231267   605.817555
  133   625.244417   605.821073
  134   626.372377   605.822505
  135   626.966157   606.158270
  136   626.969991   606.827457
  137   626.998882   606.827778
  138   662.074799   613.496110
  139   662.081124   613.497530
  140   662.084387   613.498814
  141   662.467427   614.201803
  142   662.469269   614.735597
  143   662.510046   614.736440
  144   663.145079   614.737007
  145   663.180696   614.868077
  146   663.188067   614.868553
  147   664.872963   614.869458
  148   665.458808   615.737817
  149   665.461178   615.738493
  150   684.792900   800.618665
  151   684.936552   800.622742
  152   684.946908   800.623088
  153   684.963800   801.696670
  154   686.584986   801.703947
  155   686.599011   801.706987
  156   686.614827   802.055198
  157   686.674904   802.055483
  158   686.696596   805.060962
  159   686.738919   806.715673
  160   686.767320   806.718309
  161   686.769984   806.720869
  162   731.387717   816.478870
  163   731.410530   816.479418
  164   731.429439   816.679882
  165   731.554307   816.682993
  166   731.578803   816.685388
  167   731.588376   817.432461
  168   732.962574   817.435261
  169   732.988539   817.436734
  170   742.097020   817.671680
  171   745.938309   817.949785
  172   745.960175   817.950135
  173   745.974276   817.952137
  174   808.233168   890.276899
  175   808.247942   890.281103
  176   808.256483   890.282017
  177   808.868533   891.021586
  178   815.712000   891.021997
  179   815.728056   891.027268
  180   815.740426   891.504206
  181   816.196518   891.504968
  182   816.213750   891.505542
  183   817.101395   892.097604
  184   817.113134   892.097609
  185   817.132374   892.241720
  186   925.174931   897.572734
  187   925.198723   897.574103
  188   925.202525   897.574848
  189   925.766405   900.301781
  190   927.410212   900.305270
  191   927.421322   900.306665
  192   928.220870   902.642394
  193   928.231259   902.645924
  194   928.233518   902.649520
  195   928.458023   903.294885
  196   928.460171   907.587120
  197   928.480710   907.588446
  198   971.156971   979.879040
  199   971.164145   979.879866
  200   971.177959   979.884565
  201   971.667159   981.262288
  202   971.676725   981.267894
  203   971.679094   981.270386
  204   971.739177   981.944232
  205   971.937762   981.946824
  206   971.939359   982.953899
  207   971.945423   982.960378
  208   973.242979   982.966623
  209   973.250887   985.901982
  210   996.777002   988.798147
  211   996.791929   988.798830
  212   996.810148   988.800317
  213   996.946163   989.059364
  214   996.959338   989.062366
  215   997.454505   989.065910
  216   997.478165   989.096224
  217   997.491446   989.920412
  218  1000.166859   989.923046
  219  1000.170823   989.927414
  220  1000.181215   989.931116
  221  1000.388828   989.933334
  222  1001.920094  1057.372005
  223  1001.926592  1057.378293
  224  1001.931296  1057.385603
  225  1002.572089  1057.619852
  226  1002.578574  1057.621694
  227  1002.583442  1057.698047
  228  1003.860420  1057.700521
  229  1003.868545  1057.702924
  230  1003.869536  1061.749199
  231  1004.460107  1061.757355
  232  1004.468042  1061.759313
  233  1006.191267  1061.763367
  234  1121.772645  1110.388864
  235  1121.781527  1111.895204
  236  1121.804401  1111.895882
  237  1121.976681  1111.897337
  238  1121.989011  1112.727779
  239  1122.223322  1112.729878
  240  1122.236098  1112.733671
  241  1122.257331  1116.787018
  242  1124.140386  1116.790389
  243  1125.112314  1116.790810
  244  1125.127973  1118.865310
  245  1125.136352  1118.866166
  246  1127.547060  1159.482507
  247  1127.573736  1159.483823
  248  1127.580313  1159.483997
  249  1128.944744  1159.544352
  250  1130.102018  1159.547171
  251  1130.133902  1159.548244
  252  1130.153798  1160.003973
  253  1131.616013  1160.005198
  254  1131.621264  1160.007774
  255  1131.682845  1160.008692
  256  1134.221608  1160.009655
  257  1134.232931  1160.192351
  258  1205.514078  1459.810215
  259  1205.518956  1459.811185
  260  1205.523076  1459.812318
  261  1208.219014  1460.206522
  262  1208.219154  1460.207930
  263  1208.248837  1460.208769
  264  1209.378858  1460.448885
  265  1209.410696  1460.449139
  266  1209.413510  1460.827782
  267  1211.707814  1460.828237
  268  1211.709167  1460.829214
  269  1213.416200  1460.935323
  270  1318.880949  1464.202220
  271  1318.886510  1464.203428
  272  1318.890040  1464.206526
  273  1319.295537  1464.688765
  274  1319.670547  1464.690095
  275  1319.673547  1464.691228
  276  1319.683439  1466.922882
  277  1319.859557  1466.923828
  278  1319.865739  1466.924276
  279  1319.870921  1468.976190
  280  1319.916003  1468.976403
  281  1319.919979  1469.275755
  282  1344.999939  1475.606523
  283  1345.003609  1475.608679
  284  1345.009145  1475.610503
  285  1347.825065  1475.804589
  286  1347.829807  1475.809025
  287  1347.834686  1475.811508
  288  1348.642873  1476.169406
  289  1348.647852  1476.172945
  290  1348.650230  1476.177761
  291  1353.841363  1478.900476
  292  1354.094272  1479.371563
  293  1354.098150  1479.371714
  294  1379.213747  1534.105614
  295  1379.216312  1534.128880
  296  1379.219890  1534.144491
  297  1386.449049  1534.902978
  298  1386.453066  1534.914246
  299  1386.459441  1534.937563
  300  1388.759471  1536.387659
  301  1391.332033  1536.393874
  302  1391.337919  1536.397648
  303  1391.343687  1539.229267
  304  1392.047109  1539.598420
  305  1392.052133  1539.603539
  306  1398.396614  1553.913417
  307  1398.411037  1553.922292
  308  1398.412426  1553.926632
  309  1400.653594  1554.854890
  310  1400.666130  1554.871007
  311  1400.668918  1554.906133
  312  1402.734412  1555.405015
  313  1402.745607  1555.441688
  314  1402.749594  1555.468079
  315  1403.142413  1557.025644
  316  1403.960813  1557.070188
  317  1403.968120  1557.072998
  318  1449.107057  1593.814367
  319  1450.024422  1593.815118
  320  1450.030347  1593.818497
  321  1450.033580  1594.197722
  322  1454.601614  1594.198463
  323  1454.606977  1594.201489
  324  1454.615645  1594.484090
  325  1454.988561  1595.875484
  326  1454.992712  1595.876185
  327  1456.748449  1595.878997
  328  1456.754120  1596.877408
  329  1456.755462  1596.880006
  330  1461.895416  1627.397789
  331  1461.908715  1627.400933
  332  1461.911614  1627.404220
  333  1463.910467  1628.457086
  334  1464.414372  1628.461424
  335  1464.418018  1628.464224
  336  1464.427327  1629.631818
  337  1465.999248  1629.680275
  338  1466.003023  1629.680880
  339  1466.005946  1630.010621
  340  1467.435907  1630.011143
  341  1467.439673  1630.011833
  342  1497.072330  1688.402905
  343  1497.076943  1688.404880
  344  1497.186158  1688.405873
  345  1497.187733  1688.535410
  346  1497.208332  1688.536271
  347  1498.109162  1688.537936
  348  1498.119966  1688.709623
  349  1498.124009  1688.710872
  350  1498.267036  1689.306457
  351  1498.275122  1689.784932
  352  1498.278117  1689.785430
  353  1499.971062  1689.787207
  354  2976.603739  2989.332964
  355  2976.606769  2989.334426
  356  2976.722183  2989.336019
  357  2976.801606  2989.521104
  358  2976.805993  2989.523265
  359  2976.806978  2989.525497
  360  2977.632134  2990.818790
  361  2977.635608  2990.850480
  362  2977.636778  2990.855944
  363  2978.011183  2990.911088
  364  2978.016480  2990.913318
  365  2978.018511  2990.920524
  366  3041.946542  3085.751380
  367  3041.954823  3085.759701
  368  3041.957290  3085.778562
  369  3042.472368  3086.050845
  370  3042.478903  3086.051539
  371  3042.527407  3086.052768
  372  3043.203476  3086.092430
  373  3043.207490  3086.190369
  374  3043.209321  3086.211629
  375  3043.223595  3086.220332
  376  3043.226583  3086.563339
  377  3043.229558  3086.565151
  378  3080.615605  3091.435428
  379  3080.628657  3091.439375
  380  3080.634394  3091.447424
  381  3080.834951  3091.953326
  382  3080.847302  3091.959656
  383  3080.853449  3091.963645
  384  3080.887546  3094.240014
  385  3080.896479  3094.241094
  386  3080.902779  3094.243051
  387  3080.971503  3096.723714
  388  3080.978582  3096.807667
  389  3080.984569  3096.809448
  390  3162.646026  3182.272533
  391  3162.652543  3182.277089
  392  3162.660009  3182.278444
  393  3162.833312  3182.279579
  394  3162.840897  3184.816316
  395  3162.843786  3184.820403
  396  3162.853332  3185.005256
  397  3162.933017  3185.007292
  398  3162.936283  3185.012829
  399  3162.947004  3185.326420
  400  3162.960399  3185.330598
  401  3162.966919  3185.335503
  402  3187.104438  3191.703848
  403  3187.111179  3191.709488
  404  3187.115540  3191.716455
  405  3187.160150  3192.084882
  406  3187.165331  3192.091597
  407  3187.176796  3192.094577
  408  3187.211352  3192.646296
  409  3187.218077  3192.649928
  410  3187.495768  3193.820907
  411  3187.502297  3194.327882
  412  3187.513923  3194.329068
  413  3187.716902  3194.330893
