    0    -2.836604    -0.000925
    1    -2.562038    -0.000132
    2     3.970186    -0.000109
    3     4.417779    15.389275
    4     5.282966    15.395293
    5     6.399566    15.500344
    6    13.631883    17.438171
    7    14.588396    17.464267
    8    14.856714    17.472048
    9    15.502055    24.692336
   10    18.622216    24.865158
   11    18.704543    24.871820
   12    21.847451    28.144967
   13    33.423225    28.147255
   14    33.490246    29.733917
   15    35.058538    31.465233
   16    35.241515    32.906979
   17    35.493753    32.965707
   18    38.885975    32.973569
   19    57.690277    65.188878
   20    59.117244    65.233183
   21    59.166749    65.233510
   22    63.683007    65.653558
   23    63.747503    65.653689
   24    64.371735    65.699048
   25    81.694444    97.813245
   26    85.420526    97.844646
   27    85.484127    97.845535
   28    85.629535    99.995001
   29    87.009156    99.995350
   30    88.894196   111.525818
   31    89.153073   117.730536
   32    90.184396   117.822251
   33    90.228203   117.823936
   34   105.581623   122.682319
   35   107.256553   122.683536
   36   107.417982   122.769802
   37   135.000041   130.175076
   38   135.012495   130.175152
   39   136.977526   134.632718
   40   137.326688   141.395325
   41   137.475290   141.396315
   42   140.299694   141.433944
   43   141.384300   158.832340
   44   142.557898   158.832784
   45   142.661331   158.843855
   46   144.570785   188.305783
   47   144.615595   188.343254
   48   145.534703   188.344925
   49   155.402767   194.048939
   50   155.515347   194.049108
   51   166.764225   199.267635
   52   168.657577   199.267872
   53   168.740057   201.067744
   54   176.823722   201.946929
   55   177.876182   201.949846
   56   177.931731   201.950012
   57   178.066539   205.973078
   58   190.439312   205.974053
   59   190.480077   205.988938
   60   198.604601   230.059811
   61   198.611531   230.085759
   62   199.818361   230.086571
   63   214.768948   258.189446
   64   214.842699   258.189622
   65   218.206261   269.267365
   66   218.366172   269.268700
   67   219.376317   269.279604
   68   226.939739   270.365252
   69   233.421112   270.366557
   70   234.018761   270.403297
   71   234.066292   272.544810
   72   235.395460   275.104391
   73   237.281480   275.105995
   74   237.360840   275.147830
   75   250.256676   301.532054
   76   250.303642   301.572262
   77   251.425459   301.572476
   78   293.002284   314.118802
   79   293.051723   314.119389
   80   296.869935   326.812855
   81   297.965062   326.813035
   82   297.969914   326.822982
   83   299.586351   341.465121
   84   300.607997   341.489067
   85   301.190001   341.489924
   86   301.207313   344.369138
   87   302.390989   344.370834
   88   302.494249   344.397744
   89   302.515937   356.830685
   90   623.171484   566.290378
   91   623.194164   566.348983
   92   623.345575   566.350468
   93   625.115368   566.944681
   94   625.126252   566.946562
   95   625.357364   568.550298
   96   625.620447   568.553670
   97   625.634887   568.554994
   98   626.879161   569.408129
   99   627.333067   569.751061
  100   627.355536   569.751610
  101   627.433260   569.815291
  102   649.701754   676.079827
  103   649.743022   678.167019
  104   649.810872   678.186637
  105   650.245087   678.188335
  106   650.685210   680.676735
  107   650.701346   680.683115
  108   651.074605   680.683479
  109   651.089648   681.154040
  110   651.122206   681.154234
  111   653.392994   681.329493
  112   654.002131   681.331432
  113   654.025070   681.350794
  114   726.615186   754.373202
  115   729.070809   754.377828
  116   729.073561   754.397675
  117   730.147380   754.729894
  118   730.244442   754.769234
  119   733.905043   754.775082
  120   735.196024   756.095633
  121   735.257975   756.097068
  122   737.919539   756.955147
  123   745.331136   756.957781
  124   745.340821   756.959482
  125   745.714467   758.174440
  126   782.237517   839.599644
  127   782.785938   839.607932
  128   782.823690   839.608362
  129   784.875640   839.733854
  130   784.905064   839.733929
  131   785.112116   840.634179
  132   785.471784   840.666043
  133   785.541087   840.670142
  134   786.384004   840.901507
  135   791.581875   840.902394
  136   791.627089   840.902573
  137   797.259880   841.632156
  138   809.473632   841.632598
  139   809.528503   841.633492
  140   810.329499   841.796290
  141   810.976507   841.798170
  142   818.014358   841.822657
  143   818.073340   841.932999
  144   818.844655   842.034004
  145   820.532212   843.198857
  146   820.613493   843.199847
  147   820.696714   845.238794
  148   821.958592   845.242867
  149   822.019915   845.257307
  150   924.411405   852.687408
  151   924.591998   853.585657
  152   924.597191   853.586267
  153   925.305874   853.589888
  154   927.272514   854.560398
  155   927.304637   854.560691
  156   927.895070   854.562190
  157   927.923672   854.803771
  158   927.928449   854.803836
  159   928.402900   855.042417
  160   928.506072   855.047491
  161   928.513655   855.047874
  162   948.216196   886.453812
  163   948.254822   886.457126
  164   948.657911   886.458063
  165   948.660371   886.897844
  166   948.688279   888.309134
  167   948.982842   888.311685
  168   949.363309   888.321298
  169   949.370155   888.452623
  170   949.899741   888.453069
  171   950.803912   888.824084
  172   951.028959   888.836844
  173   951.049446   888.838110
  174  1068.806936  1038.025781
  175  1068.807298  1039.190102
  176  1068.922866  1039.191711
  177  1069.141790  1039.201707
  178  1069.153917  1039.204917
  179  1069.331242  1039.208365
  180  1070.576991  1039.208749
  181  1071.131290  1041.232699
  182  1071.261834  1041.236598
  183  1071.280094  1041.238455
  184  1072.451035  1042.992409
  185  1072.473385  1042.992615
  186  1075.137073  1045.698553
  187  1075.564150  1045.699256
  188  1075.583140  1045.861094
  189  1079.957189  1045.862677
  190  1079.980040  1045.887678
  191  1080.336788  1046.637018
  192  1081.718002  1046.655988
  193  1081.726099  1046.657585
  194  1081.762181  1049.888127
  195  1081.770386  1049.895984
  196  1083.416691  1049.897586
  197  1083.422164  1050.635471
  198  1192.146020  1105.731686
  199  1192.159334  1106.167799
  200  1192.417541  1106.169126
  201  1194.651154  1106.171223
  202  1195.020885  1106.456521
  203  1195.037018  1106.457045
  204  1195.635968  1106.866425
  205  1195.637860  1106.866946
  206  1195.751222  1106.874459
  207  1196.763767  1107.108963
  208  1196.793361  1107.120067
  209  1199.729264  1107.121986
  210  1200.046364  1196.356182
  211  1200.060978  1196.367788
  212  1200.900709  1196.368439
  213  1200.920572  1197.053262
  214  1201.193408  1197.053753
  215  1201.465663  1197.086884
  216  1201.906462  1197.088182
  217  1202.302384  1197.088467
  218  1202.316063  1197.716042
  219  1203.037909  1197.957133
  220  1203.054987  1197.958810
  221  1203.159212  1197.967955
  222  1289.627696  1376.898188
  223  1289.663983  1376.898456
  224  1289.675176  1376.902984
  225  1290.463673  1377.008949
  226  1290.524741  1377.013038
  227  1290.525419  1377.016432
  228  1290.548368  1377.637866
  229  1290.872029  1377.899844
  230  1290.886693  1377.902859
  231  1291.149251  1377.907087
  232  1291.298673  1378.145250
  233  1291.302383  1378.145659
  234  1329.537360  1472.357806
  235  1329.540355  1472.359307
  236  1329.549271  1472.360428
  237  1330.120172  1472.432037
  238  1330.533361  1472.703030
  239  1330.539439  1472.703615
  240  1330.994230  1472.705230
  241  1331.011153  1472.844965
  242  1331.028633  1472.845443
  243  1331.337921  1472.847357
  244  1331.585962  1473.050970
  245  1331.591026  1473.051253
  246  1467.561488  1648.503846
  247  1470.386254  1648.508194
  248  1470.465728  1648.510243
  249  1470.476573  1648.581430
  250  1472.595613  1648.582580
  251  1472.666400  1648.584001
  252  1472.680387  1648.635249
  253  1480.610997  1648.635660
  254  1480.881878  1648.946930
  255  1480.892796  1648.949675
  256  1481.706509  1648.954602
  257  1481.711600  1649.235626
  258  1485.547735  1664.353124
  259  1485.658654  1664.353422
  260  1485.678371  1664.359256
  261  1485.838093  1664.365795
  262  1485.841930  1664.365914
  263  1486.296875  1664.369472
  264  1486.297531  1664.372536
  265  1486.603427  1664.373062
  266  1486.819856  1664.944667
  267  1486.820825  1664.956624
  268  1486.905028  1664.961430
  269  1487.798390  1664.962340
  270  3165.322428  3183.912285
  271  3165.336303  3183.926119
  272  3165.409676  3183.932724
  273  3166.067238  3183.952996
  274  3166.078681  3186.653045
  275  3166.094760  3186.655728
  276  3166.236608  3186.735436
  277  3166.326441  3186.742050
  278  3166.336483  3186.750556
  279  3166.401120  3186.949005
  280  3166.858958  3186.982302
  281  3166.861250  3186.983790
  282  3174.641272  3189.173699
  283  3174.662253  3189.178029
  284  3174.710828  3189.221742
  285  3175.258251  3189.237733
  286  3175.304866  3189.259683
  287  3175.320919  3189.275907
  288  3176.263052  3189.297404
  289  3176.355026  3189.304372
  290  3176.395252  3189.308816
  291  3176.469554  3189.429850
  292  3176.581426  3189.432048
  293  3176.615945  3189.443734
  294  3189.628484  3192.896397
  295  3189.638104  3192.903989
  296  3189.783269  3192.908917
  297  3190.149260  3193.306820
  298  3190.258814  3193.319902
  299  3190.272494  3193.321098
  300  3190.578720  3193.586011
  301  3190.590961  3193.586603
  302  3190.845143  3195.141428
  303  3190.850143  3195.555449
  304  3191.067441  3195.564865
  305  3191.594357  3195.570290
