# Radial distribution function in trajectory ZIF-CH3-25/ZIF-CH3-25.wrapped.pdb
# Using selection: resname N2
# r   g(r)   N_ij(r)   N_ji(r)
0.0175 0 0 0
0.0525 68.1199 0.000841751 1.6835e-05
0.0875 24.5232 0.0016835 3.367e-05
0.1225 18.7677 0.00294613 5.89226e-05
0.1575 52.9821 0.00883838 0.000176768
0.1925 35.4674 0.0147306 0.000294613
0.2275 29.0215 0.0214646 0.000429293
0.2625 31.3351 0.0311448 0.000622896
0.2975 25.4566 0.0412458 0.000824916
0.3325 31.4182 0.0568182 0.00113636
0.3675 23.6334 0.0711279 0.00142256
0.4025 18.543 0.084596 0.00169192
0.4375 19.6185 0.101431 0.00202862
0.4725 21.8656 0.123316 0.00246633
0.5075 14.9443 0.140572 0.00281145
0.5425 21.0527 0.16835 0.003367
0.5775 19.1411 0.19697 0.00393939
0.6125 26.7753 0.242003 0.00484007
0.6475 26.422 0.291667 0.00583333
0.6825 20.7584 0.335017 0.00670034
0.7175 19.6944 0.380471 0.00760943
0.7525 20.5575 0.43266 0.0086532
0.7875 16.9543 0.479798 0.00959596
0.8225 19.5663 0.539141 0.0107828
0.8575 19.4061 0.603114 0.0120623
0.8925 21.2138 0.678872 0.0135774
0.9275 13.7501 0.731902 0.014638
0.9625 10.3362 0.774832 0.0154966
0.9975 9.15184 0.815657 0.0163131
1.0325 9.4225 0.86069 0.0172138
1.0675 7.3319 0.898148 0.017963
1.1025 8.34121 0.943603 0.0188721
1.1375 8.63389 0.993687 0.0198737
1.1725 6.62382 1.03451 0.0206902
1.2075 8.17696 1.08796 0.0217593
1.2425 6.87145 1.13552 0.0227104
1.2775 5.75229 1.17761 0.0235522
1.3125 6.04905 1.22433 0.0244865
1.3475 5.63549 1.2702 0.025404
1.3825 3.68378 1.30177 0.0260354
1.4175 3.08362 1.32955 0.0265909
1.4525 2.66982 1.3548 0.027096
1.4875 3.2245 1.38678 0.0277357
1.5225 3.72594 1.42551 0.0285101
1.5575 4.25695 1.4718 0.029436
1.5925 2.66524 1.5021 0.0300421
1.6275 1.52401 1.5202 0.030404
1.6625 2.41156 1.55008 0.0310017
1.6975 1.43349 1.5686 0.0313721
1.7325 1.87658 1.59386 0.0318771
1.7675 1.0818 1.60901 0.0321801
1.8025 1.12688 1.62542 0.0325084
1.8375 1.05655 1.64141 0.0328283
1.8725 0.749682 1.6532 0.033064
1.9075 0.877228 1.66751 0.0333502
1.9425 0.671745 1.67887 0.0335774
1.9775 0.504137 1.68771 0.0337542
2.0125 0.811258 1.70244 0.0340488
2.0475 0.895725 1.71928 0.0343855
2.0825 0.887516 1.73653 0.0347306
2.1175 1.06779 1.758 0.0351599
2.1525 0.324187 1.76473 0.0352946
2.1875 0.313896 1.77146 0.0354293
2.2225 0.38011 1.77988 0.0355976
2.2575 0.460518 1.7904 0.0358081
2.2925 0.125038 1.79335 0.035867
2.3275 0.173294 1.79756 0.0359512
2.3625 0.0336394 1.7984 0.035968
2.3975 0.0979933 1.80093 0.0360185
2.4325 0.0475968 1.80219 0.0360438
2.4675 0.107931 1.80513 0.0361027
2.5025 0.0899426 1.80766 0.0361532
2.5375 0.0437393 1.80892 0.0361785
2.5725 0.113486 1.81229 0.0362458
2.6075 0.0690373 1.81439 0.0362879
2.6425 0.174774 1.81987 0.0363973
2.6775 0.117854 1.82365 0.0364731
2.7125 0.140351 1.82828 0.0365657
2.7475 0.111926 1.83207 0.0366414
2.7825 0.0727517 1.8346 0.0366919
2.8175 0.0946073 1.83796 0.0367593
2.8525 0.126912 1.84259 0.0368519
2.8875 0.101335 1.84638 0.0369276
2.9225 0.131897 1.85143 0.0370286
2.9575 0.203923 1.85943 0.0371886
2.9925 0.251597 1.86953 0.0373906
3.0275 0.409689 1.88636 0.0377273
3.0625 0.270255 1.89773 0.0379545
3.0975 0.244613 1.90825 0.038165
3.1325 0.220043 1.91793 0.0383586
3.1675 0.514626 1.94108 0.0388215
3.2025 0.430212 1.96086 0.0392172
3.2375 0.519482 1.98527 0.0397054
3.2725 0.587324 2.01347 0.0402694
3.3075 0.566378 2.04125 0.0408249
3.3425 0.907493 2.0867 0.041734
3.3775 1.16858 2.14646 0.0429293
3.4125 1.12055 2.20497 0.0440993
3.4475 1.13741 2.26557 0.0453114
3.4825 1.47073 2.34554 0.0469108
3.5175 1.62371 2.43561 0.0487121
3.5525 2.05307 2.55177 0.0510354
3.5875 2.46545 2.69402 0.0538805
3.6225 2.31788 2.83039 0.0566077
3.6575 2.56145 2.98401 0.0596801
3.6925 3.02952 3.16919 0.0633838
3.7275 2.93236 3.35185 0.067037
3.7625 3.15658 3.55219 0.0710438
3.7975 3.24838 3.76221 0.0752441
3.8325 3.2852 3.97854 0.0795707
3.8675 3.53982 4.21591 0.0843182
3.9025 3.7355 4.47096 0.0894192
3.9375 3.71783 4.72938 0.0945875
3.9725 3.78943 4.99747 0.0999495
4.0075 3.70015 5.26389 0.105278
4.0425 4.03848 5.55976 0.111195
4.0775 4.33082 5.88258 0.117652
4.1125 4.33513 6.21128 0.124226
4.1475 4.31684 6.54419 0.130884
4.1825 4.55079 6.90109 0.138022
4.2175 5.10363 7.30808 0.146162
4.2525 5.21204 7.73064 0.154613
4.2875 5.16815 8.15657 0.163131
4.3225 5.33601 8.60354 0.172071
4.3575 5.7846 9.09596 0.181919
4.3925 5.58088 9.5787 0.191574
4.4275 5.91921 10.0989 0.201978
4.4625 5.70416 10.6082 0.212163
4.4975 6.23299 11.1734 0.223468
4.5325 6.3016 11.7538 0.235076
4.5675 6.38989 12.3514 0.247029
4.6025 6.08036 12.9289 0.258577
4.6375 5.93218 13.5008 0.270017
4.6725 6.25643 14.1132 0.282264
4.7075 6.38827 14.7479 0.294958
4.7425 6.08145 15.3611 0.307222
4.7775 5.89807 15.9646 0.319293
4.8125 6.10039 16.5981 0.331961
4.8475 5.74095 17.2029 0.344057
4.8825 5.95429 17.8392 0.356785
4.9175 5.72231 18.4596 0.369192
4.9525 5.86753 19.1048 0.382096
4.9875 6.07984 19.7828 0.395657
5.0225 5.4074 20.3944 0.407887
5.0575 5.37685 21.0109 0.420219
5.0925 5.48058 21.6481 0.432963
5.1275 4.97396 22.2344 0.444689
5.1625 5.36114 22.875 0.4575
5.1975 4.58025 23.4297 0.468594
5.2325 4.71805 24.0088 0.480177
5.2675 4.80781 24.6069 0.492138
5.3025 4.17026 25.1326 0.502652
5.3375 3.5984 25.5922 0.511843
5.3725 3.29798 26.0189 0.520379
5.4075 2.92153 26.4019 0.528039
5.4425 2.61152 26.7487 0.534975
5.4775 2.35609 27.0657 0.541313
5.5125 2.18416 27.3632 0.547264
5.5475 1.90045 27.6254 0.552508
5.5825 1.87067 27.8868 0.557736
5.6175 1.68083 28.1246 0.562492
5.6525 1.2458 28.303 0.566061
5.6875 1.02446 28.4516 0.569032
5.7225 0.980431 28.5955 0.571911
5.7575 0.841107 28.7205 0.574411
5.7925 0.75543 28.8342 0.576684
5.8275 0.671745 28.9364 0.578729
5.8625 0.568146 29.024 0.58048
5.8975 0.542529 29.1086 0.582172
5.9325 0.586826 29.2012 0.584024
5.9675 0.461334 29.2748 0.585497
6.0025 0.471603 29.351 0.58702
6.0375 0.502207 29.4331 0.588662
6.0725 0.478614 29.5122 0.590244
6.1075 0.442943 29.5863 0.591726
6.1425 0.383171 29.6511 0.593022
6.1775 0.398522 29.7193 0.594386
6.2125 0.381882 29.7854 0.595707
6.2475 0.394452 29.8544 0.597088
6.2825 0.335364 29.9137 0.598274
6.3175 0.284615 29.9646 0.599293
6.3525 0.265203 30.0126 0.600253
6.3875 0.236994 30.056 0.60112
6.4225 0.264005 30.1048 0.602096
6.4575 0.180104 30.1385 0.602769
6.4925 0.227164 30.1814 0.603628
6.5275 0.24236 30.2277 0.604554
6.5625 0.235422 30.2731 0.605463
6.5975 0.252342 30.3224 0.606448
6.6325 0.215541 30.3649 0.607298
6.6675 0.223842 30.4095 0.60819
6.7025 0.137922 30.4373 0.608746
6.7375 0.109608 30.4596 0.609192
6.7725 0.100291 30.4802 0.609604
6.8075 0.0709015 30.4949 0.609899
6.8425 0.0781983 30.5114 0.610227
6.8775 0.103206 30.5332 0.610665
6.9125 0.0884107 30.5522 0.611044
6.9475 0.0836323 30.5703 0.611406
6.9825 0.0616156 30.5838 0.611675
