# Radial distribution function in trajectory ZIF-Cl-10/ZIF-Cl-10.wrapped.pdb
# Using selection: resname N2
# r   g(r)   N_ij(r)   N_ji(r)
0.0175 0 0 0
0.0525 0 0 0
0.0875 0 0 0
0.1225 0 0 0
0.1575 0 0 0
0.1925 0 0 0
0.2275 0 0 0
0.2625 0 0 0
0.2975 0 0 0
0.3325 0 0 0
0.3675 0 0 0
0.4025 0 0 0
0.4375 0 0 0
0.4725 0 0 0
0.5075 0 0 0
0.5425 0 0 0
0.5775 0 0 0
0.6125 0 0 0
0.6475 0 0 0
0.6825 0 0 0
0.7175 0 0 0
0.7525 0 0 0
0.7875 0 0 0
0.8225 0 0 0
0.8575 0 0 0
0.8925 0 0 0
0.9275 0 0 0
0.9625 0 0 0
0.9975 0 0 0
1.0325 0 0 0
1.0675 0 0 0
1.1025 0 0 0
1.1375 0 0 0
1.1725 0 0 0
1.2075 0 0 0
1.2425 0 0 0
1.2775 0 0 0
1.3125 0 0 0
1.3475 0 0 0
1.3825 0 0 0
1.4175 0 0 0
1.4525 0 0 0
1.4875 0 0 0
1.5225 0 0 0
1.5575 0 0 0
1.5925 0 0 0
1.6275 0 0 0
1.6625 0 0 0
1.6975 0 0 0
1.7325 0 0 0
1.7675 0 0 0
1.8025 0 0 0
1.8375 0 0 0
1.8725 0 0 0
1.9075 0 0 0
1.9425 0 0 0
1.9775 0 0 0
2.0125 0 0 0
2.0475 0 0 0
2.0825 0 0 0
2.1175 0 0 0
2.1525 0 0 0
2.1875 0 0 0
2.2225 0 0 0
2.2575 0 0 0
2.2925 0 0 0
2.3275 0 0 0
2.3625 0 0 0
2.3975 0 0 0
2.4325 0 0 0
2.4675 0 0 0
2.5025 0 0 0
2.5375 0 0 0
2.5725 0 0 0
2.6075 0 0 0
2.6425 0 0 0
2.6775 0 0 0
2.7125 0 0 0
2.7475 0 0 0
2.7825 0 0 0
2.8175 0 0 0
2.8525 0 0 0
2.8875 0 0 0
2.9225 0 0 0
2.9575 0 0 0
2.9925 0 0 0
3.0275 0 0 0
3.0625 0 0 0
3.0975 0 0 0
3.1325 0 0 0
3.1675 0.138725 0.00249288 0.000124644
3.2025 0.0775479 0.00391738 0.000195869
3.2375 0.0379401 0.00462963 0.000231481
3.2725 0.148532 0.00747863 0.000373932
3.3075 0.109054 0.00961538 0.000480769
3.3425 0.213563 0.0138889 0.000694444
3.3775 0.33117 0.0206553 0.00103276
3.4125 0.187817 0.0245726 0.00122863
3.4475 0.317858 0.031339 0.00156695
3.4825 0.344291 0.0388177 0.00194088
3.5175 0.321403 0.0459402 0.00229701
3.5525 0.267836 0.0519943 0.00259972
3.5875 0.417127 0.0616097 0.00308048
3.6225 0.51517 0.0737179 0.0036859
3.6575 0.520221 0.0861823 0.00430912
3.6925 0.466657 0.0975783 0.00487892
3.7275 0.701212 0.115028 0.00575142
3.7625 0.926999 0.138533 0.00692664
3.7975 1.21332 0.169872 0.00849359
3.8325 1.16419 0.200499 0.0100249
3.8675 1.42237 0.238604 0.0119302
3.9025 1.44919 0.278134 0.0139067
3.9375 1.59026 0.322293 0.0161147
3.9725 2.11675 0.382123 0.0191061
4.0075 1.83233 0.434829 0.0217415
4.0425 2.50643 0.508191 0.0254095
4.0775 2.17657 0.573006 0.0286503
4.1125 2.49237 0.648504 0.0324252
4.1475 3.27116 0.749288 0.0374644
4.1825 3.62583 0.862892 0.0431446
4.2175 3.76711 0.982906 0.0491453
4.2525 3.74933 1.10434 0.0552172
4.2875 4.35898 1.24786 0.0623932
4.3225 4.30996 1.39209 0.0696047
4.3575 4.35619 1.54024 0.0770121
4.3925 5.18362 1.71937 0.0859687
4.4275 5.76129 1.92165 0.0960826
4.4625 5.84101 2.12999 0.106499
4.4975 6.7531 2.37464 0.118732
4.5325 7.28799 2.64281 0.13214
4.5675 7.61514 2.92735 0.146368
4.6025 7.67811 3.21866 0.160933
4.6375 8.52416 3.54701 0.17735
4.6725 9.18016 3.90598 0.195299
4.7075 9.71709 4.29167 0.214583
4.7425 8.80508 4.64637 0.232318
4.7775 8.65911 5.00036 0.250018
4.8125 8.6624 5.35969 0.267984
4.8475 9.24854 5.74893 0.287447
4.8825 9.56682 6.15741 0.30787
4.9175 9.84224 6.58369 0.329184
4.9525 9.30639 6.99252 0.349626
4.9875 8.94443 7.39103 0.369551
5.0225 9.12761 7.80342 0.390171
5.0575 8.24769 8.18127 0.409063
5.0925 8.1117 8.55805 0.427902
5.1275 8.01647 8.93554 0.446777
5.1625 8.5572 9.34402 0.467201
5.1975 8.05224 9.73362 0.486681
5.2325 7.58903 10.1058 0.505288
5.2675 7.20904 10.464 0.523202
5.3025 6.71817 10.8024 0.540118
5.3375 6.33722 11.1257 0.556286
5.3725 5.76582 11.4238 0.571189
5.4075 5.42623 11.708 0.585399
5.4425 4.55115 11.9494 0.597472
5.4775 4.11543 12.1706 0.608529
5.5125 3.67729 12.3707 0.618536
5.5475 3.49535 12.5634 0.62817
5.5825 3.17094 12.7404 0.637019
5.6175 2.47625 12.8803 0.644017
5.6525 2.50169 13.0235 0.651175
5.6875 2.69228 13.1795 0.658974
5.7225 1.87011 13.2892 0.664459
5.7575 1.44556 13.375 0.66875
5.7925 1.14963 13.4441 0.672204
5.8275 1.05975 13.5085 0.675427
5.8625 0.723157 13.5531 0.677653
5.8975 0.571679 13.5887 0.679434
5.9325 0.384169 13.6129 0.680645
5.9675 0.340591 13.6346 0.681731
6.0025 0.342149 13.6567 0.682835
6.0375 0.316375 13.6774 0.683868
6.0725 0.226466 13.6923 0.684615
6.1075 0.282512 13.7112 0.685559
6.1425 0.194984 13.7244 0.686218
6.1775 0.156309 13.735 0.686752
6.2125 0.170008 13.7468 0.68734
6.2475 0.371877 13.7728 0.68864
6.2825 0.277068 13.7924 0.689619
6.3175 0.199277 13.8066 0.690331
6.3525 0.19216 13.8205 0.691026
6.3875 0.170567 13.833 0.691649
6.4225 0.139791 13.8433 0.692165
6.4575 0.147816 13.8543 0.692717
6.4925 0.146227 13.8654 0.693269
6.5275 0.195995 13.8803 0.694017
6.5625 0.203143 13.896 0.694801
6.5975 0.178153 13.9099 0.695495
6.6325 0.112999 13.9188 0.69594
6.6675 0.125233 13.9288 0.696439
6.7025 0.150485 13.9409 0.697044
6.7375 0.0700827 13.9466 0.697329
6.7725 0.10404 13.9551 0.697756
6.8075 0.0557772 13.9598 0.697988
6.8425 0.0764419 13.9662 0.698308
6.8775 0.0798695 13.9729 0.698647
6.9125 0.0582567 13.9779 0.698896
6.9475 0.0370744 13.9811 0.699056
6.9825 0.00407818 13.9815 0.699074
