# Radial distribution function in trajectory ZIF-Cl-50/ZIF-Cl-50.wrapped.pdb
# Using selection: resname N2
# r   g(r)   N_ij(r)   N_ji(r)
0.0175 0 0 0
0.0525 0 0 0
0.0875 0 0 0
0.1225 0 0 0
0.1575 0 0 0
0.1925 0 0 0
0.2275 0 0 0
0.2625 0 0 0
0.2975 0 0 0
0.3325 0 0 0
0.3675 0 0 0
0.4025 0 0 0
0.4375 0 0 0
0.4725 0 0 0
0.5075 0 0 0
0.5425 0 0 0
0.5775 0 0 0
0.6125 0 0 0
0.6475 0 0 0
0.6825 0 0 0
0.7175 0 0 0
0.7525 0 0 0
0.7875 0 0 0
0.8225 0 0 0
0.8575 0.289122 0.00190386 1.90386e-05
0.8925 0.26689 0.00380771 3.80771e-05
0.9275 0.123564 0.00475964 4.75964e-05
0.9625 0.172111 0.00618753 6.18753e-05
0.9975 0.534151 0.0109472 0.000109472
1.0325 0.448696 0.0152308 0.000152308
1.0675 0.466395 0.0199905 0.000199905
1.1025 0.91823 0.0299857 0.000299857
1.1375 1.64303 0.0490243 0.000490243
1.1725 1.43043 0.0666349 0.000666349
1.2075 1.78612 0.0899572 0.000899572
1.2425 1.54921 0.111376 0.00111376
1.2775 2.08424 0.141837 0.00141837
1.3125 1.78945 0.169443 0.00169443
1.3475 2.22457 0.205616 0.00205616
1.3825 2.30801 0.245121 0.00245121
1.4175 2.61866 0.292242 0.00292242
1.4525 1.8138 0.326511 0.00326511
1.4875 2.30593 0.372204 0.00372204
1.5225 2.43042 0.422656 0.00422656
1.5575 3.13307 0.490719 0.00490719
1.5925 3.1226 0.561637 0.00561637
1.6275 2.86935 0.6297 0.006297
1.6625 3.09594 0.70633 0.0070633
1.6975 3.02492 0.784388 0.00784388
1.7325 3.18725 0.870062 0.00870062
1.7675 3.23239 0.960495 0.00960495
1.8025 3.90964 1.07425 0.0107425
1.8375 2.95933 1.16373 0.0116373
1.8725 4.13817 1.29367 0.0129367
1.9075 3.92928 1.4217 0.014217
1.9425 3.83121 1.55117 0.0155117
1.9775 3.75116 1.68253 0.0168253
2.0125 3.73992 1.81818 0.0181818
2.0475 4.2724 1.97858 0.0197858
2.0825 4.11774 2.13851 0.0213851
2.1175 5.42885 2.3565 0.023565
2.1525 4.18693 2.53022 0.0253022
2.1875 4.26505 2.71299 0.0271299
2.2225 4.3685 2.90624 0.0290624
2.2575 4.44267 3.109 0.03109
2.2925 4.84402 3.33698 0.0333698
2.3275 4.16964 3.53927 0.0353927
2.3625 4.26603 3.7525 0.037525
2.3975 3.7263 3.94431 0.0394431
2.4325 4.00607 4.15659 0.0415659
2.4675 3.64008 4.35507 0.0435507
2.5025 2.95339 4.5207 0.045207
2.5375 2.97978 4.69253 0.0469253
2.5725 2.66635 4.85055 0.0485055
2.6075 2.43891 4.99905 0.0499905
2.6425 2.14639 5.13327 0.0513327
2.6775 2.17961 5.2732 0.052732
2.7125 1.92146 5.39981 0.0539981
2.7475 1.45742 5.49833 0.0549833
2.7825 1.20132 5.58163 0.0558163
2.8175 1.06453 5.65731 0.0565731
2.8525 0.947123 5.72632 0.0572632
2.8875 0.911552 5.79438 0.0579438
2.9225 0.84629 5.85911 0.0585911
2.9575 0.692699 5.91337 0.0591337
2.9925 0.676591 5.96763 0.0596763
3.0275 0.77121 6.03094 0.0603094
3.0625 0.493011 6.07235 0.0607235
3.0975 0.481932 6.11376 0.0611376
3.1325 0.476639 6.15564 0.0615564
3.1675 0.508543 6.20133 0.0620133
3.2025 0.471577 6.24465 0.0624465
3.2375 0.669336 6.30747 0.0630747
3.2725 0.645169 6.36935 0.0636935
3.3075 0.670454 6.43503 0.0643503
3.3425 0.704058 6.50547 0.0650547
3.3775 0.69886 6.57687 0.0657687
3.4125 0.661778 6.64588 0.0664588
3.4475 0.755732 6.72632 0.0672632
3.4825 0.705559 6.80295 0.0680295
3.5175 0.768908 6.88815 0.0688815
3.5525 0.854904 6.98477 0.0698477
3.5875 1.02001 7.10233 0.0710233
3.6225 0.935588 7.21228 0.0721228
3.6575 0.901876 7.32032 0.0732032
3.6925 0.818593 7.42028 0.0742028
3.7275 0.803292 7.52023 0.0752023
3.7625 0.769645 7.6178 0.076178
3.7975 0.8882 7.73251 0.0773251
3.8325 1.00955 7.8653 0.078653
3.8675 1.01624 8.00143 0.0800143
3.9025 1.0644 8.1466 0.081466
3.9375 1.09698 8.29891 0.0829891
3.9725 1.20572 8.4693 0.084693
4.0075 1.45942 8.6792 0.086792
4.0425 1.61639 8.91575 0.0891575
4.0775 1.69425 9.16802 0.0916802
4.1125 1.96407 9.46549 0.0946549
4.1475 2.15661 9.79772 0.0979772
4.1825 2.49133 10.188 0.10188
4.2175 2.82963 10.6387 0.106387
4.2525 3.18882 11.1552 0.111552
4.2875 3.34514 11.7059 0.117059
4.3225 3.80606 12.3427 0.123427
4.3575 3.95509 13.0152 0.130152
4.3925 3.76836 13.6663 0.136663
4.4275 4.09401 14.3851 0.143851
4.4625 4.2489 15.1428 0.151428
4.4975 4.50358 15.9586 0.159586
4.5325 4.50674 16.7877 0.167877
4.5675 3.94115 17.524 0.17524
4.6025 4.3456 18.3484 0.183484
4.6375 4.20364 19.158 0.19158
4.6725 3.90233 19.921 0.19921
4.7075 3.60709 20.6368 0.206368
4.7425 3.62966 21.3679 0.213679
4.7775 3.50682 22.0847 0.220847
4.8125 3.1875 22.7458 0.227458
4.8475 2.75261 23.3251 0.233251
4.8825 2.94515 23.9538 0.239538
4.9175 2.87481 24.5764 0.245764
4.9525 2.72164 25.1742 0.251742
4.9875 2.86305 25.812 0.25812
5.0225 2.73058 26.4288 0.264288
5.0575 2.62642 27.0305 0.270305
5.0925 2.85482 27.6935 0.276935
5.1275 2.88067 28.3717 0.283717
5.1625 2.97735 29.0823 0.290823
5.1975 2.80753 29.7615 0.297615
5.2325 3.05351 30.5102 0.305102
5.2675 3.22569 31.3118 0.313118
5.3025 3.16812 32.1095 0.321095
5.3375 3.23491 32.9348 0.329348
5.3725 3.43412 33.8225 0.338225
5.4075 3.62064 34.7706 0.347706
5.4425 3.59935 35.7254 0.357254
5.4775 3.68812 36.7163 0.367163
5.5125 3.76737 37.7416 0.377416
5.5475 3.64226 38.7454 0.387454
5.5825 3.44666 39.7073 0.397073
5.6175 3.31795 40.6449 0.406449
5.6525 3.11896 41.5374 0.415374
5.6875 2.92132 42.3836 0.423836
5.7225 2.66496 43.1652 0.431652
5.7575 2.38414 43.8729 0.438729
5.7925 2.25088 44.5493 0.445493
5.8275 1.96882 45.148 0.45148
5.8625 1.71651 45.6763 0.456763
5.8975 1.48226 46.138 0.46138
5.9325 1.21263 46.5202 0.465202
5.9675 1.08801 46.8672 0.468672
6.0025 0.864416 47.1461 0.471461
6.0375 0.809223 47.4103 0.474103
6.0725 0.671646 47.6321 0.476321
6.1075 0.604127 47.8339 0.478339
6.1425 0.536691 48.0152 0.480152
6.1775 0.473525 48.1771 0.481771
6.2125 0.391089 48.3122 0.483122
6.2475 0.3554 48.4365 0.484365
6.2825 0.272004 48.5326 0.485326
6.3175 0.319603 48.6468 0.486468
6.3525 0.326627 48.7649 0.487649
6.3875 0.334781 48.8872 0.488872
6.4225 0.261564 48.9838 0.489838
6.4575 0.247265 49.0762 0.490762
6.4925 0.229476 49.1628 0.491628
6.5275 0.237001 49.2532 0.492532
6.5625 0.21967 49.3379 0.493379
6.5975 0.273513 49.4446 0.494446
6.6325 0.263385 49.5483 0.495483
6.6675 0.234325 49.6416 0.496416
6.7025 0.269743 49.7501 0.497501
6.7375 0.249386 49.8515 0.498515
6.7725 0.177289 49.9243 0.499243
6.8075 0.237402 50.0228 0.500228
6.8425 0.181627 50.099 0.50099
6.8775 0.189896 50.1794 0.501794
6.9125 0.173518 50.2537 0.502537
6.9475 0.201504 50.3408 0.503408
6.9825 0.222381 50.4379 0.504379
