# Radial distribution function in trajectory ZIF-Cl-25/ZIF-Cl-25.wrapped.pdb
# Using selection: resname N2
# r   g(r)   N_ij(r)   N_ji(r)
0.0175 0 0 0
0.0525 0 0 0
0.0875 0 0 0
0.1225 0 0 0
0.1575 29.7987 0.00330989 6.61978e-05
0.1925 24.9349 0.00744725 0.000148945
0.2275 16.0675 0.0111709 0.000223417
0.2625 12.0685 0.0148945 0.00029789
0.2975 14.6158 0.0206868 0.000413736
0.3325 7.52191 0.0244104 0.000488209
0.3675 6.84155 0.0285478 0.000570956
0.4025 6.84413 0.0335126 0.000670252
0.4375 10.6203 0.0426148 0.000852296
0.4725 6.62194 0.0492346 0.000984692
0.5075 10.7626 0.0616467 0.00123293
0.5425 8.16287 0.0724038 0.00144808
0.5775 11.3592 0.089367 0.00178734
0.6125 11.5759 0.108813 0.00217625
0.6475 8.15438 0.124121 0.00248242
0.6825 5.5542 0.135705 0.00271411
0.7175 7.17935 0.152255 0.0030451
0.7525 9.13785 0.175424 0.00350848
0.7875 5.36377 0.190319 0.00380637
0.8225 6.41941 0.209764 0.00419528
0.8575 5.40342 0.227555 0.0045511
0.8925 5.79993 0.248242 0.00496483
0.9275 4.726 0.266446 0.00532892
0.9625 4.2888 0.284237 0.00568473
0.9975 5.10747 0.306992 0.00613984
1.0325 7.62731 0.343401 0.00686802
1.0675 3.24334 0.35995 0.00719901
1.1025 3.80086 0.380637 0.00761274
1.1375 4.14185 0.404634 0.00809268
1.1725 2.9573 0.422838 0.00845676
1.2075 2.66161 0.440215 0.0088043
1.2425 2.27436 0.455937 0.00911874
1.2775 3.45364 0.481175 0.0096235
1.3125 3.48645 0.508068 0.0101614
1.3475 2.34083 0.5271 0.010542
1.3825 2.90061 0.551924 0.0110385
1.4175 2.06936 0.570542 0.0114108
1.4525 1.75185 0.587091 0.0117418
1.4875 1.7539 0.604468 0.0120894
1.5225 1.95322 0.624741 0.0124948
1.5575 1.21889 0.637981 0.0127596
1.5925 1.42094 0.654117 0.0130823
1.6275 1.04652 0.666529 0.0133306
1.6625 1.20351 0.681423 0.0136285
1.6975 1.12232 0.695904 0.0139181
1.7325 1.29292 0.713281 0.0142656
1.7675 1.30138 0.731485 0.0146297
1.8025 1.33665 0.750931 0.0150186
1.8375 1.06728 0.767067 0.0153413
1.8725 0.790581 0.779479 0.0155896
1.9075 0.863413 0.793546 0.0158709
1.9425 0.734629 0.805958 0.0161192
1.9775 0.661598 0.817542 0.0163508
2.0125 0.479089 0.826231 0.0165246
2.0475 0.551012 0.836574 0.0167315
2.0825 0.61787 0.848573 0.0169715
2.1175 0.39154 0.856434 0.0171287
2.1525 0.518509 0.867191 0.0173438
2.1875 0.579287 0.879603 0.0175921
2.2225 0.318005 0.886636 0.0177327
2.2575 0.344482 0.894497 0.0178899
2.2925 0.298882 0.901531 0.0180306
2.3275 0.272904 0.908151 0.018163
2.3625 0.182103 0.912702 0.018254
2.3975 0.208975 0.91808 0.0183616
2.4325 0.218621 0.923873 0.0184775
2.4675 0.166935 0.928424 0.0185685
2.5025 0.147544 0.932561 0.0186512
2.5375 0.215252 0.938767 0.0187753
2.5725 0.153586 0.943318 0.0188664
2.6075 0.285391 0.952007 0.0190401
2.6425 0.224951 0.95904 0.0191808
2.6775 0.193331 0.965246 0.0193049
2.7125 0.188374 0.971452 0.019429
2.7475 0.306009 0.981796 0.0196359
2.7825 0.262556 0.990898 0.019818
2.8175 0.197875 0.997931 0.0199586
2.8525 0.238472 1.00662 0.0201324
2.8875 0.188397 1.01365 0.0202731
2.9225 0.19473 1.0211 0.020422
2.9575 0.338041 1.03434 0.0206868
2.9925 0.443679 1.05213 0.0210426
3.0275 0.272185 1.0633 0.021266
3.0625 0.344814 1.07778 0.0215556
3.0975 0.597087 1.10343 0.0220687
3.1325 0.404907 1.12122 0.0224245
3.1675 0.589407 1.1477 0.0229541
3.2025 0.783808 1.1837 0.023674
3.2375 0.581826 1.21101 0.0242201
3.2725 0.707495 1.24493 0.0248986
3.3075 0.675708 1.27803 0.0255606
3.3425 0.719524 1.31403 0.0262805
3.3775 0.826187 1.35623 0.0271245
3.4125 1.11877 1.41456 0.0282913
3.4475 1.15059 1.4758 0.0295159
3.4825 1.15044 1.53827 0.0307654
3.5175 1.08285 1.59826 0.0319652
3.5525 1.01769 1.65577 0.0331154
3.5875 1.09844 1.71907 0.0343815
3.6225 1.1759 1.78817 0.0357633
3.6575 1.36762 1.87009 0.0374017
3.6925 1.45025 1.95863 0.0391725
3.7275 1.67585 2.06289 0.0412578
3.7625 1.80146 2.17708 0.0435416
3.7975 1.95422 2.30327 0.0460654
3.8325 1.91869 2.42946 0.0485892
3.8675 2.15593 2.57385 0.051477
3.9025 2.46932 2.74224 0.0548448
3.9375 2.54481 2.91891 0.0583782
3.9725 2.90417 3.12412 0.0624824
4.0075 3.11257 3.34795 0.066959
4.0425 3.48297 3.60281 0.0720563
4.0775 3.30672 3.84899 0.0769797
4.1125 3.63857 4.12453 0.0824907
4.1475 3.658 4.40629 0.0881258
4.1825 4.07241 4.72528 0.0945056
4.2175 4.24925 5.06372 0.101274
4.2525 4.78762 5.45139 0.109028
4.2875 4.87565 5.85271 0.117054
4.3225 5.26682 6.29334 0.125867
4.3575 5.85409 6.79106 0.135821
4.3925 5.45468 7.26231 0.145246
4.4275 5.50076 7.74514 0.154903
4.4625 5.79993 8.26231 0.165246
4.4975 5.64605 8.77369 0.175474
4.5325 6.09442 9.3343 0.186686
4.5675 6.0501 9.89946 0.197989
4.6025 5.96279 10.465 0.209301
4.6375 6.25121 11.067 0.221341
4.6725 6.41608 11.6942 0.233885
4.7075 6.16258 12.3058 0.246115
4.7425 5.95693 12.9057 0.258113
4.7775 6.19383 13.5387 0.270774
4.8125 6.19981 14.1816 0.283633
4.8475 6.12633 14.8262 0.296525
4.8825 6.06207 15.4733 0.309466
4.9175 5.95316 16.1179 0.322358
4.9525 5.51143 16.7232 0.334464
4.9875 5.37863 17.3223 0.346446
5.0225 5.36253 17.928 0.35856
5.0575 5.09711 18.5118 0.370236
5.0925 5.14487 19.1092 0.382185
5.1275 4.80777 19.6752 0.393504
5.1625 4.61799 20.2263 0.404526
5.1975 4.6723 20.7915 0.41583
5.2325 4.6775 21.3649 0.427298
5.2675 3.88292 21.8473 0.436947
5.3025 3.60836 22.3016 0.446032
5.3375 3.35038 22.729 0.45458
5.3725 2.98674 23.115 0.4623
5.4075 3.09988 23.5209 0.470418
5.4425 3.28162 23.9561 0.479123
5.4775 2.47297 24.2884 0.485767
5.5125 2.24707 24.5941 0.491882
5.5475 1.95459 24.8635 0.497269
5.5825 1.94795 25.1353 0.502706
5.6175 1.72464 25.379 0.50758
5.6525 1.50959 25.595 0.511899
5.6875 1.17686 25.7654 0.515308
5.7225 1.26973 25.9516 0.519032
5.7575 1.04807 26.1072 0.522143
5.7925 0.941809 26.2487 0.524973
5.8275 0.791767 26.3691 0.527381
5.8625 0.707064 26.4779 0.529557
5.8975 0.592431 26.5701 0.531403
5.9325 0.511951 26.6508 0.533016
5.9675 0.560451 26.7402 0.534803
6.0025 0.476999 26.8171 0.536343
6.0375 0.583019 26.9123 0.538246
6.0725 0.466065 26.9892 0.539785
6.1075 0.515235 27.0753 0.541506
6.1425 0.337954 27.1324 0.542648
6.1775 0.32445 27.1878 0.543757
6.2125 0.332775 27.2453 0.544907
6.2475 0.288813 27.2958 0.545916
6.2825 0.365198 27.3604 0.547207
6.3175 0.363478 27.4253 0.548506
6.3525 0.267896 27.4737 0.549475
6.3875 0.240056 27.5176 0.550352
6.4225 0.219526 27.5581 0.551163
6.4575 0.223801 27.5999 0.551998
6.4925 0.225778 27.6425 0.552851
6.5275 0.214689 27.6835 0.55367
6.5625 0.182368 27.7187 0.554373
6.5975 0.167702 27.7513 0.555027
6.6325 0.144932 27.7799 0.555598
6.6675 0.1351 27.8068 0.556136
6.7025 0.0946135 27.8258 0.556516
6.7375 0.0956686 27.8453 0.556905
6.7725 0.0644645 27.8585 0.55717
6.8075 0.0717788 27.8734 0.557468
6.8425 0.0513113 27.8842 0.557683
6.8775 0.0664181 27.8982 0.557964
6.9125 0.0541448 27.9098 0.558196
6.9475 0.0650865 27.9239 0.558477
6.9825 0.034113 27.9313 0.558626
