# Radial distribution function in trajectory ZIF-CH3-50/ZIF-CH3-50.wrapped.pdb
# Using selection: resname N2
# r   g(r)   N_ij(r)   N_ji(r)
0.0175 0 0 0
0.0525 0 0 0
0.0875 0 0 0
0.1225 0 0 0
0.1575 0 0 0
0.1925 0 0 0
0.2275 0 0 0
0.2625 0 0 0
0.2975 0 0 0
0.3325 0 0 0
0.3675 0 0 0
0.4025 0 0 0
0.4375 0 0 0
0.4725 0 0 0
0.5075 0 0 0
0.5425 0 0 0
0.5775 0 0 0
0.6125 0 0 0
0.6475 0 0 0
0.6825 0 0 0
0.7175 0 0 0
0.7525 0 0 0
0.7875 0 0 0
0.8225 0 0 0
0.8575 0 0 0
0.8925 0 0 0
0.9275 0 0 0
0.9625 0 0 0
0.9975 0 0 0
1.0325 0 0 0
1.0675 0 0 0
1.1025 0 0 0
1.1375 0 0 0
1.1725 0 0 0
1.2075 0 0 0
1.2425 0 0 0
1.2775 0 0 0
1.3125 0 0 0
1.3475 0 0 0
1.3825 0.117821 0.00201918 2.01918e-05
1.4175 0.168112 0.00504796 5.04796e-05
1.4525 0.0800541 0.00656234 6.56234e-05
1.4875 0.356212 0.0136295 0.000136295
1.5225 0.437172 0.0227158 0.000227158
1.5575 0.440953 0.0323069 0.000323069
1.5925 0.621575 0.0464412 0.000464412
1.6275 1.23277 0.0757193 0.000757193
1.6625 1.28325 0.107521 0.00107521
1.6975 1.52395 0.146896 0.00146896
1.7325 2.04444 0.201918 0.00201918
1.7675 2.595 0.274609 0.00274609
1.8025 2.91107 0.359414 0.00359414
1.8375 3.58491 0.467945 0.00467945
1.8725 3.54849 0.579505 0.00579505
1.9075 3.83722 0.704695 0.00704695
1.9425 4.72968 0.864715 0.00864715
1.9775 4.75089 1.0313 0.010313
2.0125 5.6991 1.23826 0.0123826
2.0475 6.25796 1.4735 0.014735
2.0825 6.99702 1.74558 0.0174558
2.1175 7.47076 2.04594 0.0204594
2.1525 7.25408 2.3473 0.023473
2.1875 6.50614 2.62645 0.0262645
2.2225 7.19184 2.94498 0.0294498
2.2575 7.51187 3.28824 0.0328824
2.2925 6.96288 3.61636 0.0361636
2.3275 7.67997 3.9894 0.039894
2.3625 7.61549 4.37052 0.0437052
2.3975 7.53188 4.75871 0.0475871
2.4325 6.47942 5.10247 0.0510247
2.4675 6.28766 5.44573 0.0544573
2.5025 5.93322 5.7789 0.057789
2.5375 5.71821 6.10904 0.0610904
2.5725 5.33398 6.42554 0.0642554
2.6075 4.30575 6.68804 0.0668804
2.6425 3.8377 6.92832 0.0692832
2.6775 3.17261 7.13226 0.0713226
2.7125 2.75459 7.31398 0.0731398
2.7475 2.5357 7.48561 0.0748561
2.7825 2.02875 7.62645 0.0762645
2.8175 1.33329 7.72135 0.0772135
2.8525 0.913308 7.78799 0.0778799
2.8875 0.641467 7.83594 0.0783594
2.9225 0.573462 7.87986 0.0787986
2.9575 0.399059 7.91116 0.0791116
2.9925 0.301764 7.93539 0.0793539
3.0275 0.196551 7.95154 0.0795154
3.0625 0.102045 7.96012 0.0796012
3.0975 0.152562 7.97325 0.0797325
3.1325 0.166384 7.98788 0.0798788
3.1675 0.106614 7.99748 0.0799748
3.2025 0.131743 8.00959 0.0800959
3.2375 0.290047 8.03685 0.0803685
3.2725 0.29439 8.06512 0.0806512
3.3075 0.267607 8.09137 0.0809137
3.3425 0.186446 8.11005 0.0811005
3.3775 0.251695 8.13579 0.0813579
3.4125 0.241724 8.16103 0.0816103
3.4475 0.350524 8.19838 0.0819838
3.4825 0.371366 8.23877 0.0823877
3.5175 0.409514 8.2842 0.082842
3.5525 0.504086 8.34124 0.0834124
3.5875 0.594908 8.40989 0.0840989
3.6225 0.660691 8.48763 0.0848763
3.6575 0.799612 8.58354 0.0858354
3.6925 0.995109 8.7052 0.087052
3.7275 0.891419 8.81625 0.0881625
3.7625 0.906726 8.93135 0.0893135
3.7975 1.00721 9.06159 0.0906159
3.8325 1.21504 9.22161 0.0922161
3.8675 1.15551 9.37658 0.0937658
3.9025 1.04615 9.51943 0.0951943
3.9375 1.23462 9.69107 0.0969107
3.9725 1.3735 9.88541 0.0988541
4.0075 1.68263 10.1277 0.101277
4.0425 1.79142 10.3902 0.103902
4.0775 1.72017 10.6466 0.106466
4.1125 1.91404 10.9369 0.109369
4.1475 2.13715 11.2665 0.112665
4.1825 2.27532 11.6234 0.116234
4.2175 2.77894 12.0666 0.120666
4.2525 3.18479 12.583 0.12583
4.2875 3.0932 13.0929 0.130929
4.3225 3.60074 13.6961 0.136961
4.3575 3.98195 14.3741 0.143741
4.3925 4.2368 15.107 0.15107
4.4275 4.52333 15.9021 0.159021
4.4625 4.5205 16.7092 0.167092
4.4975 4.38083 17.5038 0.175038
4.5325 4.49705 18.3322 0.183322
4.5675 4.71714 19.2145 0.192145
4.6025 4.27891 20.0273 0.200273
4.6375 3.94493 20.788 0.20788
4.6725 4.16455 21.6032 0.216032
4.7075 3.50839 22.3004 0.223004
4.7425 3.12889 22.9313 0.229313
4.7775 3.01168 23.5477 0.235477
4.8125 2.54021 24.0752 0.240752
4.8475 2.04605 24.5063 0.245063
4.8825 1.98612 24.9308 0.249308
4.9175 1.78334 25.3175 0.253175
4.9525 1.65493 25.6815 0.256815
4.9875 1.72684 26.0666 0.260666
5.0225 1.7408 26.4604 0.264604
5.0575 1.64636 26.838 0.26838
5.0925 1.79965 27.2564 0.272564
5.1275 1.85439 27.6936 0.276936
5.1625 2.1652 28.211 0.28211
5.1975 2.13197 28.7274 0.287274
5.2325 2.42021 29.3216 0.293216
5.2675 2.70265 29.9939 0.299939
5.3025 3.11961 30.7804 0.307804
5.3375 3.39897 31.6487 0.316487
5.3725 3.92632 32.6648 0.326648
5.4075 4.34351 33.8036 0.338036
5.4425 4.55961 35.0146 0.350146
5.4775 5.1245 36.3932 0.363932
5.5125 5.5617 37.9086 0.379086
5.5475 6.00946 39.5669 0.395669
5.5825 6.07886 41.2655 0.412655
5.6175 5.85884 42.9233 0.429233
5.6525 5.6244 44.5346 0.445346
5.6875 5.14117 46.0257 0.460257
5.7225 4.42175 47.3241 0.473241
5.7575 3.85015 48.4685 0.484685
5.7925 3.07724 49.3942 0.493942
5.8275 2.27117 50.0858 0.500858
5.8625 1.89359 50.6694 0.506694
5.8975 1.38234 51.1005 0.511005
5.9325 1.00937 51.419 0.51419
5.9675 0.678214 51.6355 0.516355
6.0025 0.384384 51.7597 0.517597
6.0375 0.244027 51.8395 0.518395
6.0725 0.152672 51.89 0.5189
6.1075 0.10414 51.9248 0.519248
6.1425 0.0731139 51.9495 0.519495
6.1775 0.061961 51.9707 0.519707
6.2125 0.0379258 51.9838 0.519838
6.2475 0.0144239 51.9889 0.519889
6.2825 0.00570544 51.9909 0.519909
6.3175 0.0056424 51.9929 0.519929
6.3525 0.0083706 51.996 0.51996
6.3875 0.0110388 52 0.52
6.4225 0 52 0.52
6.4575 0 52 0.52
6.4925 0 52 0.52
6.5275 0 52 0.52
6.5625 0.00915069 52.0035 0.520035
6.5975 0.00905386 52.0071 0.520071
6.6325 0.00639897 52.0096 0.520096
6.6675 0.0139303 52.0151 0.520151
6.7025 0.0137852 52.0207 0.520207
6.7375 0.0223239 52.0298 0.520298
6.7725 0.04296 52.0475 0.520475
6.8075 0.0352304 52.0621 0.520621
6.8425 0.0336684 52.0762 0.520762
6.8775 0.0392778 52.0929 0.520929
6.9125 0.0541978 52.1161 0.521161
6.9475 0.0618178 52.1429 0.521429
6.9825 0.0796749 52.1777 0.521777
