# Radial distribution function in trajectory ZIF-Cl-40/ZIF-Cl-40.wrapped.pdb
# Using selection: resname N2
# r   g(r)   N_ij(r)   N_ji(r)
0.0175 0 0 0
0.0525 0 0 0
0.0875 0 0 0
0.1225 0 0 0
0.1575 0 0 0
0.1925 0 0 0
0.2275 8.4719 0.00314136 3.9267e-05
0.2625 2.12111 0.00418848 5.2356e-05
0.2975 1.65138 0.0052356 6.5445e-05
0.3325 2.64405 0.00732984 9.1623e-05
0.3675 1.0822 0.00837696 0.000104712
0.4025 7.21739 0.0167539 0.000209424
0.4375 2.2908 0.0198953 0.000248691
0.4725 7.20131 0.0314136 0.00039267
0.5075 5.10731 0.0408377 0.000510471
0.5425 7.44927 0.0565445 0.000706806
0.5775 7.45019 0.0743455 0.000929319
0.6125 7.79184 0.095288 0.0011911
0.6475 9.41253 0.12356 0.0015445
0.6825 12.551 0.165445 0.00206806
0.7175 15.8989 0.224084 0.00280105
0.7525 11.8732 0.272251 0.00340314
0.7875 11.3126 0.322513 0.00403141
0.8225 7.56168 0.359162 0.00448953
0.8575 7.55331 0.398953 0.00498691
0.8925 7.52297 0.441885 0.00552356
0.9275 6.62612 0.482723 0.00603403
0.9625 6.94182 0.528796 0.00660995
0.9975 3.96607 0.557068 0.00696335
1.0325 3.56464 0.584293 0.00730366
1.0675 4.48905 0.620942 0.00776178
1.1025 6.61344 0.678534 0.00848168
1.1375 5.1961 0.726702 0.00908377
1.1725 4.89051 0.774869 0.00968586
1.2075 5.51329 0.832461 0.0104058
1.2425 3.9763 0.87644 0.0109555
1.2775 4.47786 0.928796 0.0116099
1.3125 5.00582 0.990576 0.0123822
1.3475 4.99064 1.0555 0.0131937
1.3825 3.51763 1.10366 0.0137958
1.4175 2.61866 1.14136 0.014267
1.4525 2.28615 1.17592 0.014699
1.4875 2.24588 1.21152 0.015144
1.5225 2.0177 1.24503 0.0155628
1.5575 2.3498 1.28586 0.0160733
1.5925 3.05449 1.34136 0.016767
1.6275 3.25561 1.40314 0.0175393
1.6625 2.96133 1.46178 0.0182723
1.6975 2.13035 1.50576 0.018822
1.7325 2.19123 1.55288 0.019411
1.7675 2.24566 1.60314 0.0200393
1.8025 2.1593 1.6534 0.0206675
1.8375 2.07782 1.70366 0.0212958
1.8725 1.62571 1.7445 0.0218063
1.9075 1.76744 1.79058 0.0223822
1.9425 1.0071 1.8178 0.0227225
1.9775 1.56978 1.86178 0.0232723
2.0125 1.26304 1.89843 0.0237304
2.0475 1.39455 1.94031 0.0242539
2.0825 0.741438 1.96335 0.0245419
2.1175 0.651937 1.98429 0.0248037
2.1525 0.473181 2 0.025
2.1875 0.519248 2.0178 0.0252225
2.2225 0.414254 2.03246 0.0254058
2.2575 0.487546 2.05026 0.0256283
2.2925 0.389342 2.06492 0.0258115
2.3275 0.539601 2.08586 0.0260733
2.3625 0.602291 2.10995 0.0263743
2.3975 0.406841 2.1267 0.0265838
2.4325 0.321114 2.14031 0.0267539
2.4675 0.240053 2.15079 0.0268848
2.5025 0.233386 2.16126 0.0270157
2.5375 0.27239 2.17382 0.0271728
2.5725 0.552143 2.2 0.0275
2.6075 0.687897 2.23351 0.0279188
2.6425 0.690727 2.26806 0.0283508
2.6775 0.591237 2.29843 0.0287304
2.7125 0.496618 2.32461 0.0290576
2.7475 0.774474 2.36649 0.0295812
2.7825 0.925013 2.4178 0.0302225
2.8175 0.64441 2.45445 0.0306806
2.8525 0.862208 2.50471 0.0313089
2.8875 0.473306 2.53298 0.0316623
2.9225 0.513375 2.5644 0.032055
2.9575 0.501296 2.59581 0.0324476
2.9925 0.424353 2.62304 0.032788
3.0275 0.430544 2.65131 0.0331414
3.0625 0.405176 2.67853 0.0334817
3.0975 0.396071 2.70576 0.033822
3.1325 0.759644 2.75916 0.0344895
3.1675 1.078 2.83665 0.0354581
3.2025 0.912061 2.90366 0.0362958
3.2375 0.850614 2.96754 0.0370942
3.2725 0.668743 3.01885 0.0377356
3.3075 0.708106 3.07435 0.0384293
3.3425 1.04657 3.15812 0.0394764
3.3775 0.922495 3.23351 0.0404188
3.4125 1.00408 3.31728 0.041466
3.4475 0.99609 3.40209 0.0425262
3.4825 1.15694 3.50262 0.0437827
3.5175 1.3821 3.62513 0.0453141
3.5525 1.14654 3.7288 0.0466099
3.5875 1.19242 3.83874 0.0479843
3.6225 1.31428 3.9623 0.0495288
3.6575 1.23462 4.08063 0.0510079
3.6925 1.73659 4.25026 0.0531283
3.7275 1.77776 4.42723 0.0553403
3.7625 1.66225 4.59581 0.0574476
3.7975 1.39864 4.74031 0.0592539
3.8325 2.17922 4.96963 0.0621204
3.8675 1.94453 5.17801 0.0647251
3.9025 2.63918 5.46597 0.0683246
3.9375 2.42278 5.73508 0.0716885
3.9725 2.34323 6 0.075
4.0075 2.6028 6.29948 0.0787435
4.0425 2.37905 6.57801 0.0822251
4.0775 2.34718 6.85759 0.0857199
4.1125 2.7827 7.19476 0.0899346
4.1475 2.97384 7.56126 0.0945157
4.1825 3.6261 8.01571 0.100196
4.2175 3.34431 8.44188 0.105524
4.2525 3.77442 8.93089 0.111636
4.2875 3.2042 9.35288 0.116911
4.3225 3.46542 9.81675 0.122709
4.3575 3.9488 10.3539 0.129424
4.3925 4.29518 10.9476 0.136846
4.4275 4.04114 11.5152 0.14394
4.4625 4.68259 12.1832 0.152291
4.4975 4.46548 12.8304 0.16038
4.5325 4.75962 13.5309 0.169136
4.5675 4.45576 14.1969 0.177461
4.6025 4.25716 14.8429 0.185537
4.6375 4.40382 15.5215 0.194018
4.6725 4.89374 16.2869 0.203586
4.7075 4.63657 17.023 0.212788
4.7425 4.25646 17.7089 0.221361
4.7775 4.23915 18.4021 0.230026
4.8125 4.0515 19.0743 0.238429
4.8475 3.95589 19.7403 0.246754
4.8825 4.31629 20.4775 0.255969
4.9175 3.78967 21.134 0.264175
4.9525 4.23089 21.8775 0.273469
4.9875 3.93669 22.5791 0.282238
5.0225 4.64683 23.4188 0.292736
5.0575 3.74276 24.1047 0.301309
5.0925 3.87184 24.8241 0.310301
5.1275 3.49117 25.4817 0.318521
5.1625 3.46592 26.1435 0.326793
5.1975 3.63582 26.8471 0.335589
5.2325 3.46456 27.5267 0.344084
5.2675 3.60304 28.2429 0.353037
5.3025 3.19695 28.8869 0.361086
5.3375 2.85247 29.4691 0.368364
5.3725 2.7496 30.0377 0.375471
5.4075 3.03901 30.6743 0.383429
5.4425 2.82735 31.2743 0.390929
5.4775 2.61109 31.8356 0.397945
5.5125 2.52513 32.3853 0.404817
5.5475 2.37939 32.9099 0.411374
5.5825 2.23709 33.4094 0.417618
5.6175 1.75076 33.8052 0.422565
5.6525 1.75202 34.2063 0.427579
5.6875 1.55883 34.5675 0.432094
5.7225 1.31219 34.8754 0.435942
5.7575 1.24779 35.1717 0.439647
5.7925 1.23275 35.4681 0.443351
5.8275 1.119 35.7403 0.446754
5.8625 0.961092 35.977 0.449712
5.8975 0.781626 36.1717 0.452147
5.9325 0.830571 36.3812 0.454764
5.9675 0.812648 36.5885 0.457356
6.0025 0.774803 36.7885 0.459856
6.0375 0.669614 36.9634 0.462042
6.0725 0.907659 37.2031 0.465039
6.1075 0.717045 37.3948 0.467435
6.1425 0.770877 37.6031 0.470039
6.1775 0.647267 37.7801 0.472251
6.2125 0.480942 37.9131 0.473914
6.2475 0.46808 38.044 0.47555
6.2825 0.466582 38.1759 0.477199
6.3175 0.483399 38.3141 0.478927
6.3525 0.409271 38.4325 0.480406
6.3875 0.383305 38.5445 0.481806
6.4225 0.464179 38.6817 0.483521
6.4575 0.339989 38.7832 0.484791
6.4925 0.28779 38.8702 0.485877
6.5275 0.456226 39.0094 0.487618
6.5625 0.369922 39.1236 0.489045
6.5975 0.34586 39.2314 0.490393
6.6325 0.239221 39.3068 0.491335
6.6675 0.220278 39.377 0.492212
6.7025 0.21473 39.4461 0.493076
6.7375 0.173868 39.5026 0.493783
6.7725 0.149769 39.5518 0.494398
6.8075 0.0977707 39.5843 0.494804
6.8425 0.0780428 39.6105 0.495131
6.8775 0.105061 39.6461 0.495576
6.9125 0.125411 39.689 0.496113
6.9475 0.163515 39.7455 0.496819
6.9825 0.116914 39.7864 0.49733
