# Radial distribution function in trajectory ZIF-Br-50/ZIF-Br-50.wrapped.pdb
# Using selection: resname N2
# r   g(r)   N_ij(r)   N_ji(r)
0.0175 0 0 0
0.0525 0 0 0
0.0875 0 0 0
0.1225 19.8153 0.00266904 2.66904e-05
0.1575 25.972 0.00845196 8.45196e-05
0.1925 25.4106 0.0169039 0.000169039
0.2275 18.1934 0.0253559 0.000253559
0.2625 20.1383 0.0378114 0.000378114
0.2975 13.9987 0.0489324 0.000489324
0.3325 19.2756 0.0680605 0.000680605
0.3675 18.3475 0.0903025 0.000903025
0.4025 12.2363 0.108096 0.00108096
0.4375 10.6157 0.126335 0.00126335
0.4725 9.98921 0.146352 0.00146352
0.5075 5.19534 0.158363 0.00158363
0.5425 5.89374 0.173932 0.00173932
0.5775 7.28139 0.19573 0.0019573
0.6125 6.73722 0.218416 0.00218416
0.6475 5.2011 0.237989 0.00237989
0.6825 4.46855 0.256673 0.00256673
0.7175 4.42829 0.277135 0.00277135
0.7525 6.65155 0.310943 0.00310943
0.7875 6.87258 0.349199 0.00349199
0.8225 6.95944 0.391459 0.00391459
0.8575 5.79632 0.429715 0.00429715
0.8925 5.41284 0.468416 0.00468416
0.9275 6.22183 0.516459 0.00516459
0.9625 5.2426 0.560053 0.00560053
0.9975 5.72789 0.61121 0.0061121
1.0325 5.904 0.667705 0.00667705
1.0675 5.34924 0.72242 0.0072242
1.1025 4.60727 0.772687 0.00772687
1.1375 4.48132 0.824733 0.00824733
1.1725 4.93875 0.885676 0.00885676
1.2075 4.01079 0.938167 0.00938167
1.2425 5.90673 1.02002 0.0102002
1.2775 4.37284 1.08407 0.0108407
1.3125 4.34411 1.15125 0.0115125
1.3475 3.73926 1.21219 0.0121219
1.3825 2.6448 1.25756 0.0125756
1.4175 3.60105 1.32251 0.0132251
1.4525 2.91281 1.37767 0.0137767
1.4875 2.68776 1.43105 0.0143105
1.5225 1.9242 1.47109 0.0147109
1.5575 2.08385 1.51646 0.0151646
1.5925 1.48517 1.55027 0.0155027
1.6275 2.03942 1.59875 0.0159875
1.6625 2.0979 1.6508 0.016508
1.6975 1.84029 1.6984 0.016984
1.7325 1.71715 1.74466 0.0174466
1.7675 1.80846 1.79537 0.0179537
1.8025 1.67789 1.84431 0.0184431
1.8375 1.51184 1.89012 0.0189012
1.8725 1.51239 1.93772 0.0193772
1.9075 1.47101 1.98577 0.0198577
1.9425 1.22147 2.02714 0.0202714
1.9775 1.03921 2.06361 0.0206361
2.0125 1.05232 2.10187 0.0210187
2.0475 0.922081 2.13657 0.0213657
2.0825 1.07419 2.17838 0.0217838
2.1175 1.08318 2.22198 0.0222198
2.1525 1.06964 2.26646 0.0226646
2.1875 1.03568 2.31094 0.0231094
2.2225 1.05348 2.35765 0.0235765
2.2575 0.991898 2.40302 0.0240302
2.2925 1.04671 2.4524 0.024524
2.3275 0.997171 2.50089 0.0250089
2.3625 1.05664 2.55383 0.0255383
2.3975 1.09499 2.61032 0.0261032
2.4325 1.13908 2.67082 0.0267082
2.4675 1.16398 2.73443 0.0273443
2.5025 1.30574 2.80783 0.0280783
2.5375 1.06216 2.86922 0.0286922
2.5725 1.22816 2.94217 0.0294217
2.6075 1.12252 3.01068 0.0301068
2.6425 1.12137 3.08096 0.0308096
2.6775 0.9609 3.14279 0.0314279
2.7125 1.15181 3.21886 0.0321886
2.7475 1.45747 3.31762 0.0331762
2.7825 1.33142 3.41014 0.0341014
2.8175 1.66064 3.52847 0.0352847
2.8525 1.54096 3.64101 0.0364101
2.8875 1.5811 3.75934 0.0375934
2.9225 1.36938 3.86432 0.0386432
2.9575 1.63179 3.99244 0.0399244
2.9925 1.28393 4.09564 0.0409564
3.0275 1.40041 4.21085 0.0421085
3.0625 1.4954 4.33674 0.0433674
3.0975 1.59609 4.4742 0.044742
3.1325 1.63133 4.61788 0.0461788
3.1675 1.74861 4.77536 0.0477536
3.2025 2.00053 4.95952 0.0495952
3.2375 1.9906 5.1468 0.051468
3.2725 2.06857 5.34564 0.0534564
3.3075 1.93442 5.53559 0.0553559
3.3425 1.80984 5.71708 0.0571708
3.3775 1.81162 5.90258 0.0590258
3.4125 1.80019 6.09075 0.0609075
3.4475 2.13493 6.31851 0.0631851
3.4825 2.223 6.5605 0.065605
3.5175 2.10288 6.79404 0.0679404
3.5525 1.98703 7.01913 0.0701913
3.5875 2.12558 7.26468 0.0726468
3.6225 2.25088 7.5298 0.075298
3.6575 1.99684 7.76957 0.0776957
3.6925 2.12636 8.0298 0.080298
3.7275 1.96891 8.27536 0.0827536
3.7625 2.07949 8.53959 0.0853959
3.7975 2.20629 8.82518 0.0882518
3.8325 2.53058 9.15881 0.0915881
3.8675 2.75005 9.52802 0.0952802
3.9025 2.74975 9.90391 0.0990391
3.9375 3.01115 10.323 0.10323
3.9725 2.91436 10.7358 0.107358
4.0075 3.10745 11.1837 0.111837
4.0425 3.2419 11.6593 0.116593
4.0775 3.57101 12.1922 0.121922
4.1125 3.65993 12.7478 0.127478
4.1475 3.47454 13.2843 0.132843
4.1825 3.06533 13.7656 0.137656
4.2175 2.98959 14.2429 0.142429
4.2525 2.87207 14.7091 0.147091
4.2875 2.98713 15.202 0.15202
4.3225 2.8806 15.6851 0.156851
4.3575 2.74577 16.153 0.16153
4.3925 2.56091 16.5965 0.165965
4.4275 2.41945 17.0222 0.170222
4.4625 2.43391 17.4573 0.174573
4.4975 2.04337 17.8283 0.178283
4.5325 2.17597 18.2295 0.182295
4.5675 2.24015 18.649 0.18649
4.6025 2.20387 19.0681 0.190681
4.6375 2.29056 19.5102 0.195102
4.6725 2.34717 19.9702 0.199702
4.7075 2.34818 20.4373 0.204373
4.7425 2.59789 20.9617 0.209617
4.7775 2.8075 21.5369 0.215369
4.8125 2.95084 22.1504 0.221504
4.8475 3.20997 22.8274 0.228274
4.8825 2.97286 23.4635 0.234635
4.9175 2.65811 24.0405 0.240405
4.9525 2.7601 24.6481 0.246481
4.9875 2.94463 25.3056 0.253056
5.0225 2.98821 25.9822 0.259822
5.0575 2.90631 26.6495 0.266495
5.0925 2.66775 27.2705 0.272705
5.1275 2.64277 27.8941 0.278941
5.1625 2.47131 28.4853 0.284853
5.1975 2.58307 29.1117 0.291117
5.2325 2.55768 29.7402 0.297402
5.2675 2.5113 30.3657 0.303657
5.3025 2.71269 31.0503 0.310503
5.3375 3.01993 31.8225 0.318225
5.3725 2.90688 32.5756 0.325756
5.4075 3.06258 33.3794 0.333794
5.4425 3.17055 34.2224 0.342224
5.4775 3.25735 35.0996 0.350996
5.5125 3.34333 36.0116 0.360116
5.5475 3.33026 36.9315 0.369315
5.5825 3.35383 37.8697 0.378697
5.6175 3.11115 38.7509 0.387509
5.6525 3.09601 39.6388 0.396388
5.6875 3.00286 40.5107 0.405107
5.7225 2.90571 41.3648 0.413648
5.7575 2.58643 42.1343 0.421343
5.7925 2.52868 42.8959 0.428959
5.8275 2.4838 43.653 0.43653
5.8625 2.05481 44.2869 0.442869
5.8975 1.78826 44.8452 0.448452
5.9325 1.64471 45.3648 0.453648
5.9675 1.35271 45.7972 0.457972
6.0025 1.10452 46.1544 0.461544
6.0375 1.00474 46.4831 0.464831
6.0725 0.955558 46.7994 0.467994
6.1075 0.705489 47.0356 0.470356
6.1425 0.68565 47.2678 0.472678
6.1775 0.716863 47.5133 0.475133
6.2125 0.597094 47.7202 0.477202
6.2475 0.596771 47.9293 0.479293
6.2825 0.647899 48.1588 0.481588
6.3175 0.72642 48.419 0.48419
6.3525 0.568609 48.625 0.48625
6.3875 0.631632 48.8563 0.488563
6.4225 0.478186 49.0334 0.490334
6.4575 0.457567 49.2046 0.492046
6.4925 0.466755 49.3812 0.493812
6.5275 0.383833 49.528 0.49528
6.5625 0.346378 49.6619 0.496619
6.5975 0.334743 49.7927 0.497927
6.6325 0.4236 49.96 0.4996
6.6675 0.374572 50.1094 0.501094
6.7025 0.344194 50.2482 0.502482
6.7375 0.288223 50.3657 0.503657
6.7725 0.300379 50.4893 0.504893
6.8075 0.263077 50.5988 0.505988
6.8425 0.277328 50.7153 0.507153
6.8775 0.257749 50.8247 0.508247
6.9125 0.309078 50.9573 0.509573
6.9475 0.32548 51.0983 0.510983
6.9825 0.328324 51.242 0.51242
