# Radial distribution function in trajectory ZIF-Br-40/ZIF-Br-40.wrapped.pdb
# Using selection: resname N2
# r   g(r)   N_ij(r)   N_ji(r)
0.0175 0 0 0
0.0525 0 0 0
0.0875 0 0 0
0.1225 0 0 0
0.1575 0 0 0
0.1925 0 0 0
0.2275 0 0 0
0.2625 0 0 0
0.2975 0 0 0
0.3325 0 0 0
0.3675 3.14369 0.00304878 3.81098e-05
0.4025 2.62074 0.00609756 7.62195e-05
0.4375 2.95759 0.0101626 0.000127033
0.4725 5.07131 0.0182927 0.000228659
0.5075 12.0888 0.0406504 0.00050813
0.5425 10.0984 0.0619919 0.000774898
0.5775 4.66791 0.0731707 0.000914634
0.6125 7.92211 0.0945122 0.0011814
0.6475 10.4644 0.126016 0.0015752
0.6825 6.98805 0.14939 0.00186738
0.7175 8.5222 0.180894 0.00226118
0.7525 9.74732 0.220528 0.00275661
0.7875 10.2694 0.26626 0.00332825
0.8225 10.8784 0.319106 0.00398882
0.8575 11.3558 0.379065 0.00473831
0.8925 8.88356 0.429878 0.00537348
0.9275 7.73221 0.477642 0.00597053
0.9625 8.40224 0.533537 0.00666921
0.9975 6.8273 0.582317 0.00727896
1.0325 6.23952 0.630081 0.00787602
1.0675 6.70643 0.684959 0.00856199
1.1025 8.61605 0.760163 0.00950203
1.1375 7.98461 0.83435 0.0104294
1.1725 5.14728 0.885163 0.0110645
1.2075 5.92092 0.947154 0.0118394
1.2425 6.14208 1.01524 0.0126905
1.2775 5.54999 1.08028 0.0135036
1.3125 4.35423 1.13415 0.0141768
1.3475 4.59863 1.19411 0.0149263
1.3825 3.25804 1.23882 0.0154853
1.4175 3.31044 1.28659 0.0160823
1.4525 3.15282 1.33435 0.0166794
1.4875 2.04677 1.36687 0.0170859
1.5225 1.83164 1.39736 0.017467
1.5575 2.74205 1.44512 0.018064
1.5925 3.40412 1.50711 0.0188389
1.6275 3.09899 1.56606 0.0195757
1.6625 2.40662 1.61382 0.0201728
1.6975 2.45575 1.66463 0.0208079
1.7325 2.07463 1.70935 0.0213669
1.7675 1.72147 1.74797 0.0218496
1.8025 2.00374 1.79472 0.0224339
1.8375 1.80238 1.83841 0.0229802
1.8725 1.93745 1.8872 0.0235899
1.9075 1.40025 1.92378 0.0240473
1.9425 1.05019 1.95224 0.0244029
1.9775 0.687629 1.97154 0.0246443
2.0125 0.978408 2 0.025
2.0475 0.810209 2.02439 0.0253049
2.0825 0.717937 2.04675 0.0255843
2.1175 0.946909 2.07724 0.0259654
2.1525 0.824729 2.10467 0.0263084
2.1875 0.798549 2.13211 0.0266514
2.2225 1.03146 2.1687 0.0271087
2.2575 1.55513 2.22561 0.0278201
2.2925 1.66958 2.28862 0.0286077
2.3275 2.06387 2.3689 0.0296113
2.3625 1.85103 2.44309 0.0305386
2.3975 1.37881 2.5 0.03125
2.4325 1.33942 2.55691 0.0319614
2.4675 1.02276 2.60163 0.0325203
2.5025 1.22034 2.6565 0.0332063
2.5375 1.42868 2.72256 0.034032
2.5725 1.9461 2.81504 0.035188
2.6075 1.97746 2.91159 0.0363948
2.6425 2.0673 3.01524 0.0376905
2.6775 2.28999 3.13313 0.0391641
2.7125 2.42362 3.26118 0.0407647
2.7475 2.30602 3.38618 0.0423272
2.7825 2.88815 3.54675 0.0443343
2.8175 2.56725 3.69309 0.0461636
2.8525 2.0698 3.81402 0.0476753
2.8875 2.01993 3.93496 0.049187
2.9225 2.30324 4.07622 0.0509527
2.9575 2.21669 4.21545 0.0526931
2.9925 2.63926 4.38516 0.0548145
3.0275 2.28522 4.53557 0.0566946
3.0625 1.82586 4.65854 0.0582317
3.0975 1.94709 4.79268 0.0599085
3.1325 2.03362 4.93598 0.0616997
3.1675 2.10178 5.0874 0.0635925
3.2025 1.51792 5.19919 0.0649898
3.2375 1.70131 5.32724 0.0665904
3.2725 1.50653 5.44309 0.0680386
3.3075 1.7465 5.58028 0.0697536
3.3425 2.00146 5.74085 0.0717607
3.3775 1.86095 5.89329 0.0736662
3.4125 1.95665 6.05691 0.0757114
3.4475 1.89331 6.2185 0.0777312
3.4825 2.04216 6.39634 0.0799543
3.5175 1.99028 6.57317 0.0821646
3.5525 1.94004 6.74898 0.0843623
3.5875 2.08931 6.94207 0.0867759
3.6225 2.30797 7.15955 0.0894944
3.6575 2.13706 7.36484 0.0920605
3.6925 2.54307 7.61382 0.0951728
3.7275 3.20855 7.93394 0.0991743
3.7625 3.61901 8.30183 0.103773
3.7975 3.3367 8.64736 0.108092
3.8325 3.594 9.02642 0.11283
3.8675 3.4914 9.40142 0.117518
3.9025 3.54057 9.78862 0.122358
3.9375 3.09451 10.1331 0.126664
3.9725 3.32721 10.5102 0.131377
4.0075 3.22528 10.8821 0.136026
4.0425 3.20432 11.2581 0.140727
4.0775 2.9793 11.6138 0.145173
4.1125 3.72376 12.0661 0.150826
4.1475 3.79282 12.5346 0.156682
4.1825 3.34936 12.9553 0.161941
4.2175 3.30196 13.377 0.167213
4.2525 3.06783 13.7754 0.172193
4.2875 3.37979 14.2215 0.177769
4.3225 2.96927 14.6199 0.182749
4.3575 3.19754 15.0559 0.188199
4.3925 3.24948 15.5061 0.193826
4.4275 2.88064 15.9116 0.198895
4.4625 2.6935 16.2967 0.203709
4.4975 2.98058 16.7297 0.209121
4.5325 2.81761 17.1453 0.214317
4.5675 2.90349 17.5803 0.219754
4.6025 2.85282 18.0142 0.225178
4.6375 2.63882 18.4217 0.230272
4.6725 2.73557 18.8506 0.235633
4.7075 2.93134 19.3171 0.241463
4.7425 3.10846 19.8191 0.247739
4.7775 2.93907 20.3008 0.25376
4.8125 2.92703 20.7876 0.259845
4.8475 3.22219 21.3313 0.266641
4.8825 3.81733 21.9848 0.274809
4.9175 3.53494 22.5986 0.282482
4.9525 3.6698 23.2449 0.290561
4.9875 3.88018 23.938 0.299225
5.0225 3.37185 24.5488 0.30686
5.0575 3.66286 25.2215 0.315269
5.0925 3.82551 25.9339 0.324174
5.1275 3.55276 26.6047 0.332558
5.1625 3.45696 27.2663 0.340828
5.1975 3.44723 27.935 0.349187
5.2325 3.45296 28.6138 0.357673
5.2675 3.2287 29.2571 0.365714
5.3025 3.51843 29.9675 0.374593
5.3375 3.51218 30.686 0.383575
5.3725 3.62838 31.438 0.392975
5.4075 3.3686 32.1453 0.401817
5.4425 3.51653 32.8933 0.411166
5.4775 4.37741 33.8364 0.422955
5.5125 3.63271 34.6291 0.432863
5.5475 3.58702 35.4217 0.442772
5.5825 3.65117 36.2388 0.452985
5.6175 3.44885 37.0203 0.462754
5.6525 3.05634 37.7215 0.471519
5.6875 2.83071 38.3791 0.479738
5.7225 2.96906 39.0772 0.488465
5.7575 2.60433 39.6972 0.496214
5.7925 2.58982 40.3211 0.504014
5.8275 2.81719 41.0081 0.512602
5.8625 2.26892 41.5681 0.519601
5.8975 1.83516 42.0264 0.52533
5.9325 1.36722 42.372 0.529649
5.9675 1.26777 42.6961 0.533702
6.0025 1.03306 42.9634 0.537043
6.0375 0.889109 43.1961 0.539952
6.0725 0.886565 43.4309 0.542886
6.1075 0.682935 43.6138 0.545173
6.1425 0.588902 43.7734 0.547167
6.1775 0.49695 43.9096 0.548869
6.2125 0.403361 44.0213 0.550267
6.2475 0.358968 44.122 0.551524
6.2825 0.319123 44.2124 0.552655
6.3175 0.347512 44.312 0.5539
6.3525 0.354214 44.4146 0.555183
6.3875 0.378093 44.5254 0.556568
6.4225 0.387707 44.6402 0.558003
6.4575 0.336001 44.7409 0.559261
6.4925 0.409609 44.8648 0.56081
6.5275 0.468338 45.0081 0.562602
6.5625 0.433779 45.1423 0.564278
6.5975 0.435692 45.2785 0.565981
6.6325 0.424671 45.4126 0.567658
6.6675 0.366105 45.5295 0.569118
6.7025 0.444201 45.6728 0.57091
6.7375 0.542482 45.8496 0.57312
6.7725 0.472092 46.0051 0.575064
6.8075 0.531383 46.1819 0.577274
6.8425 0.444346 46.3313 0.579141
6.8775 0.46078 46.4878 0.581098
6.9125 0.482782 46.6535 0.583168
6.9475 0.40756 46.7947 0.584934
6.9825 0.275763 46.8913 0.586141
