# Radial distribution function in trajectory ZIF-CH3-10/ZIF-CH3-10.wrapped.pdb
# Using selection: resname N2
# r   g(r)   N_ij(r)   N_ji(r)
0.0175 0 0 0
0.0525 0 0 0
0.0875 0 0 0
0.1225 0 0 0
0.1575 0 0 0
0.1925 0 0 0
0.2275 0 0 0
0.2625 0 0 0
0.2975 0 0 0
0.3325 0 0 0
0.3675 0 0 0
0.4025 0 0 0
0.4375 0 0 0
0.4725 0 0 0
0.5075 0 0 0
0.5425 0 0 0
0.5775 0 0 0
0.6125 0 0 0
0.6475 0 0 0
0.6825 0 0 0
0.7175 0 0 0
0.7525 0 0 0
0.7875 0 0 0
0.8225 0 0 0
0.8575 0 0 0
0.8925 0 0 0
0.9275 0 0 0
0.9625 0 0 0
0.9975 0 0 0
1.0325 0 0 0
1.0675 0 0 0
1.1025 0 0 0
1.1375 0 0 0
1.1725 0 0 0
1.2075 0 0 0
1.2425 0 0 0
1.2775 0 0 0
1.3125 0 0 0
1.3475 0 0 0
1.3825 0 0 0
1.4175 0 0 0
1.4525 0 0 0
1.4875 0 0 0
1.5225 0 0 0
1.5575 0 0 0
1.5925 0 0 0
1.6275 0 0 0
1.6625 0 0 0
1.6975 0 0 0
1.7325 0 0 0
1.7675 0 0 0
1.8025 0 0 0
1.8375 0 0 0
1.8725 0 0 0
1.9075 0 0 0
1.9425 0 0 0
1.9775 0 0 0
2.0125 0 0 0
2.0475 0 0 0
2.0825 0 0 0
2.1175 0 0 0
2.1525 0 0 0
2.1875 0 0 0
2.2225 0 0 0
2.2575 0 0 0
2.2925 0 0 0
2.3275 0 0 0
2.3625 0 0 0
2.3975 0 0 0
2.4325 0 0 0
2.4675 0 0 0
2.5025 0 0 0
2.5375 0 0 0
2.5725 0 0 0
2.6075 0 0 0
2.6425 0 0 0
2.6775 0 0 0
2.7125 0 0 0
2.7475 0 0 0
2.7825 0 0 0
2.8175 0 0 0
2.8525 0 0 0
2.8875 0 0 0
2.9225 0 0 0
2.9575 0 0 0
2.9925 0 0 0
3.0275 0 0 0
3.0625 0 0 0
3.0975 0 0 0
3.1325 0 0 0
3.1675 0 0 0
3.2025 0 0 0
3.2375 0 0 0
3.2725 0 0 0
3.3075 0 0 0
3.3425 0 0 0
3.3775 0 0 0
3.4125 0.230219 0.00480769 0.000240385
3.4475 0.104108 0.00702663 0.000351331
3.4825 0.0850217 0.00887574 0.000443787
3.5175 0.0833382 0.0107249 0.000536243
3.5525 0.212431 0.0155325 0.000776627
3.5875 0.128188 0.0184911 0.000924556
3.6225 0.0942924 0.0207101 0.0010355
3.6575 0.246657 0.0266272 0.00133136
3.6925 0.242003 0.0325444 0.00162722
3.7275 0.519487 0.0454882 0.00227441
3.7625 0.364191 0.0547337 0.00273669
3.7975 0.772219 0.0747041 0.00373521
3.8325 0.617775 0.0909763 0.00454882
3.8675 0.758306 0.111317 0.00556583
3.9025 0.677059 0.129808 0.00649038
3.9375 0.811392 0.152367 0.00761834
3.9725 1.31988 0.189719 0.00948595
4.0075 1.1942 0.224112 0.0112056
4.0425 1.32505 0.262944 0.0131472
4.0775 1.36442 0.303624 0.0151812
4.1125 1.76807 0.357249 0.0178624
4.1475 2.01409 0.419379 0.0209689
4.1825 2.26345 0.490385 0.0245192
4.2175 2.60864 0.573595 0.0286797
4.2525 3.29573 0.680473 0.0340237
4.2875 3.38798 0.79216 0.039608
4.3225 3.80795 0.919749 0.0459874
4.3575 3.44292 1.03698 0.0518491
4.3925 4.21129 1.18269 0.0591346
4.4275 5.46 1.37463 0.0687315
4.4625 5.81999 1.58247 0.0791235
4.4975 5.43409 1.77959 0.0889793
4.5325 5.74199 1.99112 0.0995562
4.5675 6.12882 2.22041 0.111021
4.6025 6.44485 2.46524 0.123262
4.6375 6.91369 2.73188 0.136594
4.6725 7.40559 3.02182 0.151091
4.7075 7.9566 3.33802 0.166901
4.7425 8.17885 3.6679 0.183395
4.7775 8.89973 4.03217 0.201609
4.8125 9.11802 4.41087 0.220544
4.8475 9.39931 4.80695 0.240348
4.8825 9.46401 5.21154 0.260577
4.9175 9.78176 5.63572 0.281786
4.9525 10.1485 6.0821 0.304105
4.9875 10.819 6.56472 0.328236
5.0225 11.1265 7.06805 0.353402
5.0575 10.6264 7.55547 0.377774
5.0925 11.1011 8.07175 0.403587
5.1275 11.0207 8.59135 0.429567
5.1625 10.0825 9.07322 0.453661
5.1975 9.83262 9.54956 0.477478
5.2325 9.8145 10.0314 0.501572
5.2675 10.3237 10.5451 0.527256
5.3025 9.53508 11.0259 0.551294
5.3375 7.80342 11.4246 0.571228
5.3725 6.93759 11.7837 0.589183
5.4075 7.3206 12.1675 0.608376
5.4425 6.13368 12.4933 0.624667
5.4775 5.12075 12.7689 0.638443
5.5125 4.12618 12.9937 0.649686
5.5475 3.22994 13.172 0.658598
5.5825 2.819 13.3295 0.666476
5.6175 2.1566 13.4516 0.672578
5.6525 1.78144 13.5536 0.677681
5.6875 1.38981 13.6342 0.681712
5.7225 0.824977 13.6827 0.684135
5.7575 0.659447 13.7219 0.686095
5.7925 0.411799 13.7467 0.687334
5.8275 0.364359 13.7689 0.688443
5.8625 0.246014 13.784 0.689201
5.8975 0.35576 13.8062 0.690311
5.9325 0.175787 13.8173 0.690865
5.9675 0.266388 13.8343 0.691716
6.0025 0.125922 13.8425 0.692123
6.0375 0.158411 13.8528 0.692641
6.0725 0.123035 13.8609 0.693047
6.1075 0.149272 13.8709 0.693547
6.1425 0.163973 13.882 0.694101
6.1775 0.10808 13.8894 0.694471
6.2125 0.0854928 13.8953 0.694767
6.2475 0.079254 13.9009 0.695044
6.2825 0.130622 13.9101 0.695507
6.3175 0.165349 13.922 0.696098
6.3525 0.081766 13.9279 0.696394
6.3875 0.0505453 13.9316 0.696579
6.4225 0.0499959 13.9353 0.696764
6.4575 0.0791286 13.9412 0.69706
6.4925 0.068493 13.9464 0.697319
6.5275 0.116161 13.9553 0.697763
6.5625 0.134079 13.9656 0.69828
6.5975 0.0710681 13.9712 0.698558
6.6325 0.02344 13.973 0.69865
6.6675 0.0231946 13.9749 0.698743
6.7025 0.0321341 13.9774 0.698872
6.7375 0.0545162 13.9819 0.699094
6.7725 0.0179847 13.9834 0.699168
6.8075 0.0178003 13.9848 0.699242
6.8425 0.013214 13.9859 0.699297
6.8775 0.0217997 13.9878 0.69939
6.9125 0.0388432 13.9911 0.699556
6.9475 0 13.9911 0.699556
6.9825 0.00845961 13.9919 0.699593
