# Radial distribution function in trajectory ZIF-Br-8/ZIF-Br-8.wrapped.pdb
# Using selection: resname N2
# r   g(r)   N_ij(r)   N_ji(r)
0.0175 0 0 0
0.0525 0 0 0
0.0875 0 0 0
0.1225 0 0 0
0.1575 0 0 0
0.1925 0 0 0
0.2275 0 0 0
0.2625 0 0 0
0.2975 0 0 0
0.3325 0 0 0
0.3675 0 0 0
0.4025 0 0 0
0.4375 0 0 0
0.4725 0 0 0
0.5075 0 0 0
0.5425 0 0 0
0.5775 0 0 0
0.6125 0 0 0
0.6475 0 0 0
0.6825 0 0 0
0.7175 0 0 0
0.7525 0 0 0
0.7875 0 0 0
0.8225 0 0 0
0.8575 0 0 0
0.8925 0 0 0
0.9275 0 0 0
0.9625 0 0 0
0.9975 0 0 0
1.0325 0 0 0
1.0675 0 0 0
1.1025 0 0 0
1.1375 0 0 0
1.1725 0 0 0
1.2075 0 0 0
1.2425 0 0 0
1.2775 0 0 0
1.3125 0 0 0
1.3475 0 0 0
1.3825 0 0 0
1.4175 0 0 0
1.4525 0 0 0
1.4875 0 0 0
1.5225 0 0 0
1.5575 0 0 0
1.5925 0 0 0
1.6275 0 0 0
1.6625 0 0 0
1.6975 0 0 0
1.7325 0 0 0
1.7675 0 0 0
1.8025 0 0 0
1.8375 0 0 0
1.8725 0 0 0
1.9075 0 0 0
1.9425 0 0 0
1.9775 0 0 0
2.0125 0 0 0
2.0475 0 0 0
2.0825 0 0 0
2.1175 0 0 0
2.1525 0 0 0
2.1875 0 0 0
2.2225 0 0 0
2.2575 0 0 0
2.2925 0 0 0
2.3275 0 0 0
2.3625 0 0 0
2.3975 0 0 0
2.4325 0 0 0
2.4675 0 0 0
2.5025 0 0 0
2.5375 0 0 0
2.5725 0 0 0
2.6075 0 0 0
2.6425 0 0 0
2.6775 0 0 0
2.7125 0 0 0
2.7475 0 0 0
2.7825 0 0 0
2.8175 0 0 0
2.8525 0 0 0
2.8875 0 0 0
2.9225 0 0 0
2.9575 0 0 0
2.9925 0 0 0
3.0275 0 0 0
3.0625 0 0 0
3.0975 0 0 0
3.1325 0 0 0
3.1675 0 0 0
3.2025 0 0 0
3.2375 0 0 0
3.2725 0 0 0
3.3075 0 0 0
3.3425 0 0 0
3.3775 0 0 0
3.4125 0 0 0
3.4475 0 0 0
3.4825 0 0 0
3.5175 0.294953 0.00524109 0.000327568
3.5525 0.520505 0.0146751 0.000917191
3.5875 0.548205 0.0248078 0.00155049
3.6225 0.278102 0.0300489 0.00187806
3.6575 0.400113 0.0377358 0.00235849
3.6925 0.285501 0.0433263 0.0027079
3.7275 0.297675 0.0492662 0.00307914
3.7625 1.20302 0.0737247 0.00460779
3.7975 1.46775 0.104123 0.00650769
3.8325 1.35825 0.132774 0.00829839
3.8675 1.08979 0.156184 0.00976153
3.9025 1.16618 0.181691 0.0113557
3.9375 1.632 0.218029 0.0136268
3.9725 3.00633 0.286164 0.0178852
4.0075 2.36323 0.340671 0.0212919
4.0425 3.00733 0.411251 0.0257032
4.0775 2.67789 0.475192 0.0296995
4.1125 3.23668 0.553809 0.034613
4.1475 3.88946 0.649895 0.0406184
4.1825 3.64383 0.74144 0.04634
4.2175 3.8982 0.84102 0.0525638
4.2525 4.19754 0.950035 0.0593772
4.2875 4.2087 1.06115 0.0663216
4.3225 4.55751 1.18344 0.0739649
4.3575 4.95867 1.31866 0.0824161
4.3925 5.38435 1.46785 0.0917409
4.4275 5.99459 1.63662 0.102289
4.4625 6.71948 1.82879 0.114299
4.4975 6.3146 2.01223 0.125764
4.5325 6.15824 2.19392 0.13712
4.5675 6.14586 2.37806 0.148629
4.6025 6.46621 2.57477 0.160923
4.6375 7.59073 2.80922 0.175577
4.6725 7.44401 3.04263 0.190164
4.7075 7.57526 3.28372 0.205232
4.7425 7.40978 3.52306 0.220191
4.7775 8.45281 3.80014 0.237509
4.8125 8.29879 4.07617 0.254761
4.8475 8.11726 4.3501 0.271882
4.8825 7.39916 4.60342 0.287714
4.9175 6.99238 4.84626 0.302891
4.9525 7.07245 5.09539 0.318462
4.9875 6.61165 5.33159 0.333224
5.0225 6.93455 5.58281 0.348926
5.0575 6.82939 5.83368 0.364605
5.0925 7.02666 6.09539 0.380962
5.1275 7.26419 6.36967 0.398104
5.1625 6.67308 6.62509 0.414068
5.1975 6.20525 6.86583 0.429114
5.2325 6.28246 7.11286 0.444554
5.2675 6.0765 7.355 0.459687
5.3025 5.33891 7.57058 0.473161
5.3375 5.04709 7.77708 0.486067
5.3725 5.14169 7.99022 0.499389
5.4075 4.59277 8.18309 0.511443
5.4425 4.85422 8.38959 0.524349
5.4775 4.20854 8.57093 0.535683
5.5125 3.96312 8.74389 0.546493
5.5475 3.17014 8.884 0.55525
5.5825 2.38887 8.99092 0.561932
5.6175 2.39775 9.09958 0.568724
5.6525 2.07879 9.19497 0.574686
5.6875 1.57945 9.26834 0.579271
5.7225 0.876677 9.30957 0.581848
5.7575 0.785317 9.34696 0.584185
5.7925 0.783106 9.3847 0.586544
5.8275 0.608953 9.4144 0.5884
5.8625 0.587546 9.4434 0.590212
5.8975 0.685519 9.47764 0.592352
5.9325 0.712018 9.51363 0.594602
5.9675 0.587547 9.54368 0.59648
6.0025 0.62123 9.57582 0.598489
6.0375 0.587351 9.60657 0.600411
6.0725 0.824715 9.65024 0.60314
6.1075 0.684844 9.68693 0.605433
6.1425 0.548097 9.71663 0.607289
6.1775 0.688537 9.75437 0.609648
6.2125 0.434956 9.77848 0.611155
6.2475 0.367763 9.79909 0.612443
6.2825 0.339021 9.81831 0.613644
6.3175 0.451097 9.84416 0.61526
6.3525 0.271302 9.85989 0.616243
6.3875 0.298152 9.87736 0.617335
6.4225 0.230031 9.89099 0.618187
6.4575 0.221709 9.90426 0.619016
6.4925 0.115434 9.91125 0.619453
6.5275 0.0856499 9.91649 0.619781
6.5625 0.129933 9.92453 0.620283
6.5975 0.122968 9.93222 0.620763
6.6325 0.0718982 9.93676 0.621047
6.6675 0.0875635 9.94235 0.621397
6.7025 0.0704042 9.94689 0.621681
6.7375 0.112551 9.95423 0.622139
6.7725 0.116695 9.96191 0.62262
6.8075 0.0944988 9.9682 0.623013
6.8425 0.0415709 9.971 0.623187
6.8775 0.0668669 9.97554 0.623471
6.9125 0.0356416 9.97799 0.623624
6.9475 0.0403239 9.98078 0.623799
6.9825 0.0698611 9.98567 0.624105
