# Radial distribution function in trajectory ZIF-CH3-40/ZIF-CH3-40.wrapped.pdb
# Using selection: resname N2
# r   g(r)   N_ij(r)   N_ji(r)
0.0175 0 0 0
0.0525 0 0 0
0.0875 0 0 0
0.1225 0 0 0
0.1575 0 0 0
0.1925 9.47626 0.00251889 3.14861e-05
0.2275 10.1772 0.00629723 7.87154e-05
0.2625 35.6729 0.0239295 0.000299118
0.2975 39.6757 0.0491184 0.00061398
0.3325 46.0557 0.0856423 0.00107053
0.3675 28.6007 0.11335 0.00141688
0.4025 20.5916 0.13728 0.00171599
0.4375 24.7672 0.171285 0.00214106
0.4725 18.8745 0.201511 0.00251889
0.5075 12.9524 0.225441 0.00281801
0.5425 14.3179 0.255668 0.00319584
0.5775 11.5821 0.283375 0.00354219
0.6125 14.0403 0.321159 0.00401448
0.6475 17.1701 0.372796 0.00465995
0.6825 16.585 0.428212 0.00535264
0.7175 12.9601 0.476071 0.00595088
0.7525 11.1624 0.521411 0.00651763
0.7875 9.62601 0.564232 0.0070529
0.8225 9.34327 0.609572 0.00761965
0.8575 7.641 0.649874 0.00812343
0.8925 8.15556 0.696474 0.00870592
0.9275 10.6131 0.761965 0.00952456
0.9625 9.28673 0.823678 0.010296
0.9975 8.99938 0.887909 0.0110989
1.0325 10.0466 0.964736 0.0120592
1.0675 9.55266 1.04282 0.0130353
1.1025 6.9335 1.10327 0.0137909
1.1375 5.02074 1.14987 0.0143734
1.1725 4.2146 1.19144 0.0148929
1.2075 4.81675 1.24181 0.0155227
1.2425 3.7531 1.28338 0.0160422
1.2775 5.05644 1.34257 0.0167821
1.3125 3.77113 1.38917 0.0173646
1.3475 4.44804 1.4471 0.0180888
1.3825 3.58264 1.49622 0.0187028
1.4175 3.4079 1.54534 0.0193168
1.4525 2.82953 1.58816 0.019852
1.4875 2.38054 1.62594 0.0203243
1.5225 2.27235 1.66373 0.0207966
1.5575 2.67802 1.71033 0.0213791
1.5925 2.63083 1.75819 0.0219773
1.6275 1.78974 1.79219 0.0224024
1.6625 1.5246 1.82242 0.0227802
1.6975 1.21865 1.84761 0.0230951
1.7325 1.75486 1.88539 0.0235674
1.7675 1.01163 1.90806 0.0238508
1.8025 0.756564 1.92569 0.0240712
1.8375 0.936022 1.94836 0.0243545
1.8725 0.650981 1.96474 0.0245592
1.9075 0.820329 1.98615 0.0248268
1.9425 0.558377 2.00126 0.0250157
1.9775 1.16737 2.03401 0.0254251
2.0125 0.56356 2.05038 0.0256297
2.0475 0.62822 2.06927 0.0258659
2.0825 0.647766 2.08942 0.0261178
2.1175 0.861478 2.11713 0.0264641
2.1525 0.30316 2.1272 0.0265901
2.1875 0.513689 2.14484 0.0268105
2.2225 0.426546 2.15995 0.0269994
2.2575 0.861297 2.19144 0.0273929
2.2925 0.96883 2.22796 0.0278495
2.3275 0.388929 2.24307 0.0280384
2.3625 0.440406 2.26071 0.0282588
2.3975 0.244366 2.27078 0.0283848
2.4325 0.237385 2.28086 0.0285107
2.4675 0.403722 2.29849 0.0287311
2.5025 0.364472 2.31486 0.0289358
2.5375 0.109073 2.3199 0.0289987
2.5725 0.132656 2.3262 0.0290775
2.6075 0.129119 2.33249 0.0291562
2.6425 0.125721 2.33879 0.0292349
2.6775 0.0979647 2.34383 0.0292979
2.7125 0.143179 2.35139 0.0293923
2.7475 0.116296 2.35768 0.029471
2.7825 0.136066 2.36524 0.0295655
2.8175 0.265413 2.38035 0.0297544
2.8525 0.215783 2.39295 0.0299118
2.8875 0.189525 2.40428 0.0300535
2.9225 0.143899 2.4131 0.0301637
2.9575 0.160586 2.42317 0.0302897
2.9925 0.196065 2.43577 0.0304471
3.0275 0.191558 2.44836 0.0306045
3.0625 0.0936022 2.45466 0.0306832
3.0975 0.457494 2.48615 0.0310768
3.1325 0.733618 2.53778 0.0317223
3.1675 1.11999 2.61839 0.0327298
3.2025 1.30108 2.71411 0.0339263
3.2375 0.921322 2.78338 0.0347922
3.2725 1.11485 2.86902 0.0358627
3.3075 1.15558 2.9597 0.0369962
3.3425 1.32009 3.06549 0.0383186
3.3775 1.16975 3.16121 0.0395151
3.4125 1.53788 3.28967 0.0411209
3.4475 1.25568 3.39673 0.0424591
3.4825 1.43325 3.52141 0.0440176
3.5175 1.63192 3.66625 0.0458281
3.5525 1.8086 3.82997 0.0478747
3.5875 2.64659 4.07431 0.0509288
3.6225 2.08726 4.27078 0.0533848
3.6575 2.45438 4.5063 0.0563287
3.6925 2.26642 4.72796 0.0590995
3.7275 2.18615 4.94584 0.061823
3.7625 2.20768 5.17003 0.0646253
3.7975 2.16717 5.39421 0.0674276
3.8325 2.21144 5.6272 0.0703401
3.8675 2.14812 5.85768 0.073221
3.9025 2.25964 6.10453 0.0763067
3.9375 2.41216 6.3728 0.0796599
3.9725 2.45885 6.65113 0.0831392
4.0075 2.59101 6.94962 0.0868703
4.0425 3.14801 7.31864 0.091483
4.0775 3.0942 7.68766 0.0960957
4.1125 3.08328 8.06171 0.100771
4.1475 3.22539 8.4597 0.105746
4.1825 3.26197 8.86902 0.110863
4.2175 3.3956 9.30227 0.116278
4.2525 3.5147 9.75819 0.121977
4.2875 3.95422 10.2796 0.128495
4.3225 4.0408 10.8212 0.135264
4.3575 3.72648 11.3287 0.141609
4.3925 4.13143 11.9005 0.148756
4.4275 3.79767 12.4345 0.155431
4.4625 3.562 12.9433 0.161792
4.4975 4.11438 13.5403 0.169254
4.5325 4.46132 14.1977 0.177472
4.5675 3.82091 14.7695 0.184619
4.6025 3.87906 15.3589 0.191987
4.6375 3.91053 15.9622 0.199528
4.6725 3.90042 16.573 0.207163
4.7075 4.08825 17.2229 0.215287
4.7425 3.7549 17.8287 0.222859
4.7775 3.64624 18.4257 0.230321
4.8125 3.35839 18.9836 0.237295
4.8475 3.28765 19.5378 0.244222
4.8825 3.10074 20.068 0.25085
4.9175 3.54323 20.6826 0.258533
4.9525 3.35732 21.2733 0.265916
4.9875 3.95973 21.9798 0.274748
5.0225 3.67504 22.6448 0.28306
5.0575 3.45275 23.2783 0.290979
5.0925 3.60856 23.9496 0.29937
5.1275 3.68635 24.6448 0.30806
5.1625 3.86052 25.3829 0.317286
5.1975 4.11418 26.1801 0.327251
5.2325 4.66213 27.0957 0.338696
5.2675 4.5814 28.0076 0.350094
5.3025 5.54524 29.1259 0.364074
5.3375 5.70694 30.2922 0.378652
5.3725 6.25937 31.5882 0.394852
5.4075 6.38877 32.9282 0.411603
5.4425 6.0579 34.2154 0.427692
5.4775 5.89295 35.4836 0.443545
5.5125 5.43124 36.6675 0.458344
5.5475 5.30587 37.8388 0.472985
5.5825 4.85081 38.9232 0.48654
5.6175 4.6292 39.971 0.499638
5.6525 3.79172 40.8401 0.510501
5.6875 3.32183 41.6108 0.520135
5.7225 2.39665 42.1738 0.527173
5.7575 2.15573 42.6864 0.53358
5.7925 1.52799 43.0542 0.538177
5.8275 1.20465 43.3476 0.541845
5.8625 0.669228 43.5126 0.543907
5.8975 0.474526 43.631 0.545387
5.9325 0.374157 43.7254 0.546568
5.9675 0.271173 43.7947 0.547434
6.0025 0.219289 43.8514 0.548142
6.0375 0.120419 43.8829 0.548536
6.0725 0.10475 43.9106 0.548882
6.1075 0.112967 43.9408 0.54926
6.1425 0.0232674 43.9471 0.549339
6.1775 0.0322063 43.9559 0.549449
6.2125 0.0136476 43.9597 0.549496
6.2475 0.00899675 43.9622 0.549528
6.2825 0.00889679 43.9647 0.549559
6.3175 0.0131977 43.9685 0.549606
6.3525 0.0130527 43.9723 0.549654
6.3875 0.01291 43.9761 0.549701
6.4225 0.0170263 43.9811 0.549764
6.4575 0.0421056 43.9937 0.549921
6.4925 0.0208264 44 0.55
6.5275 0 44 0.55
6.5625 0 44 0.55
6.5975 0 44 0.55
6.6325 0 44 0.55
6.6675 0 44 0.55
6.7025 0 44 0.55
6.7375 0 44 0.55
6.7725 0 44 0.55
6.8075 0 44 0.55
6.8425 0 44 0.55
6.8775 0.014848 44.005 0.550063
6.9125 0.029396 44.0151 0.550189
6.9475 0.0109127 44.0189 0.550236
6.9825 0.0144048 44.0239 0.550299
