# Radial distribution function in trajectory ZIF-Br-20/ZIF-Br-20.wrapped.pdb
# Using selection: resname N2
# r   g(r)   N_ij(r)   N_ji(r)
0.0175 0 0 0
0.0525 0 0 0
0.0875 0 0 0
0.1225 0 0 0
0.1575 0 0 0
0.1925 0 0 0
0.2275 0 0 0
0.2625 0 0 0
0.2975 0 0 0
0.3325 0 0 0
0.3675 0 0 0
0.4025 0 0 0
0.4375 0 0 0
0.4725 1.40806 0.00112867 2.82167e-05
0.5075 1.22054 0.00225734 5.64334e-05
0.5425 0.712089 0.00300978 7.52445e-05
0.5775 0.314195 0.003386 8.46501e-05
0.6125 0.279313 0.00376223 9.40557e-05
0.6475 0.499867 0.00451467 0.000112867
0.6825 0.224956 0.0048909 0.000122272
0.7175 0.203545 0.00526712 0.000131678
0.7525 0.370101 0.00601956 0.000150489
0.7875 0 0.00601956 0.000150489
0.8225 0.309786 0.00677201 0.0001693
0.8575 0.142507 0.00714823 0.000178706
0.8925 0.131549 0.00752445 0.000188111
0.9275 0.121808 0.00790068 0.000197517
0.9625 0.226221 0.00865312 0.000216328
0.9975 0.210624 0.00940557 0.000235139
1.0325 0.0982932 0.00978179 0.000244545
1.0675 0.183907 0.0105342 0.000263356
1.1025 0.0862078 0.0109105 0.000272761
1.1375 0.890828 0.0150489 0.000376223
1.1725 0.533551 0.0176825 0.000442062
1.2075 0.143734 0.0184349 0.000460873
1.2425 0.0678752 0.0188111 0.000470278
1.2775 0.192621 0.0199398 0.000498495
1.3125 0.0608282 0.020316 0.000507901
1.3475 0.115419 0.0210685 0.000526712
1.3825 0.109649 0.0218209 0.000545523
1.4175 0.730106 0.027088 0.000677201
1.4525 0.347672 0.0297216 0.00074304
1.4875 0.236788 0.0316027 0.000790068
1.5225 0.226026 0.0334838 0.000837096
1.5575 0.215982 0.0353649 0.000884123
1.5925 0.702415 0.0417607 0.00104402
1.6275 0.593408 0.0474041 0.0011851
1.6625 0.303299 0.0504138 0.00126035
1.6975 0.327285 0.0537998 0.001345
1.7325 0.314195 0.0571859 0.00142965
1.7675 0.436042 0.0620767 0.00155192
1.8025 0.161259 0.0639579 0.00159895
1.8375 0.217244 0.0665914 0.00166479
1.8725 0.149427 0.0684725 0.00171181
1.9075 0.143994 0.0703536 0.00175884
1.9425 0.111081 0.0718585 0.00179646
1.9775 0.107184 0.0733634 0.00183409
2.0125 0.129361 0.0752445 0.00188111
2.0475 0.0999806 0.0767494 0.00191874
2.0825 0.0966482 0.0782543 0.00195636
2.1175 0.0934796 0.0797592 0.00199398
2.1525 0.11308 0.0816403 0.00204101
2.1875 0.131389 0.0838977 0.00209744
2.2225 0.106069 0.0857788 0.00214447
2.2575 0.102806 0.0876599 0.0021915
2.2925 0.139567 0.0902935 0.00225734
2.3275 0.135401 0.092927 0.00232318
2.3625 0.131419 0.0955606 0.00238901
2.3975 0.07292 0.0970655 0.00242664
2.4325 0.0708367 0.0985704 0.00246426
2.4675 0.051631 0.099699 0.00249248
2.5025 0.0836615 0.10158 0.0025395
2.5375 0.227835 0.106847 0.00267118
2.5725 0.158341 0.110609 0.00276524
2.6075 0.215766 0.115877 0.00289691
2.6425 0.135057 0.119263 0.00298157
2.6775 0.102316 0.121896 0.0030474
2.7125 0.113934 0.124906 0.00312265
2.7475 0.0832875 0.127163 0.00317908
2.7825 0.0812054 0.129421 0.00323552
2.8175 0.145201 0.133559 0.00333898
2.8525 0.154537 0.138074 0.00345184
2.8875 0.213653 0.14447 0.00361174
2.9225 0.25764 0.15237 0.00380926
2.9575 0.203659 0.158766 0.00396915
2.9925 0.397845 0.171558 0.00428894
3.0275 0.19435 0.177953 0.00444883
3.0625 0.279313 0.187359 0.00468397
3.0975 0.207508 0.194507 0.00486268
3.1325 0.224254 0.202408 0.0050602
3.1675 0.240214 0.211061 0.00527652
3.2025 0.255426 0.220467 0.00551166
3.2375 0.329912 0.232882 0.00582205
3.2725 0.459878 0.250564 0.00626411
3.3075 0.613033 0.274643 0.00686606
3.3425 0.712811 0.303236 0.00758089
3.3775 0.789972 0.335591 0.00838977
3.4125 0.728859 0.366065 0.00915162
3.4475 0.8023 0.400301 0.0100075
3.4825 0.907216 0.439804 0.0109951
3.5175 0.804561 0.475546 0.0118886
3.5525 0.85521 0.514296 0.0128574
3.5875 1.05029 0.562829 0.0140707
3.6225 1.078 0.613619 0.0153405
3.6575 1.54313 0.687735 0.0171934
3.6925 1.42947 0.757713 0.0189428
3.7275 1.68934 0.841986 0.0210497
3.7625 2.16879 0.95222 0.0238055
3.7975 2.76116 1.09518 0.0273796
3.8325 2.68242 1.23664 0.0309161
3.8675 2.63409 1.3781 0.0344526
3.9025 2.51137 1.51543 0.0378856
3.9375 3.03465 1.68435 0.0421087
3.9725 3.49934 1.88262 0.0470655
4.0075 3.77777 2.10045 0.0525113
4.0425 4.05248 2.33822 0.0584556
4.0775 4.56934 2.61099 0.0652746
4.1125 4.22548 2.86757 0.0716892
4.1475 4.13619 3.12302 0.0780756
4.1825 5.01968 3.4383 0.0859575
4.2175 5.34319 3.77953 0.0944883
4.2525 6.14795 4.17871 0.104468
4.2875 6.09359 4.58089 0.114522
4.3225 6.17477 4.99511 0.124878
4.3575 6.45124 5.43491 0.135873
4.3925 6.1479 5.8608 0.14652
4.4275 6.51614 6.31941 0.157985
4.4625 6.60376 6.79157 0.169789
4.4975 6.94171 7.29571 0.182393
4.5325 7.57961 7.85478 0.196369
4.5675 6.86116 8.3687 0.209217
4.6025 7.26177 8.92099 0.223025
4.6375 7.30361 9.48495 0.237124
4.6725 7.57377 10.0786 0.251966
4.7075 7.19204 10.6509 0.266272
4.7425 7.28196 11.2389 0.280973
4.7775 7.40061 11.8454 0.296134
4.8125 7.10333 12.436 0.310901
4.8475 7.35787 13.0568 0.32642
4.8825 7.03737 13.6591 0.341479
4.9175 6.96355 14.2637 0.356593
4.9525 6.62196 14.8469 0.371172
4.9875 6.09125 15.3909 0.384772
5.0225 5.99834 15.9342 0.398354
5.0575 6.10405 16.4947 0.412368
5.0925 5.50324 17.0071 0.425179
5.1275 5.20518 17.4985 0.437462
5.1625 5.23706 17.9996 0.449991
5.1975 4.89524 18.4744 0.46186
5.2325 4.89504 18.9556 0.47389
5.2675 4.25239 19.3792 0.484481
5.3025 4.00264 19.7833 0.494582
5.3375 3.75906 20.1678 0.504195
5.3725 3.74291 20.5557 0.513892
5.4075 3.34701 20.9071 0.522677
5.4425 2.88667 21.2141 0.530352
5.4775 2.43079 21.4759 0.536898
5.5125 2.09313 21.7043 0.542607
5.5475 2.03956 21.9296 0.548241
5.5825 1.83586 22.1351 0.553377
5.6175 1.57397 22.3134 0.557835
5.6525 1.21018 22.4522 0.561305
5.6875 1.07547 22.5771 0.564428
5.7225 0.777568 22.6685 0.566714
5.7575 0.746016 22.7573 0.568933
5.7925 0.740151 22.8465 0.571163
5.8275 0.56775 22.9157 0.572893
5.8625 0.365864 22.9609 0.574022
5.8975 0.316342 23.0004 0.575009
5.9325 0.297734 23.038 0.57595
5.9675 0.311907 23.0779 0.576947
6.0025 0.282105 23.1144 0.577859
6.0375 0.324839 23.1569 0.578922
6.0725 0.332472 23.2009 0.580023
6.1075 0.348336 23.2476 0.581189
6.1425 0.294387 23.2874 0.582186
6.1775 0.302045 23.3288 0.58322
6.2125 0.333946 23.3751 0.584377
6.2475 0.365115 23.4263 0.585657
6.2825 0.33982 23.4744 0.58686
6.3175 0.325563 23.5211 0.588027
6.3525 0.298615 23.5643 0.589108
6.3875 0.220872 23.5967 0.589917
6.4225 0.251496 23.6339 0.590848
6.4575 0.246264 23.6708 0.59177
6.4925 0.223729 23.7047 0.592617
6.5275 0.268063 23.7457 0.593642
6.5625 0.211682 23.7784 0.59446
6.5975 0.209442 23.8111 0.595278
6.6325 0.204856 23.8435 0.596087
6.6675 0.139069 23.8657 0.596642
6.7025 0.111962 23.8837 0.597094
6.7375 0.161586 23.9101 0.597752
6.7725 0.0708219 23.9217 0.598044
6.8075 0.0520063 23.9304 0.59826
6.8425 0.0760945 23.9432 0.59858
6.8775 0.0797526 23.9567 0.598918
6.9125 0.0614033 23.9673 0.599182
6.9475 0.0455896 23.9752 0.599379
6.9825 0.0451337 23.9831 0.599577
