# rotation correlation for "bonds: name(#1) Ow and name(#2) Hw" in LiCl-5M/0-GPa/zif8-licl.nc
# step value
0 1
1 0.608979
2 0.543927
3 0.499264
4 0.46456
5 0.436174
6 0.412215
7 0.391506
8 0.373342
9 0.357245
10 0.34285
11 0.329676
12 0.317824
13 0.307045
14 0.297085
15 0.28786
16 0.27939
17 0.271437
18 0.263993
19 0.257163
20 0.250623
21 0.244489
22 0.238875
23 0.233528
24 0.228521
25 0.223825
26 0.219242
27 0.214929
28 0.210864
29 0.206966
30 0.203293
31 0.199771
32 0.196455
33 0.193283
34 0.190348
35 0.187362
36 0.184579
37 0.181857
38 0.179402
39 0.176842
40 0.174372
41 0.172
42 0.16974
43 0.167573
44 0.165559
45 0.16349
46 0.161526
47 0.159556
48 0.157654
49 0.156012
50 0.154262
51 0.15264
52 0.150864
53 0.149325
54 0.147835
55 0.14639
56 0.144927
57 0.143526
58 0.142243
59 0.140849
60 0.139564
61 0.138255
62 0.136984
63 0.135744
64 0.134633
65 0.133386
66 0.132334
67 0.131211
68 0.130239
69 0.129279
70 0.128289
71 0.127345
72 0.126356
73 0.12537
74 0.124448
75 0.123554
76 0.122673
77 0.121849
78 0.120975
79 0.120209
80 0.119385
81 0.118689
82 0.117916
83 0.117296
84 0.116524
85 0.115762
86 0.114995
87 0.114301
88 0.11357
89 0.112954
90 0.112194
91 0.111638
92 0.111076
93 0.110364
94 0.10967
95 0.109037
96 0.108473
97 0.107924
98 0.107351
99 0.10674
100 0.106191
101 0.105608
102 0.105103
103 0.104474
104 0.103936
105 0.103304
106 0.102779
107 0.102289
108 0.101749
109 0.101178
110 0.100661
111 0.100113
112 0.0996423
113 0.0991837
114 0.098717
115 0.0983197
116 0.0978129
117 0.0974141
118 0.0968702
119 0.09654
120 0.0961064
121 0.0957739
122 0.0953944
123 0.0950026
124 0.0945259
125 0.0941344
126 0.0937946
127 0.0933958
128 0.0929247
129 0.0925132
130 0.092026
131 0.0916852
132 0.0912503
133 0.0909921
134 0.0906534
135 0.0902923
136 0.0899191
137 0.0895144
138 0.0891429
139 0.088724
140 0.0883755
141 0.0880662
142 0.0877752
143 0.0875186
144 0.08716
145 0.0867596
146 0.0863644
147 0.0860608
148 0.0857929
149 0.0854546
150 0.0852197
151 0.0849369
152 0.084635
153 0.0842769
154 0.0839923
155 0.0836428
156 0.0831773
157 0.0829366
158 0.0826691
159 0.0822988
160 0.0820042
161 0.0818048
162 0.0814945
163 0.0812998
164 0.0810298
165 0.0807278
166 0.0804785
167 0.0801105
168 0.079818
169 0.0795407
170 0.0793335
171 0.0791335
172 0.0789617
173 0.0787352
174 0.0784528
175 0.0782274
176 0.0780123
177 0.0777003
178 0.0774594
179 0.0772748
180 0.0769659
181 0.0767407
182 0.0765896
183 0.0763071
184 0.0761053
185 0.0758399
186 0.0756826
187 0.0755036
188 0.0753028
189 0.0750803
190 0.0749707
191 0.0747815
192 0.0745441
193 0.0744094
194 0.0741619
195 0.0740082
196 0.0738862
197 0.0737398
198 0.0735716
199 0.0733068
200 0.073115
201 0.0728056
202 0.0726433
203 0.0724862
204 0.0722946
205 0.0720936
206 0.071789
207 0.0716078
208 0.071439
209 0.0713572
210 0.0711174
211 0.0708948
212 0.0707114
213 0.0705252
214 0.0703557
215 0.0700709
216 0.0699034
217 0.0696945
218 0.0695164
219 0.0693409
220 0.0692028
221 0.0690202
222 0.0687345
223 0.0686245
224 0.0684094
225 0.0682805
226 0.0680511
227 0.0678899
228 0.0677068
229 0.0675263
230 0.0673726
231 0.0671526
232 0.0669327
233 0.0668204
234 0.066712
235 0.0665947
236 0.0664548
237 0.0663767
238 0.0661479
239 0.0660677
240 0.0659624
241 0.065887
242 0.0657382
243 0.065554
244 0.0654103
245 0.0652855
246 0.0650959
247 0.0648629
248 0.064653
249 0.0645677
250 0.0643932
251 0.0643069
252 0.0641547
253 0.0640128
254 0.063818
255 0.0637067
256 0.0636051
257 0.0634794
258 0.0633316
259 0.0631452
260 0.0629882
261 0.0629018
262 0.0626915
263 0.0624775
264 0.0623458
265 0.062109
266 0.0619769
267 0.0617805
268 0.0616074
269 0.0614055
270 0.0612805
271 0.0611158
272 0.0610174
273 0.0609225
274 0.060746
275 0.0605034
276 0.0603793
277 0.0602943
278 0.0601753
279 0.0601469
280 0.0601283
281 0.0598642
282 0.0597813
283 0.0596958
284 0.0595875
285 0.0594866
286 0.0593718
287 0.0593071
288 0.0591708
289 0.0590498
290 0.0589675
291 0.0589178
292 0.058783
293 0.0586106
294 0.0584809
295 0.0584806
296 0.0583957
297 0.0582155
298 0.0582064
299 0.0579817
300 0.0578952
301 0.0578344
302 0.0578334
303 0.0576476
304 0.0575981
305 0.0575125
306 0.0573826
307 0.0573129
308 0.0571279
309 0.057047
310 0.0568562
311 0.0568179
312 0.0567654
313 0.05664
314 0.056472
315 0.0563366
316 0.0562593
317 0.0561244
318 0.0559463
319 0.0557801
320 0.055721
321 0.0555758
322 0.0554619
323 0.0553236
324 0.0552683
325 0.0550579
326 0.0550143
327 0.0550347
328 0.0548688
329 0.0547296
330 0.0546644
331 0.0546014
332 0.0544411
333 0.0543361
334 0.0541818
335 0.0540951
336 0.0540055
337 0.0538948
338 0.0538
339 0.0536747
340 0.0535574
341 0.0535737
342 0.0534965
343 0.0534411
344 0.05335
345 0.0532315
346 0.0531778
347 0.0531367
348 0.0529026
349 0.052859
350 0.0528274
351 0.0527002
352 0.0526365
353 0.0525899
354 0.0525212
355 0.0523863
356 0.0524049
357 0.0524947
358 0.0523037
359 0.0521963
360 0.0521598
361 0.0520961
362 0.0520204
363 0.0520669
364 0.0519726
365 0.0518745
366 0.0518267
367 0.0517723
368 0.0516796
369 0.0515836
370 0.0514864
371 0.0513757
372 0.0512139
373 0.0511813
374 0.0510752
375 0.0510803
376 0.0510204
377 0.0509084
378 0.0507847
379 0.0507494
380 0.0505657
381 0.050455
382 0.0503492
383 0.0502484
384 0.0502211
385 0.0500955
386 0.0500513
387 0.0499435
388 0.0498694
389 0.0498133
390 0.0497518
391 0.0496429
392 0.0495786
393 0.0494583
394 0.0494623
395 0.0493959
396 0.0493997
397 0.0493693
398 0.0492213
399 0.0491269
400 0.0490774
401 0.0490049
402 0.0490769
403 0.0489594
404 0.0489094
405 0.0487717
406 0.0486586
407 0.0486528
408 0.0486065
409 0.048484
410 0.0483777
411 0.0483434
412 0.0483894
413 0.0482222
414 0.0481158
415 0.0481124
416 0.0479304
417 0.0478985
418 0.0478145
419 0.0477925
420 0.0476239
421 0.0475857
422 0.0474982
423 0.0474161
424 0.0474286
425 0.0472819
426 0.0471687
427 0.0471361
428 0.0470396
429 0.0468964
430 0.0468221
431 0.0467972
432 0.0467007
433 0.0466536
434 0.0465632
435 0.0464398
436 0.0463231
437 0.0463108
438 0.0463432
439 0.0463094
440 0.0462805
441 0.0462326
442 0.0463268
443 0.0462279
444 0.0461663
445 0.0461922
446 0.0460548
447 0.0460285
448 0.0458869
449 0.0460036
450 0.0458891
451 0.0457885
452 0.0457806
453 0.0457162
454 0.0456008
455 0.045568
456 0.0454313
457 0.0454056
458 0.045356
459 0.0451967
460 0.0450677
461 0.0450051
462 0.0448621
463 0.0449312
464 0.0448488
465 0.0447495
466 0.044622
467 0.0446856
468 0.0446134
469 0.0445285
470 0.0445652
471 0.0445461
472 0.0444047
473 0.0443937
474 0.0443408
475 0.0443935
476 0.0442621
477 0.0442575
478 0.044091
479 0.0440643
480 0.0440624
481 0.0440001
482 0.0440099
483 0.043925
484 0.0438771
485 0.0437586
486 0.0437646
487 0.0437173
488 0.0436689
489 0.0436836
490 0.0435181
491 0.0436034
492 0.0434315
493 0.043381
494 0.0433177
495 0.0431734
496 0.0431384
497 0.0430792
498 0.042958
499 0.0428567
500 0.0427924
501 0.0427998
502 0.0426725
503 0.0426286
504 0.0424582
505 0.0423902
506 0.0423675
507 0.0423472
508 0.0422822
509 0.0422851
510 0.0422003
511 0.0422041
512 0.0421446
513 0.0421408
514 0.0421265
515 0.0420103
516 0.0420179
517 0.042012
518 0.0419069
519 0.0419201
520 0.0418881
521 0.0418374
522 0.041793
523 0.0416507
524 0.0416304
525 0.0415885
526 0.0415379
527 0.0414883
528 0.0414364
529 0.0413647
530 0.0414421
531 0.0414245
532 0.0413682
533 0.0413433
534 0.0412579
535 0.0411944
536 0.0411519
537 0.0410411
538 0.0409793
539 0.0409791
540 0.040905
541 0.0408828
542 0.0408273
543 0.0408266
544 0.0407357
545 0.0407836
546 0.0407287
547 0.040625
548 0.040598
549 0.0406151
550 0.0405793
551 0.0405156
552 0.0405626
553 0.0405131
554 0.0404501
555 0.0404429
556 0.040393
557 0.0402628
558 0.040192
559 0.0401909
560 0.0400516
561 0.0399957
562 0.039907
563 0.0397935
564 0.0398719
565 0.0397345
566 0.0397114
567 0.0396775
568 0.0396718
569 0.0395965
570 0.0396021
571 0.0394904
572 0.0394357
573 0.0393832
574 0.0393603
575 0.0393205
576 0.0392606
577 0.0392087
578 0.0390085
579 0.0390311
580 0.0390148
581 0.0389192
582 0.038829
583 0.0388353
584 0.0387657
585 0.0388315
586 0.0388774
587 0.0387374
588 0.038715
589 0.0386883
590 0.0386552
591 0.0386943
592 0.0387128
593 0.0386894
594 0.0387036
595 0.0386443
596 0.0386478
597 0.0386061
598 0.0385404
599 0.0385569
600 0.0385052
601 0.0384708
602 0.0384951
603 0.038457
604 0.0384505
605 0.0383695
606 0.0382872
607 0.0382664
608 0.0381755
609 0.0381238
610 0.0380703
611 0.0380145
612 0.0380905
613 0.0379903
614 0.037904
615 0.0378829
616 0.0378451
617 0.0377182
618 0.037708
619 0.0376485
620 0.0375633
621 0.0375574
622 0.037577
623 0.0374718
624 0.0374424
625 0.0373209
626 0.0373199
627 0.0372506
628 0.0372376
629 0.037176
630 0.0371381
631 0.0370451
632 0.0370175
633 0.0369734
634 0.0369929
635 0.0370352
636 0.0369469
637 0.0368805
638 0.0367948
639 0.0367022
640 0.0366074
641 0.0365729
642 0.0365397
643 0.0363971
644 0.0364931
645 0.036413
646 0.0364084
647 0.0362843
648 0.0363792
649 0.0362777
650 0.0362847
651 0.0362765
652 0.0362501
653 0.0361711
654 0.0361556
655 0.0360449
656 0.03602
657 0.0359766
658 0.0359446
659 0.0359205
660 0.035914
661 0.0360025
662 0.036072
663 0.0360648
664 0.036059
665 0.0359799
666 0.0359375
667 0.0358943
668 0.0357843
669 0.0357202
670 0.03572
671 0.0356844
672 0.0357829
673 0.0357348
674 0.0357249
675 0.0356833
676 0.0356215
677 0.035525
678 0.0355623
679 0.0355521
680 0.0355868
681 0.0355412
682 0.035473
683 0.0355167
684 0.0354487
685 0.0354682
686 0.035426
687 0.0355052
688 0.0354127
689 0.0354493
690 0.035369
691 0.0352558
692 0.0352511
693 0.0351185
694 0.0351629
695 0.0349864
696 0.0349721
697 0.0349187
698 0.034911
699 0.0349736
700 0.0348765
701 0.0347636
702 0.0348006
703 0.034676
704 0.0346578
705 0.0345687
706 0.0345667
707 0.0346074
708 0.0344988
709 0.034538
710 0.034518
711 0.034559
712 0.0345178
713 0.0345851
714 0.0345891
715 0.0345078
716 0.0344608
717 0.0344828
718 0.0343591
719 0.0344329
720 0.0343532
721 0.0343876
722 0.0342652
723 0.0342398
724 0.0341665
725 0.0341345
726 0.0341185
727 0.0341395
728 0.0340667
729 0.0340746
730 0.0339785
731 0.0338421
732 0.0338326
733 0.0338249
734 0.0338193
735 0.0338551
736 0.0338984
737 0.0337639
738 0.0336781
739 0.0336995
740 0.0336664
741 0.0336768
742 0.0337005
743 0.03355
744 0.0336079
745 0.0334901
746 0.0335283
747 0.0334918
748 0.0335436
749 0.0335795
750 0.0335947
751 0.0335934
752 0.0335137
753 0.0335203
754 0.0335147
755 0.0334113
756 0.03334
757 0.033246
758 0.0332732
759 0.0332066
760 0.033204
761 0.0332317
762 0.0331641
763 0.0332361
764 0.0332161
765 0.0331602
766 0.0331011
767 0.0330802
768 0.0329903
769 0.0330068
770 0.0329543
771 0.0329986
772 0.0328869
773 0.0328177
774 0.0328587
775 0.0328047
776 0.0327173
777 0.0326624
778 0.0327209
779 0.0326383
780 0.0326998
781 0.0326555
782 0.0326265
783 0.0325794
784 0.0325873
785 0.0325794
786 0.0325537
787 0.0325508
788 0.0325716
789 0.032549
790 0.0324224
791 0.0324132
792 0.0323754
793 0.0323804
794 0.0322891
795 0.0322084
796 0.0321904
797 0.0322143
798 0.0321331
799 0.0320917
800 0.0320863
801 0.032142
802 0.0320326
803 0.0319404
804 0.0320241
805 0.0321261
806 0.0321053
807 0.0320683
808 0.032091
809 0.0321575
810 0.0321106
811 0.0320241
812 0.0319952
813 0.0319425
814 0.0319834
815 0.0319697
816 0.031943
817 0.0318683
818 0.031872
819 0.0319621
820 0.0318593
821 0.0318878
822 0.0318159
823 0.031831
824 0.0318033
825 0.0318962
826 0.0318796
827 0.0318184
828 0.0318053
829 0.0318474
830 0.0317695
831 0.0317507
832 0.0317081
833 0.0316328
834 0.0316018
835 0.0315996
836 0.0314893
837 0.031494
838 0.0314642
839 0.0313286
840 0.0313634
841 0.0313371
842 0.0311412
843 0.0311178
844 0.0310946
845 0.0311219
846 0.0310476
847 0.0309767
848 0.0310166
849 0.0308515
850 0.030874
851 0.0308451
852 0.0309341
853 0.0308835
854 0.0307834
855 0.0307146
856 0.0306264
857 0.0305887
858 0.0305225
859 0.0304077
860 0.030443
861 0.0304231
862 0.0303186
863 0.0302245
864 0.0303087
865 0.0302119
866 0.0302413
867 0.0303392
868 0.0303068
869 0.0302666
870 0.030164
871 0.0301449
872 0.0300331
873 0.0301253
874 0.0300661
875 0.0299675
876 0.0300433
877 0.0299314
878 0.0299309
879 0.0298573
880 0.029789
881 0.0299283
882 0.0298787
883 0.0297781
884 0.0297838
885 0.0296565
886 0.0295742
887 0.0294827
888 0.0295016
889 0.0294448
890 0.029398
891 0.0294047
892 0.0293631
893 0.0292844
894 0.0293475
895 0.0293916
896 0.0292154
897 0.029197
898 0.0291267
899 0.0290693
900 0.0291908
901 0.0291371
902 0.0290547
903 0.0290285
904 0.0289961
905 0.0289769
906 0.0289302
907 0.0289838
908 0.0289629
909 0.0289716
910 0.0289013
911 0.0289305
912 0.0288435
913 0.0287792
914 0.0286956
915 0.0286409
916 0.0287361
917 0.0287836
918 0.0287722
919 0.0287215
920 0.0286759
921 0.0286708
922 0.0287291
923 0.028667
924 0.0286914
925 0.028635
926 0.0286549
927 0.0285776
928 0.0285428
929 0.0285
930 0.0284895
931 0.0285247
932 0.0285144
933 0.0284695
934 0.0285231
935 0.0284562
936 0.028435
937 0.0283652
938 0.0283355
939 0.0282447
940 0.0282601
941 0.0282059
942 0.0282547
943 0.0282863
944 0.0281735
945 0.028143
946 0.028188
947 0.0281607
948 0.0281593
949 0.028155
950 0.0280182
951 0.0279272
952 0.0278981
953 0.0278342
954 0.0278136
955 0.0277718
956 0.0278311
957 0.02784
958 0.0278473
959 0.0278946
960 0.0278533
961 0.0278596
962 0.0277131
963 0.0277843
964 0.0277211
965 0.0277081
966 0.0278049
967 0.02786
968 0.02778
969 0.0277463
970 0.0277503
971 0.0276663
972 0.0277355
973 0.0277343
974 0.0277027
975 0.0276725
976 0.0276728
977 0.0276564
978 0.0275768
979 0.0275755
980 0.027555
981 0.0274982
982 0.0274
983 0.027368
984 0.0273304
985 0.0273182
986 0.0272361
987 0.0272067
988 0.0271823
989 0.0271967
990 0.0271466
991 0.0272529
992 0.0272148
993 0.0271458
994 0.02711
995 0.0270256
996 0.0270985
997 0.0270584
998 0.027072
999 0.0270854
1000 0.0270529
1001 0.0270711
1002 0.0269666
1003 0.0269194
1004 0.0268661
1005 0.0268434
1006 0.0268306
1007 0.0267797
1008 0.0268559
1009 0.0267861
1010 0.0266826
1011 0.0267859
1012 0.0267219
1013 0.0266258
1014 0.0265697
1015 0.026558
1016 0.0266494
1017 0.0266393
1018 0.0265706
1019 0.026597
1020 0.026454
1021 0.0264236
1022 0.0263091
1023 0.026383
1024 0.0263904
1025 0.0264024
1026 0.0263919
1027 0.0264179
1028 0.0264168
1029 0.0264413
1030 0.0264612
1031 0.026319
1032 0.0263984
1033 0.0263238
1034 0.0262769
1035 0.0263473
1036 0.0262849
1037 0.026404
1038 0.0263761
1039 0.0263314
1040 0.0263692
1041 0.0264238
1042 0.0265476
1043 0.0265371
1044 0.0265386
1045 0.0265518
1046 0.0265386
1047 0.026485
1048 0.026502
1049 0.0265819
1050 0.0265121
1051 0.0265789
1052 0.0265051
1053 0.0264754
1054 0.0264408
1055 0.0264781
1056 0.0264337
1057 0.0264259
1058 0.0264352
1059 0.0263864
1060 0.0264084
1061 0.0262794
1062 0.0262228
1063 0.0262188
1064 0.0262071
1065 0.0262008
1066 0.0262231
1067 0.0263097
1068 0.0262276
1069 0.0262786
1070 0.0262385
1071 0.0261544
1072 0.0261914
1073 0.0261148
1074 0.0260892
1075 0.0262377
1076 0.0261614
1077 0.0261181
1078 0.0260864
1079 0.0261247
1080 0.0260132
1081 0.0260088
1082 0.0261167
1083 0.0259973
1084 0.0260157
1085 0.026033
1086 0.0260751
1087 0.026026
1088 0.026048
1089 0.0260822
1090 0.0260584
1091 0.0260035
1092 0.0260435
1093 0.026089
1094 0.0260692
1095 0.0260471
1096 0.0260541
1097 0.0260486
1098 0.0259957
1099 0.0260147
1100 0.0259608
1101 0.0259315
1102 0.0259552
1103 0.0259822
1104 0.026012
1105 0.0260759
1106 0.0260916
1107 0.0261569
1108 0.0261533
1109 0.026136
1110 0.0261312
1111 0.0261328
1112 0.0261489
1113 0.0260539
1114 0.0260433
1115 0.0260414
1116 0.0260146
1117 0.0259471
1118 0.0258931
1119 0.0258712
1120 0.0259001
1121 0.025902
1122 0.025947
1123 0.0259695
1124 0.0259149
1125 0.0257493
1126 0.0256945
1127 0.025683
1128 0.0256773
1129 0.0255833
1130 0.0256519
1131 0.0255421
1132 0.0256098
1133 0.0256385
1134 0.0256118
1135 0.0256596
1136 0.0256314
1137 0.0255922
1138 0.025619
1139 0.0254638
1140 0.0255613
1141 0.0255835
1142 0.0255249
1143 0.025544
1144 0.0255746
1145 0.0257427
1146 0.0257608
1147 0.0257104
1148 0.0256435
1149 0.0257434
1150 0.0256641
1151 0.0256904
1152 0.0257168
1153 0.0256016
1154 0.0256081
1155 0.0255677
1156 0.0255964
1157 0.0254958
1158 0.0254306
1159 0.0254864
1160 0.0254523
1161 0.0254412
1162 0.0254529
1163 0.0253837
1164 0.0254267
1165 0.0254203
1166 0.0254076
1167 0.0253515
1168 0.0253345
1169 0.0252808
1170 0.0253234
1171 0.0251843
1172 0.0252196
1173 0.0251957
1174 0.0251841
1175 0.0251516
1176 0.0251362
1177 0.0251265
1178 0.0251832
1179 0.0250958
1180 0.025069
1181 0.0250887
1182 0.0249792
1183 0.0250368
1184 0.0249514
1185 0.0249892
1186 0.0249611
1187 0.0249491
1188 0.0250229
1189 0.0249755
1190 0.0249433
1191 0.0248953
1192 0.025
1193 0.0250044
1194 0.0249881
1195 0.025027
1196 0.0249672
1197 0.0249053
1198 0.0250343
1199 0.0250225
1200 0.024861
1201 0.0248212
1202 0.0248941
1203 0.0248921
1204 0.0249701
1205 0.0249622
1206 0.0249805
1207 0.0249133
1208 0.0248873
1209 0.0248903
1210 0.0248249
1211 0.0247667
1212 0.0247451
1213 0.0246097
1214 0.0246301
1215 0.0245797
1216 0.0246013
1217 0.0245555
1218 0.0245038
1219 0.0245316
1220 0.0244658
1221 0.0245578
1222 0.024527
1223 0.0244454
1224 0.0245378
1225 0.0245801
1226 0.0245346
1227 0.0245935
1228 0.0245014
1229 0.024544
1230 0.0244901
1231 0.0245548
1232 0.0244342
1233 0.0243806
1234 0.0244431
1235 0.0243691
1236 0.0243843
1237 0.024395
1238 0.0243442
1239 0.0242771
1240 0.0242912
1241 0.0243243
1242 0.0242997
1243 0.0242555
1244 0.0242876
1245 0.0242631
1246 0.0242695
1247 0.0242133
1248 0.0241712
1249 0.0241838
1250 0.0241206
1251 0.0241164
1252 0.0240892
1253 0.0241035
1254 0.024103
1255 0.024106
1256 0.0241464
1257 0.0240595
1258 0.0240175
1259 0.0240365
1260 0.0239443
1261 0.0239183
1262 0.0239018
1263 0.0238412
1264 0.0238718
1265 0.0238231
1266 0.0237986
1267 0.0236756
1268 0.0237437
1269 0.0236808
1270 0.0236334
1271 0.0235549
1272 0.0236006
1273 0.0234727
1274 0.0234377
1275 0.0233396
1276 0.0234489
1277 0.0233968
1278 0.0234804
1279 0.0233895
1280 0.023388
1281 0.0233334
1282 0.0232411
1283 0.023219
1284 0.0231955
1285 0.0231516
1286 0.0229889
1287 0.0229798
1288 0.022988
1289 0.0229899
1290 0.0230073
1291 0.0229781
1292 0.0229926
1293 0.0230018
1294 0.0229028
1295 0.0229883
1296 0.0229313
1297 0.0229428
1298 0.0229498
1299 0.0229672
1300 0.0230123
1301 0.0230629
1302 0.0230379
1303 0.0229006
1304 0.0229471
1305 0.0229239
1306 0.0228536
1307 0.0229341
1308 0.022904
1309 0.0229602
1310 0.022981
1311 0.0229948
1312 0.0230478
1313 0.0229169
1314 0.0229744
1315 0.0230793
1316 0.0230705
1317 0.0231041
1318 0.0230607
1319 0.0231544
1320 0.0229397
1321 0.0229501
1322 0.0229048
1323 0.0228724
1324 0.0228171
1325 0.0227976
1326 0.0227522
1327 0.022712
1328 0.0227123
1329 0.0227303
1330 0.0226985
1331 0.0226714
1332 0.022684
1333 0.0226339
1334 0.02264
1335 0.0226672
1336 0.0226003
1337 0.0225015
1338 0.0224382
1339 0.0224041
1340 0.022383
1341 0.0223673
1342 0.0223754
1343 0.0223323
1344 0.0224341
1345 0.0223941
1346 0.022477
1347 0.0224087
1348 0.0224305
1349 0.0223738
1350 0.0222896
1351 0.0223041
1352 0.0222923
1353 0.0222341
1354 0.0220855
1355 0.02223
1356 0.0222407
1357 0.0221642
1358 0.0221121
1359 0.0221521
1360 0.0221815
1361 0.0222273
1362 0.0222421
1363 0.0222844
1364 0.0223066
1365 0.02211
1366 0.0221283
1367 0.0222245
1368 0.0220055
1369 0.0220665
1370 0.0220582
1371 0.0219821
1372 0.021916
1373 0.0218538
1374 0.0219089
1375 0.0217549
1376 0.0218348
1377 0.0218487
1378 0.0218338
1379 0.0218484
1380 0.0218468
1381 0.0217545
1382 0.0218056
1383 0.0218471
1384 0.0217826
1385 0.0217963
1386 0.021727
1387 0.0217628
1388 0.0217211
1389 0.0217249
1390 0.0217289
1391 0.0217627
1392 0.0217609
1393 0.0218086
1394 0.0217735
1395 0.0216897
1396 0.0217068
1397 0.0216489
1398 0.0216036
1399 0.0216743
1400 0.0216215
1401 0.0217215
1402 0.0217602
1403 0.0217342
1404 0.0216867
1405 0.0216069
1406 0.0216152
1407 0.0215734
1408 0.021553
1409 0.0215344
1410 0.0215477
1411 0.0214472
1412 0.0214589
1413 0.0215106
1414 0.0215659
1415 0.0215217
1416 0.0215479
1417 0.021586
1418 0.0214716
1419 0.0215302
1420 0.0214909
1421 0.0215157
1422 0.0214455
1423 0.0215104
1424 0.021521
1425 0.0215394
1426 0.0215046
1427 0.0215497
1428 0.0215829
1429 0.0215287
1430 0.0215365
1431 0.0214811
1432 0.0215101
1433 0.0215209
1434 0.021507
1435 0.0214897
1436 0.0215974
1437 0.0216296
1438 0.0216591
1439 0.021624
1440 0.0216003
1441 0.0216063
1442 0.0216531
1443 0.0217386
1444 0.0217666
1445 0.0217625
1446 0.02174
1447 0.0217006
1448 0.021759
1449 0.0217337
1450 0.0217049
1451 0.0217001
1452 0.0216653
1453 0.0216368
1454 0.0216818
1455 0.0217032
1456 0.0216212
1457 0.021633
1458 0.0216303
1459 0.0216138
1460 0.0215684
1461 0.0215231
1462 0.0215186
1463 0.0215465
1464 0.0216191
1465 0.0215823
1466 0.0215401
1467 0.0215139
1468 0.0215238
1469 0.0215033
1470 0.0215135
1471 0.0215961
1472 0.0215856
1473 0.0215139
1474 0.021473
1475 0.0215296
1476 0.0214502
1477 0.0214674
1478 0.0214868
1479 0.0215034
1480 0.0216337
1481 0.0216534
1482 0.0215464
1483 0.021529
1484 0.0214436
1485 0.021587
1486 0.0214522
1487 0.0213935
1488 0.0213501
1489 0.0213336
1490 0.0213015
1491 0.0212865
1492 0.0212735
1493 0.0212929
1494 0.0212258
1495 0.0212588
1496 0.0211765
1497 0.0211711
1498 0.0212452
1499 0.0212606
1500 0.021176
1501 0.0211609
1502 0.0212269
1503 0.0211958
1504 0.021238
1505 0.02136
1506 0.02125
1507 0.0212453
1508 0.0212917
1509 0.0212386
1510 0.0212262
1511 0.0212207
1512 0.0212606
1513 0.0212693
1514 0.0213469
1515 0.0212688
1516 0.0212515
1517 0.0213006
1518 0.0213546
1519 0.0212732
1520 0.0212526
1521 0.0212639
1522 0.0212157
1523 0.0211514
1524 0.0211845
1525 0.0211684
1526 0.0212516
1527 0.0212031
1528 0.0213086
1529 0.0212903
1530 0.0213074
1531 0.0213323
1532 0.0214303
1533 0.0213476
1534 0.0213279
1535 0.0213071
1536 0.021338
1537 0.0213903
1538 0.0213802
1539 0.0214025
1540 0.0213878
1541 0.0214441
1542 0.0214898
1543 0.0214448
1544 0.0213442
1545 0.0214043
1546 0.0213995
1547 0.0213996
1548 0.0213428
1549 0.021299
1550 0.021333
1551 0.0212318
1552 0.0212368
1553 0.0211765
1554 0.0211741
1555 0.0211516
1556 0.0210727
1557 0.0210821
1558 0.0210365
1559 0.0210004
1560 0.0210949
1561 0.0211278
1562 0.0211411
1563 0.0211393
1564 0.0211993
1565 0.0210481
1566 0.021085
1567 0.0210269
1568 0.0209157
1569 0.0209728
1570 0.0209504
1571 0.0209523
1572 0.0208526
1573 0.0208899
1574 0.0208982
1575 0.0209991
1576 0.0210755
1577 0.0210125
1578 0.0209836
1579 0.0210571
1580 0.0210232
1581 0.0210308
1582 0.0209299
1583 0.0209328
1584 0.0208969
1585 0.0208859
1586 0.0209131
1587 0.0208717
1588 0.0209088
1589 0.020893
1590 0.0208935
1591 0.0208435
1592 0.0208607
1593 0.020818
1594 0.0207578
1595 0.0207356
1596 0.0206818
1597 0.0207056
1598 0.0205849
1599 0.0205643
1600 0.0205568
1601 0.020514
1602 0.0205398
1603 0.0205284
1604 0.0204917
1605 0.0205189
1606 0.0205218
1607 0.0205025
1608 0.0205224
1609 0.0204614
1610 0.0204489
1611 0.0204823
1612 0.0205386
1613 0.0205228
1614 0.0204759
1615 0.0205883
1616 0.0206251
1617 0.0206978
1618 0.0206928
1619 0.0206959
1620 0.0206525
1621 0.0207675
1622 0.020835
1623 0.0208654
1624 0.0208555
1625 0.0208808
1626 0.0208982
1627 0.020865
1628 0.0208154
1629 0.0208168
1630 0.020916
1631 0.0208352
1632 0.020875
1633 0.0207414
1634 0.0206876
1635 0.0206358
1636 0.0207173
1637 0.0207034
1638 0.0207235
1639 0.0207276
1640 0.0206217
1641 0.0207881
1642 0.020794
1643 0.0208013
1644 0.0207994
1645 0.0208024
1646 0.0207927
1647 0.0207635
1648 0.0208018
1649 0.020844
1650 0.0207926
1651 0.0207019
1652 0.0206816
1653 0.0206768
1654 0.020676
1655 0.0206317
1656 0.0205451
1657 0.020506
1658 0.0205979
1659 0.0205673
1660 0.0205756
1661 0.0205624
1662 0.020484
1663 0.0204306
1664 0.0204423
1665 0.0204447
1666 0.0203806
1667 0.0205122
1668 0.0204233
1669 0.0204914
1670 0.02049
1671 0.020541
1672 0.0205515
1673 0.0205343
1674 0.0205467
1675 0.0206056
1676 0.020656
1677 0.0207698
1678 0.0208039
1679 0.0207163
1680 0.0207182
1681 0.0208102
1682 0.0207677
1683 0.0207496
1684 0.0207099
1685 0.0206515
1686 0.0206463
1687 0.0205948
1688 0.0206298
1689 0.0206749
1690 0.0207124
1691 0.0207484
1692 0.0207195
1693 0.020748
1694 0.0207854
1695 0.0207095
1696 0.0206295
1697 0.0206092
1698 0.0205646
1699 0.0205361
1700 0.0205067
1701 0.020472
1702 0.0205398
1703 0.0204291
1704 0.0203973
1705 0.0202935
1706 0.0203095
1707 0.0202451
1708 0.0202092
1709 0.0201496
1710 0.0200341
1711 0.0200866
1712 0.0199925
1713 0.0200468
1714 0.0199779
1715 0.0198714
1716 0.0200188
1717 0.0200924
1718 0.0199922
1719 0.019972
1720 0.0200723
1721 0.020058
1722 0.0200809
1723 0.0199848
1724 0.0198969
1725 0.0199473
1726 0.0199618
1727 0.0199487
1728 0.0198988
1729 0.0200167
1730 0.0199354
1731 0.019992
1732 0.0199066
1733 0.0198915
1734 0.0199871
1735 0.0199489
1736 0.0199537
1737 0.0199521
1738 0.0199093
1739 0.0199354
1740 0.0199291
1741 0.0199162
1742 0.0198988
1743 0.0198737
1744 0.0200033
1745 0.0200552
1746 0.0200254
1747 0.0199484
1748 0.019802
1749 0.0198706
1750 0.0198305
1751 0.0197901
1752 0.0197826
1753 0.0198056
1754 0.0198748
1755 0.0198116
1756 0.0198038
1757 0.0197799
1758 0.0196869
1759 0.0197408
1760 0.0197075
1761 0.0197991
1762 0.0198336
1763 0.0197746
1764 0.019913
1765 0.0199392
1766 0.0198828
1767 0.0198573
1768 0.0199609
1769 0.0199192
1770 0.0199338
1771 0.0199102
1772 0.0199342
1773 0.0198765
1774 0.0198505
1775 0.0199111
1776 0.0198947
1777 0.0198567
1778 0.0198762
1779 0.0198486
1780 0.0198249
1781 0.0198256
1782 0.0197783
1783 0.0197214
1784 0.0197046
1785 0.0197458
1786 0.0198257
1787 0.0197712
1788 0.0197947
1789 0.0198777
1790 0.0198874
1791 0.0197963
1792 0.0197895
1793 0.0199002
1794 0.0198556
1795 0.0197485
1796 0.0198055
1797 0.0197611
1798 0.0197932
1799 0.0197251
1800 0.0196606
1801 0.0196501
1802 0.019536
1803 0.0193892
1804 0.0193803
1805 0.0192122
1806 0.0192345
1807 0.0193132
1808 0.0192528
1809 0.0193002
1810 0.0192992
1811 0.0192955
1812 0.019374
1813 0.0194524
1814 0.0194993
1815 0.0194542
1816 0.0193851
1817 0.0193476
1818 0.0194187
1819 0.0194191
1820 0.0193562
1821 0.0193239
1822 0.0192522
1823 0.0192456
1824 0.0191663
1825 0.0191523
1826 0.0191146
1827 0.0191385
1828 0.0192045
1829 0.0191594
1830 0.0192541
1831 0.0192969
1832 0.0192242
1833 0.0192795
1834 0.0193748
1835 0.019454
1836 0.0194421
1837 0.0194411
1838 0.0194201
1839 0.0194487
1840 0.0194438
1841 0.0194318
1842 0.0195088
1843 0.01933
1844 0.0193596
1845 0.0193182
1846 0.0193473
1847 0.0193508
1848 0.0193525
1849 0.0193376
1850 0.0192134
1851 0.0191703
1852 0.0192053
1853 0.0191999
1854 0.0191973
1855 0.0190917
1856 0.0189962
1857 0.0189059
1858 0.0189219
1859 0.0188755
1860 0.0189594
1861 0.0189179
1862 0.0189712
1863 0.0188246
1864 0.0188383
1865 0.0187473
1866 0.0186738
1867 0.0186239
1868 0.0186076
1869 0.0186849
1870 0.0185388
1871 0.0185908
1872 0.0184948
1873 0.0185661
1874 0.0185651
1875 0.0185748
1876 0.0185478
1877 0.0185183
1878 0.0184219
1879 0.0184805
1880 0.0184364
1881 0.0183818
1882 0.0184435
1883 0.0183917
1884 0.0183139
1885 0.0182489
1886 0.0181736
1887 0.0183039
1888 0.0183535
1889 0.0183503
1890 0.0182925
1891 0.0183522
1892 0.0182548
1893 0.018303
1894 0.0183209
1895 0.0183496
1896 0.0183431
1897 0.0183275
1898 0.0184033
1899 0.0183572
1900 0.0184307
1901 0.0183771
1902 0.0184567
1903 0.0185298
1904 0.0185744
1905 0.0185854
1906 0.0185461
1907 0.018632
1908 0.0185583
1909 0.0185912
1910 0.0186845
1911 0.0186192
1912 0.0187266
1913 0.0187328
1914 0.0186583
1915 0.0186375
1916 0.01855
1917 0.0185656
1918 0.0185103
1919 0.0185218
1920 0.0184518
1921 0.0184879
1922 0.0184779
1923 0.0185505
1924 0.0184966
1925 0.0184431
1926 0.0185344
1927 0.0184657
1928 0.0183264
1929 0.0182753
1930 0.0182553
1931 0.018295
1932 0.0182892
1933 0.0182761
1934 0.0182386
1935 0.0182412
1936 0.0182738
1937 0.0183461
1938 0.0183401
1939 0.0183819
1940 0.0184339
1941 0.0184032
1942 0.0184401
1943 0.0183942
1944 0.0183738
1945 0.018451
1946 0.0184293
1947 0.0184252
1948 0.0183879
1949 0.0183877
1950 0.0184071
1951 0.018385
1952 0.018527
1953 0.0185454
1954 0.0185502
1955 0.0184609
1956 0.0184799
1957 0.0184757
1958 0.0183539
1959 0.0184551
1960 0.018361
1961 0.0184661
1962 0.0184528
1963 0.0184191
1964 0.0184867
1965 0.0185031
1966 0.0186084
1967 0.0185922
1968 0.0186403
1969 0.018641
1970 0.0186471
1971 0.0186116
1972 0.0186834
1973 0.0186913
1974 0.0186015
1975 0.0185101
1976 0.0184612
1977 0.0184736
1978 0.0184458
1979 0.0185729
1980 0.018504
1981 0.0184831
1982 0.0184005
1983 0.0185382
1984 0.0184328
1985 0.0184641
1986 0.0185432
1987 0.0184087
1988 0.0185174
1989 0.0184076
1990 0.0184059
1991 0.0184429
1992 0.0184742
1993 0.0184124
1994 0.0183466
1995 0.0183942
1996 0.0183816
1997 0.0184118
1998 0.0184318
1999 0.0184184
2000 0.0184971
2001 0.0185925
2002 0.0185246
2003 0.0185201
2004 0.0185112
2005 0.0184702
2006 0.0184222
2007 0.0184611
2008 0.0184057
2009 0.0183629
2010 0.0184219
2011 0.0183378
2012 0.0183331
2013 0.0183269
2014 0.0183475
2015 0.0183065
2016 0.0183317
2017 0.0181868
2018 0.0182226
2019 0.0180489
2020 0.01815
2021 0.0181473
2022 0.0181426
2023 0.0181327
2024 0.0180714
2025 0.0180309
2026 0.0181099
2027 0.0180459
2028 0.0180846
2029 0.0180546
2030 0.0180857
2031 0.0181625
2032 0.0180325
2033 0.018023
2034 0.0179877
2035 0.0179653
2036 0.0179513
2037 0.0178843
2038 0.0179301
2039 0.0178685
2040 0.0178823
2041 0.0179254
2042 0.018038
2043 0.0179804
2044 0.0179505
2045 0.0179787
2046 0.0178773
2047 0.0178225
2048 0.0177534
2049 0.0178654
2050 0.0178716
2051 0.0178109
2052 0.0177556
2053 0.0177184
2054 0.0178913
2055 0.0179138
2056 0.0179535
2057 0.0180301
2058 0.0180141
2059 0.0179753
2060 0.0180031
2061 0.0180081
2062 0.0179245
2063 0.0178823
2064 0.0178856
2065 0.0177974
2066 0.0177531
2067 0.0177718
2068 0.0177881
2069 0.0177145
2070 0.0177588
2071 0.0176733
2072 0.0176285
2073 0.0175381
2074 0.0175864
2075 0.0174986
2076 0.0175676
2077 0.0175376
2078 0.0175627
2079 0.0175045
2080 0.017553
2081 0.0174876
2082 0.0174662
2083 0.0174996
2084 0.0174358
2085 0.0174412
2086 0.0173578
2087 0.0172694
2088 0.0172474
2089 0.0172703
2090 0.0172395
2091 0.0172772
2092 0.0172249
2093 0.0171659
2094 0.0171372
2095 0.0171102
2096 0.0171476
2097 0.0172371
2098 0.0172363
2099 0.0172982
2100 0.017337
2101 0.0174202
2102 0.0173705
2103 0.0173383
2104 0.0173847
2105 0.017428
2106 0.017427
2107 0.0173661
2108 0.0173389
2109 0.0173769
2110 0.0172858
2111 0.0173481
2112 0.0173342
2113 0.0172831
2114 0.0172542
2115 0.0172099
2116 0.0172293
2117 0.0172265
2118 0.0171658
2119 0.017213
2120 0.0171794
2121 0.017096
2122 0.0172547
2123 0.0172841
2124 0.0172158
2125 0.0172933
2126 0.0174466
2127 0.0175351
2128 0.0174229
2129 0.0174183
2130 0.0174112
2131 0.0174144
2132 0.0173185
2133 0.0173329
2134 0.0173112
2135 0.0173844
2136 0.0175337
2137 0.0175352
2138 0.017345
2139 0.0173557
2140 0.0172452
2141 0.0173198
2142 0.0173485
2143 0.017272
2144 0.0173501
2145 0.0173561
2146 0.0173892
2147 0.0174465
2148 0.0174492
2149 0.0173792
2150 0.0174193
2151 0.0174445
2152 0.017393
2153 0.0174811
2154 0.0174382
2155 0.017504
2156 0.0174601
2157 0.0173987
2158 0.0174599
2159 0.0174384
2160 0.0174347
2161 0.017352
2162 0.0173009
2163 0.0172351
2164 0.0173306
2165 0.017289
2166 0.0172123
2167 0.0171315
2168 0.017105
2169 0.0169572
2170 0.0170143
2171 0.0169649
2172 0.0168968
2173 0.0168301
2174 0.0168687
2175 0.0168958
2176 0.0168003
2177 0.0167885
2178 0.0167982
2179 0.016724
2180 0.0167466
2181 0.01665
2182 0.0166702
2183 0.0167252
2184 0.01671
2185 0.0166036
2186 0.016672
2187 0.0166485
2188 0.0166179
2189 0.0166052
2190 0.0166338
2191 0.0165525
2192 0.016593
2193 0.016585
2194 0.0166087
2195 0.0165761
2196 0.0165136
2197 0.0165288
2198 0.016543
2199 0.0166786
2200 0.016726
2201 0.0166734
2202 0.0166748
2203 0.0166845
2204 0.0166408
2205 0.0165904
2206 0.0167432
2207 0.0166762
2208 0.0166761
2209 0.0166107
2210 0.016524
2211 0.0165358
2212 0.0165409
2213 0.0165892
2214 0.0166097
2215 0.0164965
2216 0.0165529
2217 0.0165302
2218 0.0165176
2219 0.0164543
2220 0.0164473
2221 0.0165282
2222 0.0165569
2223 0.0165573
2224 0.0165294
2225 0.0166205
2226 0.0166878
2227 0.0166574
2228 0.0166952
2229 0.0166005
2230 0.0167553
2231 0.0166976
2232 0.0167032
2233 0.0167062
2234 0.0167939
2235 0.0167872
2236 0.0166996
2237 0.0167223
2238 0.0166079
2239 0.0167195
2240 0.0166304
2241 0.0166614
2242 0.016665
2243 0.0165875
2244 0.0165398
2245 0.0165641
2246 0.0165758
2247 0.0165939
2248 0.0166495
2249 0.0166391
2250 0.0166044
2251 0.0166408
2252 0.0166164
2253 0.0165777
2254 0.0166104
2255 0.0165836
2256 0.016683
2257 0.0166004
2258 0.0166012
2259 0.0167373
2260 0.0167481
2261 0.0167592
2262 0.0168321
2263 0.0169236
2264 0.0168095
2265 0.0168588
2266 0.0168123
2267 0.0168781
2268 0.0169535
2269 0.0170327
2270 0.0170519
2271 0.0170936
2272 0.0171859
2273 0.0171835
2274 0.017204
2275 0.0172572
2276 0.0170408
2277 0.0171395
2278 0.017117
2279 0.0170815
2280 0.0169377
2281 0.0169675
2282 0.0168762
2283 0.0168889
2284 0.0168418
2285 0.0167326
2286 0.0168136
2287 0.0167627
2288 0.0167311
2289 0.0168326
2290 0.0168006
2291 0.0168322
2292 0.016818
2293 0.0168954
2294 0.0169548
2295 0.0170018
2296 0.0170925
2297 0.017051
2298 0.0170579
2299 0.0170905
2300 0.0169829
2301 0.0169765
2302 0.0169722
2303 0.0169827
2304 0.0170357
2305 0.0169812
2306 0.0169499
2307 0.0169744
2308 0.01701
2309 0.0170495
2310 0.0171295
2311 0.0171282
2312 0.0171368
2313 0.0170899
2314 0.0171322
2315 0.0170003
2316 0.0171864
2317 0.0172265
2318 0.0172654
2319 0.0172417
2320 0.0171564
2321 0.0171939
2322 0.0171111
2323 0.0170106
2324 0.0170584
2325 0.0170221
2326 0.0169997
2327 0.0170654
2328 0.0169438
2329 0.0169358
2330 0.0168136
2331 0.0168054
2332 0.0167271
2333 0.0166784
2334 0.0167342
2335 0.0167484
2336 0.0167431
2337 0.0167469
2338 0.0166361
2339 0.0165205
2340 0.0165598
2341 0.0165592
2342 0.0165294
2343 0.0165811
2344 0.0164612
2345 0.0165597
2346 0.0165629
2347 0.0166528
2348 0.0166889
2349 0.0166907
2350 0.0167971
2351 0.0167303
2352 0.0167217
2353 0.0166666
2354 0.0166361
2355 0.0166262
2356 0.0165091
2357 0.0164932
2358 0.0164032
2359 0.0164239
2360 0.0162874
2361 0.0163464
2362 0.0162411
2363 0.0161293
2364 0.0162492
2365 0.0163041
2366 0.0161854
2367 0.0160984
2368 0.0161103
2369 0.0160565
2370 0.0161435
2371 0.01608
2372 0.0161143
2373 0.015996
2374 0.0160676
2375 0.0159813
2376 0.0159657
2377 0.0159668
2378 0.0159938
2379 0.016095
2380 0.0160102
2381 0.0160508
2382 0.0159848
2383 0.0158803
2384 0.0158125
2385 0.0159692
2386 0.0160018
2387 0.015924
2388 0.0159235
2389 0.0159366
2390 0.0160841
2391 0.0160757
2392 0.0161246
2393 0.0161116
2394 0.0161811
2395 0.0161457
2396 0.0160163
2397 0.0160555
2398 0.0160007
2399 0.0160182
2400 0.0159099
2401 0.0158561
2402 0.0159015
2403 0.015869
2404 0.0159529
2405 0.0159513
2406 0.0159874
2407 0.0160392
2408 0.0160069
2409 0.0159817
2410 0.0160126
2411 0.0159613
2412 0.0160546
2413 0.016041
2414 0.0160443
2415 0.0159883
2416 0.0160845
2417 0.0160576
2418 0.0160699
2419 0.0160806
2420 0.0160885
2421 0.0160582
2422 0.0160443
2423 0.0161367
2424 0.0160613
2425 0.0160559
2426 0.0160034
2427 0.016055
2428 0.0160142
2429 0.0160162
2430 0.015968
2431 0.0160117
2432 0.01602
2433 0.0159575
2434 0.016035
2435 0.0162215
2436 0.0160902
2437 0.0161026
2438 0.0161523
2439 0.0161571
2440 0.0161355
2441 0.016171
2442 0.0161039
2443 0.0160758
2444 0.0161811
2445 0.0161229
2446 0.0161762
2447 0.0161691
2448 0.0161684
2449 0.0161135
2450 0.0161088
2451 0.0160713
2452 0.016165
2453 0.0160345
2454 0.0160157
2455 0.0159928
2456 0.0160276
2457 0.015861
2458 0.0159394
2459 0.0159166
2460 0.0160266
2461 0.0160609
2462 0.0160145
2463 0.0159987
2464 0.0158439
2465 0.015762
2466 0.0157273
2467 0.0157366
2468 0.0156687
2469 0.0156602
2470 0.0157127
2471 0.0157054
2472 0.0157125
2473 0.0156547
2474 0.0156187
2475 0.015547
2476 0.0156172
2477 0.0155436
2478 0.0155434
2479 0.0155113
2480 0.0154879
2481 0.0155342
2482 0.0155333
2483 0.0153731
2484 0.0153294
2485 0.0153242
2486 0.0152697
2487 0.0150976
2488 0.015125
2489 0.0151241
2490 0.01499
2491 0.0150495
2492 0.0149886
2493 0.0149546
2494 0.0149767
2495 0.014936
2496 0.0149316
2497 0.0148963
2498 0.0148686
2499 0.0148768
2500 0.014776
2501 0.0148579
2502 0.0147935
2503 0.0148114
2504 0.0147381
2505 0.0148126
2506 0.0147356
2507 0.014711
2508 0.0147865
2509 0.0148283
2510 0.0147972
2511 0.0148641
2512 0.014863
2513 0.0148583
2514 0.0149352
2515 0.0149732
2516 0.0151304
2517 0.0150474
2518 0.0150992
2519 0.0151989
2520 0.0151828
2521 0.0150676
2522 0.0151359
2523 0.0152357
2524 0.0151833
2525 0.0152379
2526 0.0153198
2527 0.0152797
2528 0.0153257
2529 0.0151873
2530 0.0152778
2531 0.0152555
2532 0.0152081
2533 0.0151607
2534 0.0151593
2535 0.0150657
2536 0.0151182
2537 0.0150366
2538 0.0150203
2539 0.0149923
2540 0.015085
2541 0.0150638
2542 0.0151277
2543 0.0150618
2544 0.0151083
2545 0.0149785
2546 0.0150548
2547 0.0150009
2548 0.0150322
2549 0.0149537
2550 0.0150014
2551 0.0150081
2552 0.0149736
2553 0.0149506
2554 0.0149598
2555 0.0149397
2556 0.0148611
2557 0.0149125
2558 0.0148403
2559 0.0149719
2560 0.0150872
2561 0.0149431
2562 0.0149046
2563 0.0150099
2564 0.0150139
2565 0.0150393
2566 0.0151322
2567 0.0151802
2568 0.0151186
2569 0.0151113
2570 0.0149985
2571 0.0150776
2572 0.015089
2573 0.0150682
2574 0.0150604
2575 0.0150542
2576 0.0150572
2577 0.0150964
2578 0.0150942
2579 0.0150408
2580 0.0150521
2581 0.0150415
2582 0.0151967
2583 0.0151576
2584 0.015116
2585 0.0152779
2586 0.0153292
2587 0.0152782
2588 0.0152116
2589 0.0153092
2590 0.0152921
2591 0.0152343
2592 0.0153083
2593 0.0152625
2594 0.015272
2595 0.0152158
2596 0.0152197
2597 0.0151066
2598 0.0152574
2599 0.0151812
2600 0.0150965
2601 0.0148877
2602 0.0149523
2603 0.0150232
2604 0.0150027
2605 0.0150507
2606 0.0151205
2607 0.0151791
2608 0.0152087
2609 0.015209
2610 0.0151626
2611 0.0151643
2612 0.0151718
2613 0.0152118
2614 0.0151812
2615 0.0151297
2616 0.0151829
2617 0.0151093
2618 0.0150889
2619 0.0151045
2620 0.0150687
2621 0.0151675
2622 0.015173
2623 0.0151814
2624 0.0151511
2625 0.0151874
2626 0.0151956
2627 0.0151163
2628 0.0151516
2629 0.015191
2630 0.0152028
2631 0.0151743
2632 0.0152367
2633 0.0152205
2634 0.0152015
2635 0.015177
2636 0.0151914
2637 0.0152427
2638 0.0151758
2639 0.0152092
2640 0.01526
2641 0.0152225
2642 0.0153121
2643 0.0152541
2644 0.0153849
2645 0.0153676
2646 0.0154031
2647 0.0153506
2648 0.0155099
2649 0.0154018
2650 0.0154893
2651 0.0154101
2652 0.0153125
2653 0.0152695
2654 0.015246
2655 0.0152689
2656 0.0153284
2657 0.0152434
2658 0.0153999
2659 0.0153232
2660 0.0152233
2661 0.0152707
2662 0.0151585
2663 0.0152725
2664 0.0152783
2665 0.0153117
2666 0.0153784
2667 0.0152406
2668 0.0153579
2669 0.0153357
2670 0.0153518
2671 0.0153185
2672 0.0151961
2673 0.0151276
2674 0.0150797
2675 0.0150279
2676 0.0149528
2677 0.0150611
2678 0.015066
2679 0.0149547
2680 0.014973
2681 0.0148486
2682 0.0148262
2683 0.0148401
2684 0.0148916
2685 0.0148509
2686 0.0149013
2687 0.0148326
2688 0.014901
2689 0.014926
2690 0.0149001
2691 0.0149332
2692 0.0148984
2693 0.0148582
2694 0.0147495
2695 0.0147362
2696 0.0147038
2697 0.0146488
2698 0.0146526
2699 0.0146112
2700 0.0145082
2701 0.0144148
2702 0.0144037
2703 0.0144225
2704 0.0143799
2705 0.0143412
2706 0.0144143
2707 0.0144722
2708 0.014515
2709 0.0145355
2710 0.0144166
2711 0.0143996
2712 0.0143418
2713 0.0143781
2714 0.0143547
2715 0.0143868
2716 0.0142998
2717 0.0142756
2718 0.0142998
2719 0.0141825
2720 0.0142702
2721 0.0142928
2722 0.0143189
2723 0.0142407
2724 0.0141549
2725 0.0141259
2726 0.0141717
2727 0.0141412
2728 0.0141283
2729 0.0142565
2730 0.0142238
2731 0.0142547
2732 0.0141487
2733 0.0141664
2734 0.0142171
2735 0.0141711
2736 0.014166
2737 0.0142879
2738 0.0143828
2739 0.0143301
2740 0.0142323
2741 0.0141639
2742 0.0142297
2743 0.0141603
2744 0.0141556
2745 0.0141743
2746 0.014194
2747 0.0142065
2748 0.0142129
2749 0.014126
2750 0.0141554
2751 0.0141383
2752 0.0141705
2753 0.0141085
2754 0.0140932
2755 0.0140449
2756 0.0140988
2757 0.0140016
2758 0.0141627
2759 0.0141053
2760 0.0140572
2761 0.0141068
2762 0.0140043
2763 0.0140408
2764 0.0138857
2765 0.0138601
2766 0.0139047
2767 0.0138785
2768 0.0138835
2769 0.0138479
2770 0.0138862
2771 0.0139458
2772 0.0138966
2773 0.0138785
2774 0.0138578
2775 0.0139149
2776 0.0139481
2777 0.0139813
2778 0.0138891
2779 0.0139089
2780 0.0139176
2781 0.0139191
2782 0.0138734
2783 0.013883
2784 0.0139228
2785 0.0139416
2786 0.0139204
2787 0.0139535
2788 0.013931
2789 0.0138804
2790 0.0139408
2791 0.0139585
2792 0.014016
2793 0.0140482
2794 0.014125
2795 0.0141059
2796 0.0141379
2797 0.0141486
2798 0.0140866
2799 0.0140309
2800 0.0140603
2801 0.0141024
2802 0.0140002
2803 0.0140579
2804 0.014011
2805 0.0140234
2806 0.0140377
2807 0.0139827
2808 0.0140036
2809 0.0139598
2810 0.0140056
2811 0.0140116
2812 0.0140928
2813 0.0141346
2814 0.0141309
2815 0.0141748
2816 0.014207
2817 0.0141945
2818 0.0140464
2819 0.0140972
2820 0.0141025
2821 0.0140576
2822 0.0140348
2823 0.014064
2824 0.0140994
2825 0.0141064
2826 0.0141073
2827 0.0141169
2828 0.014062
2829 0.0140099
2830 0.0139685
2831 0.01394
2832 0.013946
2833 0.0139133
2834 0.0139877
2835 0.0139074
2836 0.0139701
2837 0.0139086
2838 0.0139235
2839 0.0139374
2840 0.0140032
2841 0.0139685
2842 0.0139717
2843 0.013955
2844 0.0138968
2845 0.0139725
2846 0.0139948
2847 0.0139125
2848 0.0138336
2849 0.0138049
2850 0.0137878
2851 0.0138911
2852 0.0138559
2853 0.0138581
2854 0.0138683
2855 0.0139905
2856 0.0140495
2857 0.013965
2858 0.0139325
2859 0.0140763
2860 0.0141952
2861 0.0142334
2862 0.0142174
2863 0.0142558
2864 0.0142221
2865 0.0142516
2866 0.0142803
2867 0.0143437
2868 0.0143579
2869 0.0142982
2870 0.0143831
2871 0.0142363
2872 0.0143533
2873 0.0141608
2874 0.0142105
2875 0.0142284
2876 0.0142238
2877 0.0142468
2878 0.0142371
2879 0.0143038
2880 0.0141903
2881 0.0142552
2882 0.0142406
2883 0.0141872
2884 0.0142388
2885 0.0141638
2886 0.0141792
2887 0.0140811
2888 0.0140557
2889 0.0140761
2890 0.0141019
2891 0.0140758
2892 0.0140274
2893 0.0139624
2894 0.0140554
2895 0.0139596
2896 0.0138449
2897 0.0140091
2898 0.0138803
2899 0.0139026
2900 0.0139461
2901 0.0139325
2902 0.0138901
2903 0.013873
2904 0.0138759
2905 0.0139549
2906 0.0139673
2907 0.0138134
2908 0.0137678
2909 0.0138079
2910 0.0137814
2911 0.013842
2912 0.0137833
2913 0.0138341
2914 0.0138327
2915 0.0138888
2916 0.0139195
2917 0.0140097
2918 0.0138627
2919 0.0139667
2920 0.0139882
2921 0.0140344
2922 0.0140188
2923 0.0141519
2924 0.0140931
2925 0.0141044
2926 0.0140606
2927 0.0140791
2928 0.0141231
2929 0.0140615
2930 0.0140105
2931 0.0139918
2932 0.0139652
2933 0.0139244
2934 0.0140451
2935 0.0140638
2936 0.0139169
2937 0.0139702
2938 0.0139893
2939 0.0140389
2940 0.0140407
2941 0.0141442
2942 0.0140753
2943 0.0141971
2944 0.0142249
2945 0.0142701
2946 0.0142104
2947 0.0141526
2948 0.0140033
2949 0.0140482
2950 0.0142127
2951 0.0142973
2952 0.0142789
2953 0.0141663
2954 0.0141512
2955 0.0141626
2956 0.0140707
2957 0.0141472
2958 0.0140249
2959 0.0141142
2960 0.0141699
2961 0.0141286
2962 0.0140467
2963 0.0140917
2964 0.014116
2965 0.0140738
2966 0.0141074
2967 0.0140761
2968 0.0139501
2969 0.0138789
2970 0.0139183
2971 0.0138571
2972 0.0138341
2973 0.0140013
2974 0.0140008
2975 0.0138656
2976 0.0139906
2977 0.0138515
2978 0.0138079
2979 0.0139481
2980 0.0139386
2981 0.013967
2982 0.0140727
2983 0.0139977
2984 0.0140774
2985 0.0139468
2986 0.0138692
2987 0.0138761
2988 0.0138441
2989 0.0138233
2990 0.0138241
2991 0.01383
2992 0.0138032
2993 0.0136857
2994 0.013741
2995 0.0137601
2996 0.0138021
2997 0.0136578
2998 0.0136809
2999 0.0137004
3000 0.0136368
3001 0.0136511
3002 0.0136294
3003 0.0135374
3004 0.0135261
3005 0.0134532
3006 0.0135593
3007 0.01352
3008 0.0135536
3009 0.0134189
3010 0.0135395
3011 0.0135944
3012 0.0135935
3013 0.013559
3014 0.0137156
3015 0.0137242
3016 0.013721
3017 0.0136319
3018 0.0136136
3019 0.013543
3020 0.0136217
3021 0.0136743
3022 0.0136336
3023 0.0137545
3024 0.0136432
3025 0.0136252
3026 0.0136712
3027 0.0135331
3028 0.0135534
3029 0.0135818
3030 0.0135778
3031 0.0134603
3032 0.0135567
3033 0.0134598
3034 0.013352
3035 0.0133252
3036 0.0133324
3037 0.0133122
3038 0.0132778
3039 0.0132854
3040 0.013404
3041 0.0135967
3042 0.013559
3043 0.013586
3044 0.0136968
3045 0.0136085
3046 0.0137061
3047 0.0136686
3048 0.0135328
3049 0.0136715
3050 0.0137362
3051 0.0136586
3052 0.0136042
3053 0.013612
3054 0.0136841
3055 0.0136101
3056 0.0135591
3057 0.0135691
3058 0.0136203
3059 0.0136942
3060 0.0136858
3061 0.0136189
3062 0.0136454
3063 0.013625
3064 0.0136548
3065 0.0136545
3066 0.0135626
3067 0.0136056
3068 0.0136341
3069 0.0135807
3070 0.0136086
3071 0.0136585
3072 0.0135828
3073 0.0135322
3074 0.013623
3075 0.0136906
3076 0.0136178
3077 0.0136352
3078 0.0136837
3079 0.0136985
3080 0.0136467
3081 0.0135756
3082 0.0135407
3083 0.0134704
3084 0.0134447
3085 0.0134612
3086 0.0135095
3087 0.0134026
3088 0.0132357
3089 0.0134438
3090 0.0134484
3091 0.0133579
3092 0.0134535
3093 0.0133396
3094 0.0133643
3095 0.0134202
3096 0.0133623
3097 0.0134873
3098 0.0135155
3099 0.0133983
3100 0.0134101
3101 0.0134274
3102 0.0133224
3103 0.0132658
3104 0.0133198
3105 0.01329
3106 0.01335
3107 0.013288
3108 0.0132152
3109 0.0132141
3110 0.0131476
3111 0.013207
3112 0.0130236
3113 0.0131892
3114 0.0130445
3115 0.0129664
3116 0.0131023
3117 0.013002
3118 0.012873
3119 0.0128071
3120 0.0127656
3121 0.0128059
3122 0.0127165
3123 0.01267
3124 0.0126948
3125 0.0126795
3126 0.0127779
3127 0.0127625
3128 0.0127543
3129 0.0126812
3130 0.0127504
3131 0.0127686
3132 0.0128595
3133 0.0128488
3134 0.0127758
3135 0.0127815
3136 0.0126024
3137 0.0127355
3138 0.0126752
3139 0.01271
3140 0.0128408
3141 0.0126807
3142 0.0126721
3143 0.0128063
3144 0.0127087
3145 0.0126417
3146 0.0126671
3147 0.0125831
3148 0.0127506
3149 0.0127648
3150 0.0128537
3151 0.0129172
3152 0.0128938
3153 0.0127698
3154 0.0128707
3155 0.0128737
3156 0.0129
3157 0.0129523
3158 0.012771
3159 0.0128186
3160 0.0128189
3161 0.0128176
3162 0.0128561
3163 0.0128351
3164 0.0129291
3165 0.0128608
3166 0.0129994
3167 0.0130236
3168 0.0130919
3169 0.0132209
3170 0.0132996
3171 0.013311
3172 0.0133307
3173 0.0131903
3174 0.0132978
3175 0.0133025
3176 0.0131813
3177 0.0131856
3178 0.013298
3179 0.0133039
3180 0.0133537
3181 0.0132285
3182 0.0131285
3183 0.0131865
3184 0.0131948
3185 0.0132698
3186 0.0130954
3187 0.0132471
3188 0.0131654
3189 0.0131876
3190 0.0130495
3191 0.0129887
3192 0.0130414
3193 0.013003
3194 0.0130362
3195 0.0130268
3196 0.0130444
3197 0.0129762
3198 0.0130633
3199 0.0130538
3200 0.0131282
3201 0.0130551
3202 0.0131209
3203 0.0130088
3204 0.0131142
3205 0.0132132
3206 0.0131219
3207 0.0131344
3208 0.0131729
3209 0.0130936
3210 0.013054
3211 0.0131088
3212 0.0131198
3213 0.0133357
3214 0.013182
3215 0.0132576
3216 0.0133215
3217 0.0133299
3218 0.013231
3219 0.0132801
3220 0.0132616
3221 0.0132933
3222 0.0132328
3223 0.0133039
3224 0.013409
3225 0.0133536
3226 0.0132985
3227 0.0134448
3228 0.0134685
3229 0.0135458
3230 0.0134904
3231 0.0134236
3232 0.0134988
3233 0.0134918
3234 0.0134968
3235 0.013401
3236 0.0133357
3237 0.0133397
3238 0.0134323
3239 0.0132571
3240 0.0131814
3241 0.0130361
3242 0.0130904
3243 0.0130876
3244 0.0130649
3245 0.0129861
3246 0.0129693
3247 0.0130801
3248 0.0129632
3249 0.0129696
3250 0.0128915
3251 0.0129539
3252 0.0129974
3253 0.0129548
3254 0.0129982
3255 0.0129372
3256 0.0129187
3257 0.0129623
3258 0.0129558
3259 0.0129617
3260 0.0129359
3261 0.0130875
3262 0.0130633
3263 0.0130668
3264 0.0130975
3265 0.013123
3266 0.0130749
3267 0.0130993
3268 0.013072
3269 0.01307
3270 0.0131599
3271 0.0130291
3272 0.0129277
3273 0.0129732
3274 0.0129752
3275 0.0131524
3276 0.0130892
3277 0.0132123
3278 0.0130641
3279 0.0130531
3280 0.0131438
3281 0.0131443
3282 0.0130407
3283 0.0129752
3284 0.012996
3285 0.0129756
3286 0.0131265
3287 0.0130422
3288 0.0129907
3289 0.0127834
3290 0.0126534
3291 0.0127391
3292 0.0127308
3293 0.0126443
3294 0.0128677
3295 0.012793
3296 0.0128563
3297 0.0127487
3298 0.0128317
3299 0.0127245
3300 0.0126835
3301 0.012676
3302 0.0125626
3303 0.012565
3304 0.0125318
3305 0.0125577
3306 0.0124397
3307 0.0124908
3308 0.0125862
3309 0.0124193
3310 0.0125279
3311 0.0125006
3312 0.0125569
3313 0.0124757
3314 0.0125498
3315 0.0125319
3316 0.012628
3317 0.0125252
3318 0.012467
3319 0.0125326
3320 0.0124693
3321 0.0123885
3322 0.01238
3323 0.0125108
3324 0.0124488
3325 0.0125215
3326 0.0126846
3327 0.0125895
3328 0.0125592
3329 0.0125104
3330 0.0124855
3331 0.0125539
3332 0.0126274
3333 0.0126525
3334 0.012498
3335 0.0124846
3336 0.0124551
3337 0.012323
3338 0.0124649
3339 0.0124674
3340 0.01241
3341 0.0125474
3342 0.0124875
3343 0.0124505
3344 0.012317
3345 0.0123388
3346 0.012167
3347 0.0122393
3348 0.0121906
3349 0.0124077
3350 0.0124044
3351 0.0123858
3352 0.0124768
3353 0.0124284
3354 0.0123175
3355 0.0123008
3356 0.0123371
3357 0.0123942
3358 0.0123949
3359 0.0123105
3360 0.0122366
3361 0.0121667
3362 0.0120298
3363 0.0121129
3364 0.0121084
3365 0.0119587
3366 0.0119665
3367 0.0120602
3368 0.0120779
3369 0.0120677
3370 0.0121278
3371 0.0121619
3372 0.0119661
3373 0.0119721
3374 0.0119343
3375 0.0119635
3376 0.0119163
3377 0.011837
3378 0.0119007
3379 0.0118228
3380 0.0118458
3381 0.011813
3382 0.011804
3383 0.0119087
3384 0.0118275
3385 0.0117434
3386 0.011723
3387 0.0119134
3388 0.0117824
3389 0.0118184
3390 0.0117087
3391 0.0117634
3392 0.0117081
3393 0.0117587
3394 0.0118359
3395 0.0117428
3396 0.0118651
3397 0.0117429
3398 0.0116733
3399 0.0116949
3400 0.0116467
3401 0.0116302
3402 0.0116224
3403 0.0116816
3404 0.0116936
3405 0.0116995
3406 0.0115087
3407 0.0114995
3408 0.0114977
3409 0.0113554
3410 0.0113145
3411 0.0113516
3412 0.0114623
3413 0.0114872
3414 0.0115516
3415 0.0115587
3416 0.0115516
3417 0.0115722
3418 0.0115666
3419 0.0114474
3420 0.011627
3421 0.0115464
3422 0.0114536
3423 0.0114642
3424 0.0114384
3425 0.0113611
3426 0.0113668
3427 0.0113661
3428 0.0114589
3429 0.0114321
3430 0.0113206
3431 0.0113301
3432 0.0111781
3433 0.0111567
3434 0.0112737
3435 0.0112168
3436 0.0112497
3437 0.0111156
3438 0.0112053
3439 0.0111607
3440 0.0110915
3441 0.0111155
3442 0.0109857
3443 0.0110259
3444 0.0110567
3445 0.0109347
3446 0.0109026
3447 0.0109999
3448 0.0108915
3449 0.0108717
3450 0.0108772
3451 0.0108632
3452 0.0109496
3453 0.010915
3454 0.0109265
3455 0.010914
3456 0.0109017
3457 0.0108078
3458 0.010816
3459 0.0107756
3460 0.01074
3461 0.0107147
3462 0.0107946
3463 0.0108146
3464 0.0108384
3465 0.0107087
3466 0.0107862
3467 0.010753
3468 0.0108584
3469 0.0108545
3470 0.0107449
3471 0.0107708
3472 0.0108308
3473 0.0108466
3474 0.010978
3475 0.0109394
3476 0.0108965
3477 0.0109784
3478 0.0110617
3479 0.0110827
3480 0.0110673
3481 0.0111226
3482 0.0112615
3483 0.0114123
3484 0.0113257
3485 0.0114465
3486 0.011339
3487 0.0113671
3488 0.0113513
3489 0.0113792
3490 0.0114896
3491 0.0115343
3492 0.0115359
3493 0.0115754
3494 0.0116346
3495 0.0117526
3496 0.0117152
3497 0.0118003
3498 0.0117587
3499 0.0117572
