# rotation correlation for "bonds: name(#1) Ow and name(#2) Hw" in LiCl-5M/0-GPa/bulk.nc
# step value
0 1
1 0.788043
2 0.736012
3 0.694939
4 0.665245
5 0.641758
6 0.621298
7 0.602354
8 0.584493
9 0.567827
10 0.551976
11 0.536969
12 0.522921
13 0.509504
14 0.496796
15 0.484597
16 0.473013
17 0.461794
18 0.451112
19 0.440636
20 0.43068
21 0.421061
22 0.4118
23 0.402743
24 0.393912
25 0.385556
26 0.377492
27 0.36961
28 0.361883
29 0.354512
30 0.347239
31 0.3402
32 0.333389
33 0.326742
34 0.320339
35 0.314131
36 0.308038
37 0.302285
38 0.29659
39 0.290902
40 0.285443
41 0.280047
42 0.274879
43 0.269737
44 0.264755
45 0.259886
46 0.255183
47 0.250634
48 0.24602
49 0.241636
50 0.237213
51 0.232987
52 0.228765
53 0.224795
54 0.220812
55 0.217018
56 0.213214
57 0.209647
58 0.206095
59 0.202484
60 0.199069
61 0.195627
62 0.192299
63 0.189168
64 0.186079
65 0.182911
66 0.179853
67 0.176882
68 0.174005
69 0.171261
70 0.168486
71 0.165725
72 0.163011
73 0.160476
74 0.157916
75 0.155417
76 0.153091
77 0.150638
78 0.14832
79 0.145914
80 0.143636
81 0.1413
82 0.139071
83 0.136907
84 0.1348
85 0.132737
86 0.130667
87 0.128592
88 0.126717
89 0.124813
90 0.122854
91 0.120901
92 0.119108
93 0.117276
94 0.115535
95 0.113752
96 0.112075
97 0.110496
98 0.108805
99 0.107194
100 0.105602
101 0.104124
102 0.102603
103 0.101172
104 0.0997755
105 0.0983738
106 0.0970067
107 0.0956279
108 0.0942336
109 0.0929424
110 0.0915774
111 0.090344
112 0.0891047
113 0.087895
114 0.0867178
115 0.0855051
116 0.084358
117 0.0831034
118 0.0819204
119 0.0807052
120 0.0795677
121 0.0784086
122 0.0773988
123 0.0763773
124 0.0754086
125 0.0743569
126 0.0733209
127 0.0723022
128 0.0714485
129 0.0705153
130 0.0695032
131 0.0684395
132 0.0675371
133 0.0666253
134 0.0657126
135 0.0647243
136 0.0638223
137 0.0629967
138 0.0621869
139 0.0613163
140 0.0606202
141 0.059694
142 0.0589627
143 0.0581531
144 0.0574005
145 0.0567121
146 0.0561211
147 0.0554963
148 0.0547168
149 0.0540554
150 0.0534343
151 0.0527105
152 0.0520651
153 0.0514205
154 0.0507834
155 0.0500126
156 0.0494318
157 0.0487714
158 0.048158
159 0.04744
160 0.0468757
161 0.046275
162 0.045744
163 0.0452179
164 0.0446402
165 0.0441251
166 0.0435407
167 0.042977
168 0.0424875
169 0.042033
170 0.0415057
171 0.0409238
172 0.0404654
173 0.0399816
174 0.039422
175 0.039017
176 0.0386266
177 0.0381497
178 0.0377044
179 0.0372921
180 0.036858
181 0.0363563
182 0.035988
183 0.0356253
184 0.0350638
185 0.0346312
186 0.0342762
187 0.0338993
188 0.0334525
189 0.0330673
190 0.0326489
191 0.0322171
192 0.0318394
193 0.0314204
194 0.0311016
195 0.0307137
196 0.0302969
197 0.0299494
198 0.0296426
199 0.0293157
200 0.0289429
201 0.0285414
202 0.0281766
203 0.0278572
204 0.0275752
205 0.0272451
206 0.0268699
207 0.0266359
208 0.0262796
209 0.0259734
210 0.0257041
211 0.0254317
212 0.0250515
213 0.0246861
214 0.0244397
215 0.0241906
216 0.0238788
217 0.0235383
218 0.0232211
219 0.0229818
220 0.0227675
221 0.0224859
222 0.0222028
223 0.0219396
224 0.0217612
225 0.0213984
226 0.0211003
227 0.0208232
228 0.0204819
229 0.0202746
230 0.0199528
231 0.0197906
232 0.019461
233 0.0193427
234 0.0192013
235 0.0189877
236 0.0186885
237 0.0184315
238 0.0183178
239 0.0181501
240 0.017983
241 0.0178344
242 0.0176573
243 0.0175578
244 0.0172861
245 0.0171028
246 0.0169077
247 0.016718
248 0.0164947
249 0.0162823
250 0.0161291
251 0.0159851
252 0.0158591
253 0.0155995
254 0.015422
255 0.0152256
256 0.0150065
257 0.0148903
258 0.0147175
259 0.0145391
260 0.0143571
261 0.0142235
262 0.0139411
263 0.0138841
264 0.0136619
265 0.0134454
266 0.0133789
267 0.0132303
268 0.013184
269 0.013004
270 0.0129392
271 0.0127885
272 0.012661
273 0.0125267
274 0.0124527
275 0.0122766
276 0.0122392
277 0.0120655
278 0.0119649
279 0.0118534
280 0.0117888
281 0.011668
282 0.0115747
283 0.0115547
284 0.011411
285 0.01131
286 0.0111595
287 0.0111138
288 0.0109429
289 0.0107965
290 0.0107413
291 0.0106457
292 0.0105176
293 0.0104197
294 0.0103434
295 0.0102515
296 0.0101355
297 0.0101653
298 0.00995839
299 0.00995922
300 0.00982207
301 0.00970072
302 0.00966573
303 0.00964034
304 0.00954068
305 0.00943255
306 0.00938386
307 0.00930345
308 0.00918043
309 0.00909543
310 0.00899309
311 0.00888276
312 0.00875801
313 0.00870478
314 0.00872791
315 0.00863975
316 0.0084312
317 0.00840294
318 0.0083524
319 0.00830692
320 0.00821793
321 0.00830549
322 0.00826931
323 0.00817764
324 0.00822705
325 0.00803322
326 0.0079577
327 0.00786281
328 0.00780261
329 0.00772852
330 0.00762933
331 0.00756258
332 0.00744903
333 0.00740582
334 0.00734371
335 0.00729483
336 0.0072695
337 0.00721991
338 0.00710779
339 0.00708967
340 0.00699383
341 0.00699544
342 0.00688964
343 0.00685418
344 0.00683558
345 0.00676799
346 0.0066582
347 0.00658953
348 0.0065279
349 0.0064624
350 0.00637621
351 0.00637811
352 0.00630832
353 0.00618273
354 0.00616306
355 0.00604177
356 0.00607264
357 0.00601882
358 0.00598305
359 0.00591093
360 0.00585514
361 0.00573701
362 0.00561488
363 0.00543529
364 0.00542581
365 0.00540215
366 0.00535804
367 0.00529265
368 0.00522715
369 0.00516164
370 0.00513953
371 0.00505221
372 0.00496686
373 0.00495577
374 0.00485063
375 0.0048303
376 0.00477505
377 0.00476843
378 0.00471526
379 0.00473809
380 0.00462061
381 0.00455821
382 0.00461519
383 0.00461829
384 0.00455576
385 0.00447333
386 0.00433218
387 0.00427717
388 0.00421637
389 0.00419998
390 0.0042029
391 0.00415981
392 0.00409812
393 0.00388163
394 0.00388294
395 0.00382274
396 0.00381845
397 0.00377518
398 0.00375098
399 0.00370264
400 0.00371152
401 0.00371009
402 0.00363237
403 0.00362152
404 0.00362885
405 0.00356621
406 0.00355679
407 0.0035587
408 0.00355005
409 0.00359774
410 0.00354761
411 0.00355142
412 0.00358778
413 0.00362116
414 0.00363016
415 0.00355619
416 0.00356317
417 0.00355661
418 0.0035159
419 0.00352454
420 0.00360411
421 0.00354403
422 0.00352073
423 0.00352621
424 0.00353968
425 0.0035485
426 0.00367153
427 0.00367951
428 0.00371838
429 0.00373495
430 0.00381863
431 0.00373864
432 0.00382417
433 0.00378978
434 0.00373989
435 0.00375789
436 0.00375611
437 0.00379562
438 0.00389087
439 0.00386333
440 0.00387269
441 0.0037747
442 0.00376344
443 0.00374192
444 0.00375408
445 0.00378585
446 0.00374341
447 0.00362283
448 0.00368321
449 0.0036
450 0.00359046
451 0.0036518
452 0.00359923
453 0.00366229
454 0.003622
455 0.00355661
456 0.00349164
457 0.00358331
458 0.00366336
459 0.00368577
460 0.00371468
461 0.00370103
462 0.0037452
463 0.00372624
464 0.00377518
465 0.00375938
466 0.003811
467 0.00381839
468 0.00380576
469 0.00380832
470 0.0038712
471 0.00391054
472 0.00384796
473 0.00388843
474 0.00377196
475 0.00378937
476 0.00374967
477 0.00376332
478 0.00371349
479 0.00367457
480 0.00376612
481 0.00369197
482 0.00366139
483 0.0036599
484 0.00372732
485 0.00368178
486 0.00366157
487 0.00357801
488 0.00358993
489 0.00366247
490 0.00361311
491 0.00352859
492 0.00353646
493 0.0034973
494 0.00345278
495 0.00348109
496 0.00343072
497 0.003326
498 0.00330806
499 0.00320131
500 0.00317729
501 0.00319117
502 0.00307012
503 0.0029847
504 0.00296211
505 0.00292826
506 0.00303519
507 0.00286418
508 0.00281
509 0.00276548
510 0.00271654
511 0.00270158
512 0.00263
513 0.00265032
514 0.00259352
515 0.00250041
516 0.00256646
517 0.00252932
518 0.00249332
519 0.00245738
520 0.00247401
521 0.00244594
522 0.00244653
523 0.0023917
524 0.00240088
525 0.00236511
526 0.00232595
527 0.00228995
528 0.00230706
529 0.00229007
530 0.00229055
531 0.00226772
532 0.00226939
533 0.00221026
534 0.00217158
535 0.00219142
536 0.00220364
537 0.00225884
538 0.00231886
539 0.0023132
540 0.00223291
541 0.00222868
542 0.00226676
543 0.00222647
544 0.00228631
545 0.0022797
546 0.00229239
547 0.00216043
548 0.00213891
549 0.00208932
550 0.00206214
551 0.0020436
552 0.0020473
553 0.00209212
554 0.00211799
555 0.00216329
556 0.00213623
557 0.00215071
558 0.00224739
559 0.00227469
560 0.00226927
561 0.00234073
562 0.00226068
563 0.00232625
564 0.00233668
565 0.00244236
566 0.00246304
567 0.0024634
568 0.00248659
569 0.0025335
570 0.00247759
571 0.00253075
572 0.00252682
573 0.00253409
574 0.00252903
575 0.00250328
576 0.00251299
577 0.00258291
578 0.00261575
579 0.00262547
580 0.00262105
581 0.00270277
582 0.00272179
583 0.00276572
584 0.00270903
585 0.00273198
586 0.00277424
587 0.00277168
588 0.00283068
589 0.00294054
590 0.00302553
591 0.00299323
592 0.00299615
593 0.00303763
594 0.00301594
595 0.00293195
596 0.00294983
597 0.00304413
598 0.00313675
599 0.00315094
600 0.00319171
601 0.00319237
602 0.00320661
603 0.00322652
604 0.00325507
605 0.00325608
606 0.00332695
607 0.00322747
608 0.00323647
609 0.00331104
610 0.00316817
611 0.00317734
612 0.00318789
613 0.00312489
614 0.00316983
615 0.00316936
616 0.00317508
617 0.00326961
618 0.00326467
619 0.00325078
620 0.00322723
621 0.00322288
622 0.00321692
623 0.00320411
624 0.00321627
625 0.00319725
626 0.00312746
627 0.00304848
628 0.00301492
629 0.00305647
630 0.00300592
631 0.00302261
632 0.00301707
633 0.00296712
634 0.00299716
635 0.00298798
636 0.00287098
637 0.0028311
638 0.00286305
639 0.00275975
640 0.00279063
641 0.00269026
642 0.00267094
643 0.0025214
644 0.00247037
645 0.002415
646 0.00240463
647 0.00230521
648 0.0021866
649 0.00220615
650 0.0021466
651 0.00219935
652 0.00214732
653 0.00214678
654 0.0020721
655 0.00198203
656 0.00206006
657 0.00207371
658 0.0020836
659 0.00203723
660 0.00205147
661 0.00205195
662 0.00203699
663 0.00194377
664 0.00199366
665 0.00187033
666 0.00192857
667 0.00189382
668 0.00189441
669 0.00189561
670 0.00193667
671 0.00187314
672 0.00191468
673 0.00192952
674 0.00185007
675 0.00191295
676 0.0018838
677 0.00191665
678 0.00203902
679 0.00204986
680 0.00205761
681 0.00211418
682 0.00217426
683 0.002141
684 0.00217527
685 0.00218129
686 0.00218123
687 0.00218111
688 0.00215697
689 0.00211591
690 0.00204724
691 0.00197971
692 0.00198549
693 0.0019843
694 0.00204998
695 0.00199693
696 0.00197077
697 0.00194424
698 0.00188798
699 0.00181562
700 0.00185615
701 0.00185961
702 0.00193202
703 0.00193936
704 0.0019725
705 0.00198072
706 0.00195956
707 0.00191629
708 0.00186306
709 0.00189495
710 0.00184309
711 0.00198346
712 0.00191271
713 0.0019694
714 0.00195098
715 0.00189602
716 0.00184387
717 0.00179577
718 0.00179482
719 0.00170636
720 0.00173426
721 0.00166065
722 0.00168198
723 0.00164294
724 0.00168413
725 0.00162405
726 0.00155151
727 0.00146067
728 0.00147587
729 0.00148618
730 0.00142568
731 0.00138324
732 0.00138456
733 0.00134718
734 0.00131202
735 0.00126791
736 0.00120175
737 0.00114721
738 0.00107145
739 0.00103486
740 0.000957489
741 0.0008744
742 0.000743091
743 0.000653327
744 0.000644982
745 0.000644803
746 0.000584722
747 0.000481546
748 0.000451267
749 0.00042218
750 0.000392139
751 0.000358462
752 0.000282824
753 0.000231862
754 0.000243008
755 0.000228524
756 0.000265956
757 0.0002684
758 0.000239372
759 0.000235736
760 0.000245929
761 0.000197351
762 0.000167847
763 0.000176668
764 0.0002684
765 0.00027585
766 0.000287592
767 0.000322223
768 0.000300288
769 0.000341296
770 0.000336468
771 0.000341594
772 0.000371456
773 0.000337005
774 0.000321984
775 0.000429153
776 0.000554025
777 0.000508726
778 0.000537932
779 0.000530839
780 0.000509858
781 0.000468016
782 0.000441015
783 0.000366211
784 0.000420928
785 0.000442266
786 0.000411451
787 0.000432789
788 0.000381768
789 0.000387251
790 0.000361383
791 0.000326574
792 0.000353515
793 0.000273883
794 0.000243068
795 0.000264943
796 0.000256896
797 0.000234663
798 0.000220716
799 0.000201702
800 0.000194609
801 0.000156224
802 0.000214934
803 0.000235796
804 0.000227988
805 0.000142813
806 0.000169873
807 0.000159919
808 0.000143528
809 3.67165e-05
810 0.000161231
811 0.000152886
812 0.000159204
813 0.000189126
814 0.000247478
815 0.000111818
816 0.000142872
817 0.000147879
818 0.000136495
819 0.000144303
820 7.34925e-05
821 9.48906e-05
822 0.000142813
823 0.000149965
824 9.14335e-05
825 0.000218451
826 0.000230253
827 0.000249028
828 0.000303805
829 0.000354946
830 0.000360727
831 0.000440836
832 0.00043124
833 0.000454664
834 0.000422597
835 0.000404596
836 0.000454545
837 0.000506282
838 0.000513375
839 0.000589013
840 0.000541627
841 0.000500321
842 0.000559151
843 0.000481367
844 0.000526071
845 0.000497758
846 0.000519216
847 0.000634134
848 0.000601768
849 0.000680745
850 0.0007025
851 0.000684142
852 0.00075233
853 0.000744283
854 0.000798583
855 0.000790119
856 0.000845015
857 0.000841141
858 0.000893176
859 0.00102985
860 0.000905991
861 0.000961661
862 0.000935853
863 0.000892818
864 0.000847518
865 0.000807941
866 0.000786006
867 0.000833809
868 0.000786424
869 0.000722826
870 0.000756502
871 0.000676572
872 0.000663579
873 0.000622153
874 0.000591159
875 0.000539541
876 0.000638545
877 0.000569701
878 0.000599682
879 0.000578642
880 0.000549912
881 0.000686347
882 0.000600874
883 0.000683308
884 0.000594497
885 0.000594556
886 0.000579536
887 0.000456095
888 0.000459135
889 0.000515521
890 0.000452518
891 0.000346601
892 0.000406444
893 0.00039351
894 0.000350177
895 0.000404835
896 0.000463963
897 0.000460505
898 0.000422955
899 0.000468016
900 0.000485778
901 0.000508487
902 0.000481427
903 0.000549793
904 0.000515521
905 0.000455499
906 0.000458837
907 0.000503421
908 0.000423312
909 0.000423968
910 0.000346005
911 0.000320017
912 0.000382185
913 0.000306189
914 0.000298858
915 0.000344992
916 0.000297844
917 0.000291288
918 0.000285685
919 0.000271797
920 0.000222445
921 0.000229537
922 0.000241816
923 0.000182748
924 0.000190556
925 9.36389e-05
926 9.0003e-06
927 9.47118e-05
928 1.40071e-05
929 -5.86212e-05
930 -2.53618e-05
931 -8.08835e-05
932 -6.7085e-05
933 -0.000140578
934 -0.000139266
935 -0.000133604
936 -0.000220299
937 -0.00017494
938 -0.000197172
939 -0.000157237
940 -0.000108331
941 -0.000255734
942 -0.000245512
943 -0.000264972
944 -0.000294805
945 -0.000352383
946 -0.000359416
947 -0.000416636
948 -0.000419855
949 -0.000379533
950 -0.000452936
951 -0.000470549
952 -0.000469208
953 -0.00053516
954 -0.000511467
955 -0.000541598
956 -0.000549465
957 -0.000598818
958 -0.00066492
959 -0.000644505
960 -0.000632256
961 -0.000644833
962 -0.000685841
963 -0.000710398
964 -0.000787735
965 -0.000875384
966 -0.00094831
967 -0.00100589
968 -0.00100282
969 -0.00110626
970 -0.00105524
971 -0.00115305
972 -0.00128764
973 -0.00126192
974 -0.00131407
975 -0.0013845
976 -0.00143704
977 -0.00145468
978 -0.00146472
979 -0.00149351
980 -0.00153744
981 -0.00152251
982 -0.00154424
983 -0.00156039
984 -0.00162229
985 -0.00171182
986 -0.00170609
987 -0.00173077
988 -0.00173041
989 -0.0017733
990 -0.00177076
991 -0.00175515
992 -0.00176591
993 -0.00174075
994 -0.00171649
995 -0.00170135
996 -0.00172469
997 -0.00175071
998 -0.00177273
999 -0.00177613
1000 -0.00170553
1001 -0.00170493
1002 -0.00171405
1003 -0.00169396
1004 -0.00175592
1005 -0.0017691
1006 -0.0018287
1007 -0.0018349
1008 -0.00186485
1009 -0.00182417
1010 -0.00183722
1011 -0.00181592
1012 -0.00184214
1013 -0.00177222
1014 -0.00176227
1015 -0.00181133
1016 -0.00184464
1017 -0.00184122
1018 -0.00181726
1019 -0.00183085
1020 -0.00192192
1021 -0.00198272
1022 -0.00201625
1023 -0.00194517
1024 -0.00192034
1025 -0.00189453
1026 -0.00188869
1027 -0.00184071
1028 -0.00183746
1029 -0.0017893
1030 -0.00178882
1031 -0.00174287
1032 -0.00173759
1033 -0.00172818
1034 -0.00165322
1035 -0.00166366
1036 -0.00164354
1037 -0.00156933
1038 -0.00149581
1039 -0.00149682
1040 -0.00141799
1041 -0.00146577
1042 -0.00149354
1043 -0.00149545
1044 -0.00144082
1045 -0.00138593
1046 -0.00132415
1047 -0.0012835
1048 -0.00133008
1049 -0.0013549
1050 -0.00131607
1051 -0.00133857
1052 -0.00124696
1053 -0.00123775
1054 -0.00111818
1055 -0.00113553
1056 -0.00110582
1057 -0.00105974
1058 -0.0010787
1059 -0.00101757
1060 -0.000922948
1061 -0.000849783
1062 -0.000840843
1063 -0.00086841
1064 -0.000856042
1065 -0.000807166
1066 -0.000799775
1067 -0.000680357
1068 -0.000622064
1069 -0.000557661
1070 -0.000502855
1071 -0.000521779
1072 -0.000525534
1073 -0.000503391
1074 -0.00043726
1075 -0.000362605
1076 -0.000447482
1077 -0.000421703
1078 -0.000439852
1079 -0.000488043
1080 -0.000445485
1081 -0.000505626
1082 -0.000549972
1083 -0.000577003
1084 -0.000634313
1085 -0.000718057
1086 -0.00069803
1087 -0.00069043
1088 -0.000757068
1089 -0.000798285
1090 -0.000812382
1091 -0.000844061
1092 -0.000842601
1093 -0.000819355
1094 -0.000744402
1095 -0.000701904
1096 -0.000528246
1097 -0.000544041
1098 -0.000601828
1099 -0.000572532
1100 -0.000633687
1101 -0.000569642
1102 -0.000559866
1103 -0.000548601
1104 -0.000518411
1105 -0.000483602
1106 -0.000448078
1107 -0.000507891
1108 -0.000554562
1109 -0.000565588
1110 -0.000537395
1111 -0.00051719
1112 -0.000526637
1113 -0.000525236
1114 -0.000479966
1115 -0.000540972
1116 -0.000520974
1117 -0.000543207
1118 -0.000551581
1119 -0.000451416
1120 -0.00040105
1121 -0.000437975
1122 -0.000342786
1123 -0.000454247
1124 -0.00042513
1125 -0.000408888
1126 -0.000350714
1127 -0.000450194
1128 -0.000493765
1129 -0.00043571
1130 -0.000488847
1131 -0.00058201
1132 -0.000562102
1133 -0.000553131
1134 -0.00060761
1135 -0.000659645
1136 -0.00069055
1137 -0.000692397
1138 -0.000717342
1139 -0.000585467
1140 -0.000624061
1141 -0.000619918
1142 -0.000715703
1143 -0.000703663
1144 -0.000687122
1145 -0.000683874
1146 -0.000684381
1147 -0.000691742
1148 -0.000815868
1149 -0.000895768
1150 -0.000906229
1151 -0.000903428
1152 -0.000910968
1153 -0.000847876
1154 -0.000842601
1155 -0.000905305
1156 -0.000899732
1157 -0.000971556
1158 -0.000922829
1159 -0.00102463
1160 -0.000979543
1161 -0.000986367
1162 -0.000862569
1163 -0.000941247
1164 -0.000965297
1165 -0.000966698
1166 -0.000948876
1167 -0.00100857
1168 -0.00106409
1169 -0.00111452
1170 -0.0010854
1171 -0.00124109
1172 -0.00124982
1173 -0.00122321
1174 -0.00116575
1175 -0.0012314
1176 -0.00119555
1177 -0.00129029
1178 -0.0013335
1179 -0.00138104
1180 -0.00137895
1181 -0.00137287
1182 -0.00138372
1183 -0.0013521
1184 -0.0012925
1185 -0.0013006
1186 -0.00128552
1187 -0.00130698
1188 -0.00135323
1189 -0.00133523
1190 -0.00132588
1191 -0.00144851
1192 -0.00140062
1193 -0.00139159
1194 -0.00154221
1195 -0.00155726
1196 -0.00169003
1197 -0.00173905
1198 -0.00168145
1199 -0.00173646
1200 -0.00178844
1201 -0.00182948
1202 -0.00184453
1203 -0.00185755
1204 -0.00186238
1205 -0.0018225
1206 -0.00192559
1207 -0.00184751
1208 -0.00187597
1209 -0.00190416
1210 -0.00191492
1211 -0.00191486
1212 -0.00185233
1213 -0.00187659
1214 -0.0019564
1215 -0.00201297
1216 -0.00200158
1217 -0.00200698
1218 -0.00207928
1219 -0.00210673
1220 -0.00212878
1221 -0.00215504
1222 -0.00223503
1223 -0.00216374
1224 -0.00222841
1225 -0.00215825
1226 -0.00209484
1227 -0.00203219
1228 -0.00204486
1229 -0.0020076
1230 -0.0019491
1231 -0.00201383
1232 -0.00197023
1233 -0.00187364
1234 -0.0018346
1235 -0.0018208
1236 -0.00179288
1237 -0.00177345
1238 -0.00169477
1239 -0.00164199
1240 -0.00153452
1241 -0.00150976
1242 -0.00141624
1243 -0.00144958
1244 -0.00130832
1245 -0.00125685
1246 -0.001304
1247 -0.00124225
1248 -0.00126794
1249 -0.00129297
1250 -0.00127891
1251 -0.00124583
1252 -0.00122538
1253 -0.00125235
1254 -0.00118965
1255 -0.00124013
1256 -0.00123656
1257 -0.00112769
1258 -0.00120258
1259 -0.00111774
1260 -0.00105777
1261 -0.00108248
1262 -0.00100726
1263 -0.000977308
1264 -0.000985712
1265 -0.000985473
1266 -0.000921935
1267 -0.000889957
1268 -0.00086543
1269 -0.000855833
1270 -0.000867039
1271 -0.000733405
1272 -0.000747621
1273 -0.000787497
1274 -0.000733018
1275 -0.000781208
1276 -0.000768602
1277 -0.000748336
1278 -0.000746876
1279 -0.000782341
1280 -0.000743508
1281 -0.000767469
1282 -0.000759065
1283 -0.000772327
1284 -0.000717223
1285 -0.000774115
1286 -0.000704885
1287 -0.000805974
1288 -0.000849396
1289 -0.000914037
1290 -0.000882924
1291 -0.0009
1292 -0.000851184
1293 -0.000854015
1294 -0.000921279
1295 -0.00094372
1296 -0.00084886
1297 -0.000807136
1298 -0.000779122
1299 -0.000763088
1300 -0.000849962
1301 -0.00092873
1302 -0.000908792
1303 -0.00100064
1304 -0.00094986
1305 -0.000932068
1306 -0.000921041
1307 -0.000982642
1308 -0.000977874
1309 -0.00103092
1310 -0.00105324
1311 -0.00110945
1312 -0.00114411
1313 -0.00116086
1314 -0.00112998
1315 -0.00115514
1316 -0.00116995
1317 -0.00122792
1318 -0.00128573
1319 -0.00135237
1320 -0.00132546
1321 -0.00131533
1322 -0.00129971
1323 -0.00127846
1324 -0.00128776
1325 -0.00126812
1326 -0.00124744
1327 -0.00117671
1328 -0.00122315
1329 -0.00119191
1330 -0.00126645
1331 -0.00129154
1332 -0.00129858
1333 -0.00135326
1334 -0.00140408
1335 -0.00143692
1336 -0.00151554
1337 -0.00140858
1338 -0.00139868
1339 -0.00142452
1340 -0.00134158
1341 -0.00129297
1342 -0.00124794
1343 -0.00120631
1344 -0.00121289
1345 -0.00128791
1346 -0.00122938
1347 -0.00129968
1348 -0.00130627
1349 -0.00133941
1350 -0.00131699
1351 -0.00129399
1352 -0.00132674
1353 -0.00127766
1354 -0.00124818
1355 -0.0013485
1356 -0.00130817
1357 -0.00131288
1358 -0.0012722
1359 -0.00134963
1360 -0.00138262
1361 -0.0014264
1362 -0.00135943
1363 -0.00133047
1364 -0.00141183
1365 -0.00140479
1366 -0.00140437
1367 -0.00147745
1368 -0.0014528
1369 -0.00133875
1370 -0.0012989
1371 -0.00129259
1372 -0.00124997
1373 -0.00125456
1374 -0.00124991
1375 -0.00124431
1376 -0.00120741
1377 -0.00117475
1378 -0.00122657
1379 -0.00127003
1380 -0.00128317
1381 -0.00130153
1382 -0.00125897
1383 -0.0012033
1384 -0.00121558
1385 -0.00123718
1386 -0.00119609
1387 -0.00120196
1388 -0.00117365
1389 -0.00112215
1390 -0.00111166
1391 -0.00106108
1392 -0.000989586
1393 -0.00102451
1394 -0.000937343
1395 -0.000992119
1396 -0.000994533
1397 -0.000963598
1398 -0.000975311
1399 -0.00103801
1400 -0.000909448
1401 -0.0010075
1402 -0.000965685
1403 -0.000948608
1404 -0.000995815
1405 -0.000992477
1406 -0.00101593
1407 -0.00095579
1408 -0.000995666
1409 -0.00103498
1410 -0.00102821
1411 -0.00103197
1412 -0.00106803
1413 -0.00110111
1414 -0.000996768
1415 -0.00110534
1416 -0.00108054
1417 -0.00117087
1418 -0.00108272
1419 -0.00112835
1420 -0.00113121
1421 -0.00112313
1422 -0.00104058
1423 -0.00108621
1424 -0.00103104
1425 -0.00106707
1426 -0.00107569
1427 -0.00109982
1428 -0.000981063
1429 -0.00104442
1430 -0.000901401
1431 -0.000954568
1432 -0.000940561
1433 -0.000960797
1434 -0.000989556
1435 -0.000849545
1436 -0.000839472
1437 -0.000734061
1438 -0.000676692
1439 -0.000561595
1440 -0.000532776
1441 -0.000524044
1442 -0.000490755
1443 -0.000493318
1444 -0.000440568
1445 -0.000556707
1446 -0.000515699
1447 -0.000477403
1448 -0.00037393
1449 -0.000436962
1450 -0.000473052
1451 -0.000451922
1452 -0.000312656
1453 -0.00030756
1454 -0.000281155
1455 -0.000228256
1456 -0.00030455
1457 -0.000242233
1458 -0.00028044
1459 -0.000266284
1460 -0.000250608
1461 -0.000212759
1462 -0.000217408
1463 -0.000234514
1464 -0.000251263
1465 -0.00033918
1466 -0.000262529
1467 -0.00031817
1468 -0.000354409
1469 -0.000332624
1470 -0.000274241
1471 -0.000256568
1472 -0.000207216
1473 -0.000158638
1474 -0.000166893
1475 -0.000181079
1476 -0.000168383
1477 -0.000200272
1478 -0.000143439
1479 -9.59337e-05
1480 -7.07805e-05
1481 5.62072e-05
1482 3.72529e-05
1483 0.000114501
1484 9.82285e-05
1485 0.000149667
1486 0.000236154
1487 0.000243545
1488 0.000186741
1489 0.000303745
1490 0.00038296
1491 0.000391304
1492 0.000343084
1493 0.000446916
1494 0.000467777
1495 0.00051266
1496 0.000439346
1497 0.000368595
1498 0.000375211
1499 0.000347376
1500 0.000476122
1501 0.000473022
1502 0.00042659
1503 0.000336647
1504 0.000335574
1505 0.000254631
1506 0.000305891
1507 0.000349939
1508 0.000373185
1509 0.000368834
1510 0.000362396
1511 0.000495434
1512 0.000448644
1513 0.000486493
1514 0.000470102
1515 0.000436604
1516 0.000520408
1517 0.00059557
1518 0.000660002
1519 0.000703454
1520 0.000787318
1521 0.000719786
1522 0.000723004
1523 0.000708938
1524 0.000748456
1525 0.000861466
1526 0.000790179
1527 0.000798047
1528 0.000724256
1529 0.000620842
1530 0.000779152
1531 0.000883996
1532 0.000851452
1533 0.000838041
1534 0.00090307
1535 0.000889838
1536 0.000881612
1537 0.000883818
1538 0.000906885
1539 0.000989497
1540 0.00101179
1541 0.00097096
1542 0.000946164
1543 0.000974298
1544 0.00102901
1545 0.00101101
1546 0.000984192
1547 0.000950813
1548 0.000972807
1549 0.0010848
1550 0.00108522
1551 0.0010373
1552 0.00102943
1553 0.00101537
1554 0.000965774
1555 0.000934184
1556 0.000910878
1557 0.000899494
1558 0.000883818
1559 0.000820756
1560 0.000875235
1561 0.000780582
1562 0.000727296
1563 0.000703633
1564 0.000651062
1565 0.000715911
1566 0.000692725
1567 0.000652671
1568 0.000581026
1569 0.000505388
1570 0.00046593
1571 0.000481606
1572 0.000458121
1573 0.000455678
1574 0.000454187
1575 0.000499725
1576 0.000466049
1577 0.000435293
1578 0.000395238
1579 0.000352502
1580 0.000382245
1581 0.000401676
1582 0.000385165
1583 0.000400007
1584 0.00039506
1585 0.000427961
1586 0.000463545
1587 0.000488639
1588 0.000515044
1589 0.00044626
1590 0.000495851
1591 0.000500798
1592 0.000534236
1593 0.000459015
1594 0.000499189
1595 0.000537455
1596 0.000541747
1597 0.000531912
1598 0.000521183
1599 0.000552475
1600 0.000482738
1601 0.000551999
1602 0.000551105
1603 0.000561357
1604 0.0006271
1605 0.000667036
1606 0.000691295
1607 0.000576437
1608 0.00055635
1609 0.000506699
1610 0.000537455
1611 0.000624061
1612 0.000587106
1613 0.000576615
1614 0.000642121
1615 0.000663221
1616 0.00074774
1617 0.000653982
1618 0.000748217
1619 0.000769794
1620 0.000810623
1621 0.000855982
1622 0.000820994
1623 0.000814319
1624 0.000983775
1625 0.00105172
1626 0.00113738
1627 0.00113481
1628 0.0012241
1629 0.00123364
1630 0.00124913
1631 0.00127375
1632 0.00135046
1633 0.00135916
1634 0.0014115
1635 0.00142407
1636 0.00141907
1637 0.00136244
1638 0.00139022
1639 0.00139594
1640 0.00139195
1641 0.00144786
1642 0.00146639
1643 0.00152981
1644 0.00154781
1645 0.00155967
1646 0.00156641
1647 0.00159156
1648 0.00155789
1649 0.00160313
1650 0.00163984
1651 0.00168002
1652 0.00164866
1653 0.00170672
1654 0.00173903
1655 0.00175595
1656 0.00169587
1657 0.00179863
1658 0.00184643
1659 0.00202113
1660 0.00207138
1661 0.00203419
1662 0.00206429
1663 0.00210756
1664 0.00216365
1665 0.00216556
1666 0.00221378
1667 0.00214404
1668 0.00215757
1669 0.00216293
1670 0.00219685
1671 0.00216645
1672 0.00227398
1673 0.00230694
1674 0.00230354
1675 0.00230199
1676 0.00217772
1677 0.00222123
1678 0.00217491
1679 0.002222
1680 0.0022341
1681 0.00228947
1682 0.00228065
1683 0.00230885
1684 0.00227869
1685 0.00217611
1686 0.00210989
1687 0.00207144
1688 0.00218099
1689 0.00219834
1690 0.00228935
1691 0.00218672
1692 0.00215691
1693 0.00218719
1694 0.00222051
1695 0.00216228
1696 0.00214714
1697 0.0021385
1698 0.00218844
1699 0.00216568
1700 0.00212693
1701 0.00203907
1702 0.00188071
1703 0.0018056
1704 0.00171298
1705 0.00155175
1706 0.00160009
1707 0.00156474
1708 0.00151527
1709 0.00154072
1710 0.00152093
1711 0.00142336
1712 0.00142956
1713 0.00140494
1714 0.00139415
1715 0.00131738
1716 0.00125843
1717 0.001311
1718 0.00123364
1719 0.00121379
1720 0.00116444
1721 0.00120914
1722 0.0011723
1723 0.00108606
1724 0.0010528
1725 0.00104523
1726 0.00100595
1727 0.00105149
1728 0.00100178
1729 0.000839174
1730 0.000828505
1731 0.000806034
1732 0.00088352
1733 0.000871956
1734 0.000805736
1735 0.000828803
1736 0.000864029
1737 0.000900924
1738 0.000935912
1739 0.00092721
1740 0.000904024
1741 0.000967562
1742 0.000861704
1743 0.000836968
1744 0.000895143
1745 0.000843585
1746 0.000883162
1747 0.000898719
1748 0.000941694
1749 0.000861943
1750 0.000834346
1751 0.000862062
1752 0.000895143
1753 0.000886202
1754 0.000823438
1755 0.000814259
1756 0.000824153
1757 0.00079
1758 0.000678241
1759 0.000688076
1760 0.000586867
1761 0.000491679
1762 0.000414729
1763 0.00036335
1764 0.000337601
1765 0.000243247
1766 0.000182867
1767 0.000132382
1768 0.00014472
1769 7.24196e-05
1770 7.75456e-05
1771 4.58956e-05
1772 1.96099e-05
1773 1.72853e-05
1774 -4.10378e-05
1775 6.31809e-06
1776 3.50475e-05
1777 2.92063e-05
1778 -3.1203e-05
1779 9.5129e-05
1780 0.000105679
1781 0.000102818
1782 0.000133336
1783 0.000218749
1784 0.000182569
1785 0.000186563
1786 7.76649e-05
1787 5.66244e-06
1788 7.689e-06
1789 -9.97186e-05
1790 -8.78572e-05
1791 -0.000127703
1792 -0.00013271
1793 -0.000133723
1794 -0.000217348
1795 -0.000235468
1796 -0.000222027
1797 -0.000294149
1798 -0.000376612
1799 -0.000538617
1800 -0.000563443
1801 -0.000536025
1802 -0.000574023
1803 -0.000623614
1804 -0.000666469
1805 -0.00071767
1806 -0.000760227
1807 -0.000686049
1808 -0.00065881
1809 -0.000585705
1810 -0.00066185
1811 -0.000745267
1812 -0.000715166
1813 -0.000669628
1814 -0.000644803
1815 -0.000590384
1816 -0.000665367
1817 -0.000582427
1818 -0.000637025
1819 -0.000599533
1820 -0.000673473
1821 -0.000740141
1822 -0.000744939
1823 -0.000756592
1824 -0.000797182
1825 -0.00075534
1826 -0.000775158
1827 -0.000701576
1828 -0.000764161
1829 -0.000739902
1830 -0.000685215
1831 -0.00056228
1832 -0.000583529
1833 -0.000577062
1834 -0.000509679
1835 -0.000528038
1836 -0.000547081
1837 -0.000537366
1838 -0.000475496
1839 -0.000372201
1840 -0.000424445
1841 -0.000328511
1842 -0.000311196
1843 -0.00022161
1844 -0.000265509
1845 -0.000211269
1846 -0.000177562
1847 -0.000167102
1848 -0.000115424
1849 -0.000197887
1850 -0.000143647
1851 -0.000222594
1852 -0.000154018
1853 -0.000141203
1854 -0.000193983
1855 -0.000248939
1856 -0.000238538
1857 -0.000286758
1858 -0.00031814
1859 -0.000381231
1860 -0.000323623
1861 -0.000297546
1862 -0.000294566
1863 -0.000382125
1864 -0.000388563
1865 -0.00041309
1866 -0.000379831
1867 -0.000347286
1868 -0.000352472
1869 -0.00031805
1870 -0.000236809
1871 -0.000171542
1872 -0.000105917
1873 -8.25822e-05
1874 -0.000103027
1875 -0.000141948
1876 -0.000170887
1877 -0.000159442
1878 -0.00016886
1879 -0.000146538
1880 -0.000147521
1881 -0.000277519
1882 -0.000267982
1883 -0.000270426
1884 -0.000284165
1885 -0.000372946
1886 -0.000233144
1887 -0.00028348
1888 -0.000273675
1889 -0.000276089
1890 -0.000223041
1891 -0.000159204
1892 -0.000151396
1893 -0.000196129
1894 -0.000181317
1895 -0.000262618
1896 -0.000202209
1897 -0.000164479
1898 -0.000197977
1899 -0.000233233
1900 -0.000209123
1901 -0.00026384
1902 -0.000286698
1903 -0.000336766
1904 -0.000379562
1905 -0.000411272
1906 -0.000410616
1907 -0.000404626
1908 -0.000377238
1909 -0.000308275
1910 -0.000178337
1911 -0.000197709
1912 -0.000240117
1913 -0.00033471
1914 -0.000286192
1915 -0.00028944
1916 -0.00019294
1917 -0.000200272
1918 -0.000122398
1919 -8.6695e-05
1920 -9.42945e-05
1921 -0.000159621
1922 -8.62479e-05
1923 -0.000143558
1924 -6.89328e-05
1925 -0.000130773
1926 -6.56247e-05
1927 2.8789e-05
1928 5.91874e-05
1929 0.000103593
1930 0.000145853
1931 0.000151038
1932 0.000174284
1933 0.000177205
1934 0.000131845
1935 0.000189066
1936 6.33001e-05
1937 6.3777e-05
1938 -8.29995e-05
1939 -1.40667e-05
1940 -7.02143e-05
1941 1.43051e-06
1942 2.44379e-06
1943 -7.30157e-06
1944 -3.62396e-05
1945 2.86102e-06
1946 2.77162e-05
1947 -2.5779e-05
1948 -8.40425e-05
1949 5.78165e-06
1950 -9.44734e-06
1951 3.93391e-06
1952 3.17097e-05
1953 8.9407e-05
1954 6.56247e-05
1955 0.000169277
1956 0.000168443
1957 0.000105977
1958 0.000154436
1959 0.000148118
1960 0.000169516
1961 0.000197232
1962 0.000153959
1963 9.02414e-05
1964 0.000136733
1965 5.41806e-05
1966 4.52995e-05
1967 -3.23653e-05
1968 -0.000104278
1969 -7.64728e-05
1970 -0.000153869
1971 -0.000118285
1972 -9.13739e-05
1973 -8.32677e-05
1974 -2.61664e-05
1975 -2.79844e-05
1976 -6.03795e-05
1977 -0.000161171
1978 -0.000156105
1979 -0.000127673
1980 -0.000199139
1981 -0.000212818
1982 -0.000268221
1983 -0.000277996
1984 -0.000287563
1985 -0.000385523
1986 -0.000377506
1987 -0.000484318
1988 -0.000483543
1989 -0.000447065
1990 -0.000428498
1991 -0.00047794
1992 -0.000427127
1993 -0.000513643
1994 -0.000602394
1995 -0.000536442
1996 -0.000625461
1997 -0.000584781
1998 -0.000502318
1999 -0.000518084
2000 -0.000623286
2001 -0.000507802
2002 -0.000538319
2003 -0.000556976
2004 -0.000571549
2005 -0.000671327
2006 -0.000659347
2007 -0.000629336
2008 -0.000629336
2009 -0.000553071
2010 -0.000525326
2011 -0.000534177
2012 -0.000628322
2013 -0.000581384
2014 -0.000587106
2015 -0.000522614
2016 -0.000573575
2017 -0.000609308
2018 -0.000499606
2019 -0.000443727
2020 -0.000486821
2021 -0.000494301
2022 -0.000557691
2023 -0.000526279
2024 -0.000518441
2025 -0.000474423
2026 -0.000425577
2027 -0.000328362
2028 -0.000336766
2029 -0.000311852
2030 -0.000474989
2031 -0.000513792
2032 -0.000430644
2033 -0.000468343
2034 -0.000406325
2035 -0.000456363
2036 -0.000408292
2037 -0.000567347
2038 -0.000586361
2039 -0.000552535
2040 -0.000574797
2041 -0.000515729
2042 -0.000618964
2043 -0.000650972
2044 -0.00060299
2045 -0.000635594
2046 -0.000673771
2047 -0.000624835
2048 -0.000660777
2049 -0.000709206
2050 -0.00071007
2051 -0.000593245
2052 -0.000636846
2053 -0.000690758
2054 -0.000729412
2055 -0.000801593
2056 -0.000793636
2057 -0.000704706
2058 -0.000773221
2059 -0.000757933
2060 -0.000662804
2061 -0.000598878
2062 -0.000541419
2063 -0.000475705
2064 -0.000399172
2065 -0.000350684
2066 -0.000342697
2067 -0.000363648
2068 -0.000366658
2069 -0.000268996
2070 -0.000295967
2071 -0.000255048
2072 -0.000223577
2073 -0.000195324
2074 -0.000173628
2075 -0.00014773
2076 -0.000176013
2077 -0.000185788
2078 -0.000208378
2079 -0.000103086
2080 1.26362e-05
2081 -6.81281e-05
2082 -3.15011e-05
2083 2.71797e-05
2084 4.32134e-05
2085 3.98159e-05
2086 -2.63453e-05
2087 1.77026e-05
2088 -6.67572e-05
2089 2.12789e-05
2090 5.05447e-05
2091 9.21488e-05
2092 3.62396e-05
2093 8.57115e-05
2094 2.66433e-05
2095 6.27041e-05
2096 0.000129819
2097 3.74317e-05
2098 4.34518e-05
2099 2.43187e-05
2100 2.09212e-05
2101 0.000102997
2102 6.9499e-05
2103 0.00013268
2104 0.000176549
2105 0.000202954
2106 8.95262e-05
2107 3.32594e-05
2108 9.52482e-05
2109 0.000176609
2110 7.28965e-05
2111 0.000199258
2112 0.000237763
2113 0.000147104
2114 0.00014168
2115 0.000206172
2116 0.000162065
2117 0.000103951
2118 0.00011915
2119 0.000157952
2120 3.88026e-05
2121 7.18832e-05
2122 1.19209e-05
2123 7.09295e-05
2124 8.82149e-06
2125 2.15769e-05
2126 -3.42727e-06
2127 -7.62641e-05
2128 -9.0301e-06
2129 2.563e-06
2130 5.43594e-05
2131 4.32134e-05
2132 2.78354e-05
2133 -1.42455e-05
2134 5.126e-05
2135 2.82526e-05
2136 -6.25253e-05
2137 -6.76215e-05
2138 -0.000146359
2139 -9.94205e-05
2140 -0.000109881
2141 -0.000208855
2142 -0.000264555
2143 -0.000124514
2144 -0.000142008
2145 -0.000140458
2146 -0.000165343
2147 -8.86023e-05
2148 -8.80659e-05
2149 -9.16123e-05
2150 -7.77841e-06
2151 -4.24683e-05
2152 -9.54866e-05
2153 -0.00013411
2154 -0.000101417
2155 -0.000102311
2156 -0.000130355
2157 -5.80549e-05
2158 -5.98729e-05
2159 -2.02358e-05
2160 -3.68953e-05
2161 -0.00016281
2162 -0.000122666
2163 -0.000159711
2164 -0.00010699
2165 -9.90629e-05
2166 -0.000100195
2167 -3.86536e-05
2168 -0.000125915
2169 -0.000181228
2170 -0.00019753
2171 -0.000208855
2172 -0.000249386
2173 -0.000318438
2174 -0.000274718
2175 -0.000301033
2176 -0.00026685
2177 -0.000308365
2178 -0.000291348
2179 -0.000406891
2180 -0.00042823
2181 -0.000443518
2182 -0.000525713
2183 -0.000476152
2184 -0.000508755
2185 -0.000542432
2186 -0.000645101
2187 -0.000653654
2188 -0.000691116
2189 -0.000690222
2190 -0.00069201
2191 -0.000726014
2192 -0.00068745
2193 -0.000655591
2194 -0.000586659
2195 -0.000520557
2196 -0.000451952
2197 -0.000375837
2198 -0.000353485
2199 -0.000290096
2200 -0.000263423
2201 -0.000238031
2202 -9.63211e-05
2203 -0.00013268
2204 -0.000196874
2205 -0.000284582
2206 -0.000327379
2207 -0.000258058
2208 -0.000226557
2209 -0.000127941
2210 -0.000168264
2211 -0.000103831
2212 -0.000103056
2213 3.48687e-05
2214 -4.70877e-06
2215 -1.90437e-05
2216 2.63453e-05
2217 0.000138342
2218 0.000257492
2219 0.000285983
2220 0.000273883
2221 0.000334799
2222 0.00031805
2223 0.00035125
2224 0.000389516
2225 0.000400364
2226 0.000484824
2227 0.000503838
2228 0.000535309
2229 0.000533342
2230 0.000521481
2231 0.000517726
2232 0.000551045
2233 0.0005849
2234 0.000621021
2235 0.000658929
2236 0.00074178
2237 0.000815868
2238 0.000830293
2239 0.000769258
2240 0.000695348
2241 0.000708342
2242 0.000715733
2243 0.000604212
2244 0.000541806
2245 0.000555456
2246 0.000582457
2247 0.00055021
2248 0.000562727
2249 0.000577152
2250 0.00057739
2251 0.000523806
2252 0.000488818
2253 0.000583231
2254 0.000538349
2255 0.00055182
2256 0.000563204
2257 0.000524461
2258 0.00061065
2259 0.000682592
2260 0.000585437
2261 0.000652134
2262 0.000715077
2263 0.000758767
2264 0.000733852
2265 0.000731468
2266 0.000734508
2267 0.000707924
2268 0.000746965
2269 0.000740409
2270 0.000785708
2271 0.000785053
2272 0.000736356
2273 0.000752389
2274 0.000693679
2275 0.000726402
2276 0.000725567
2277 0.000723243
2278 0.000740647
2279 0.000741005
2280 0.000793755
2281 0.000839889
2282 0.000850081
2283 0.000901103
2284 0.000823557
2285 0.000825047
2286 0.000899494
2287 0.000989735
2288 0.0010159
2289 0.00108856
2290 0.00113386
2291 0.00114912
2292 0.00110418
2293 0.00119907
2294 0.0013386
2295 0.00130904
2296 0.0013867
2297 0.00142086
2298 0.00155783
2299 0.00149453
2300 0.00150126
2301 0.00153005
2302 0.00158972
2303 0.00151974
2304 0.00155938
2305 0.00167412
2306 0.00164396
2307 0.00174636
2308 0.00171906
2309 0.00163662
2310 0.00169593
2311 0.00169063
2312 0.00166529
2313 0.00164211
2314 0.00169629
2315 0.00174177
2316 0.00173026
2317 0.00177014
2318 0.00180691
2319 0.00187653
2320 0.00196058
2321 0.00201827
2322 0.00197196
2323 0.00199968
2324 0.00198573
2325 0.00200129
2326 0.00204355
2327 0.00210536
2328 0.00207675
2329 0.00202256
2330 0.00201809
2331 0.00196445
2332 0.00193673
2333 0.00185513
2334 0.00186831
2335 0.0017789
2336 0.00184119
2337 0.00185663
2338 0.00189567
2339 0.00182056
2340 0.00173324
2341 0.00174338
2342 0.00166106
2343 0.00158155
2344 0.00150335
2345 0.00147176
2346 0.00140232
2347 0.00145471
2348 0.00152832
2349 0.00155854
2350 0.00164002
2351 0.00161809
2352 0.00169718
2353 0.00163817
2354 0.00169748
2355 0.00163001
2356 0.00162226
2357 0.00157887
2358 0.00161135
2359 0.00161391
2360 0.00161511
2361 0.00152689
2362 0.00154376
2363 0.00151622
2364 0.00158107
2365 0.00155663
2366 0.00161219
2367 0.00163978
2368 0.00160289
2369 0.00157082
2370 0.00160122
2371 0.00156963
2372 0.00156814
2373 0.00151771
2374 0.00148588
2375 0.00139654
2376 0.00132489
2377 0.00126809
2378 0.00126231
2379 0.00122899
2380 0.001288
2381 0.00137401
2382 0.00141555
2383 0.00145233
2384 0.00152755
2385 0.00150442
2386 0.00142175
2387 0.00144005
2388 0.00138259
2389 0.00141251
2390 0.0014503
2391 0.00145859
2392 0.00150687
2393 0.00148028
2394 0.00153244
2395 0.0015254
2396 0.00157613
2397 0.0015704
2398 0.00159466
2399 0.0014835
2400 0.00145584
2401 0.00143772
2402 0.00141126
2403 0.001324
2404 0.00133896
2405 0.00132442
2406 0.00124598
2407 0.00128335
2408 0.00120085
2409 0.00119245
2410 0.00117224
2411 0.00111973
2412 0.000959516
2413 0.00100207
2414 0.000974715
2415 0.000951588
2416 0.000824034
2417 0.00091964
2418 0.00093627
2419 0.00082314
2420 0.000769854
2421 0.000829637
2422 0.000754893
2423 0.000655234
2424 0.000739455
2425 0.000722647
2426 0.00070256
2427 0.000624716
2428 0.000499249
2429 0.000571191
2430 0.000527501
2431 0.000539899
2432 0.0005337
2433 0.000553787
2434 0.000540316
2435 0.000521898
2436 0.000412345
2437 0.000381052
2438 0.000336111
2439 0.000250041
2440 0.000352502
2441 0.000210285
2442 0.00028944
2443 0.000299692
2444 0.000273645
2445 0.000251174
2446 0.000237703
2447 0.000203073
2448 0.000210643
2449 0.000232399
2450 0.000168383
2451 0.000144541
2452 0.000197411
2453 0.000160158
2454 0.000155151
2455 0.000184715
2456 9.38773e-05
2457 5.6386e-05
2458 0.00014472
2459 0.00026691
2460 0.000212073
2461 0.00020206
2462 0.000160515
2463 0.000145435
2464 0.00011307
2465 4.37498e-05
2466 3.88622e-05
2467 2.12193e-05
2468 2.74181e-05
2469 0.000100791
2470 0.000157118
2471 0.000172675
2472 0.000123739
2473 2.47955e-05
2474 3.02196e-05
2475 -2.35736e-05
2476 -3.63588e-05
2477 -1.67787e-05
2478 -3.56138e-05
2479 -4.39286e-05
2480 -6.63996e-05
2481 8.16584e-06
2482 1.99676e-05
2483 7.14064e-05
2484 7.02739e-05
2485 0.000109136
2486 0.000182033
2487 0.000140131
2488 0.000167608
2489 0.000170708
2490 9.03606e-05
2491 7.21216e-05
2492 3.0756e-05
2493 -3.3468e-05
2494 -0.000173211
2495 -0.00018546
2496 -0.00022018
2497 -0.000279754
2498 -0.000342071
2499 -0.000346452
2500 -0.000471771
2501 -0.000407428
2502 -0.000459135
2503 -0.000422657
2504 -0.000497043
2505 -0.000509232
2506 -0.000575542
2507 -0.000554264
2508 -0.000511587
2509 -0.000506788
2510 -0.000504792
2511 -0.000556886
2512 -0.000580937
2513 -0.000493228
2514 -0.000487238
2515 -0.000502557
2516 -0.000475854
2517 -0.000512093
2518 -0.00047791
2519 -0.000450343
2520 -0.000578761
2521 -0.000514209
2522 -0.00043422
2523 -0.00039646
2524 -0.000444978
2525 -0.000383288
2526 -0.000311494
2527 -0.000252694
2528 -0.000249982
2529 -0.000185281
2530 -0.000122726
2531 -3.71337e-05
2532 6.38962e-05
2533 0.000101507
2534 0.000169218
2535 0.000206172
2536 0.000204504
2537 0.000225544
2538 0.000203788
2539 0.000331402
2540 0.000368118
2541 0.000388205
2542 0.000411093
2543 0.000462115
2544 0.000400662
2545 0.00046587
2546 0.000560403
2547 0.000473201
2548 0.000509381
2549 0.000510633
2550 0.000463963
2551 0.000429451
2552 0.000403464
2553 0.000395358
2554 0.000346363
2555 0.000367105
2556 0.000398517
2557 0.000482321
2558 0.000500381
2559 0.000401855
2560 0.000386536
2561 0.000403821
2562 0.000486791
2563 0.000438333
2564 0.000332534
2565 0.000362277
2566 0.000347137
2567 0.000290513
2568 0.000210285
2569 0.000269771
2570 0.00023514
2571 0.000164926
2572 0.000154674
2573 0.000198007
2574 0.000122011
2575 0.000188708
2576 0.000144243
2577 0.000113666
2578 8.39829e-05
2579 0.000126839
2580 6.74725e-05
2581 -6.43432e-05
2582 -1.48714e-05
2583 -9.15229e-05
2584 -5.87702e-05
2585 -6.75619e-05
2586 -0.000146359
2587 -5.50747e-05
2588 4.47035e-06
2589 8.28505e-06
2590 -8.34763e-05
2591 -7.92146e-05
2592 -4.6432e-05
2593 -0.000119567
2594 -0.00016886
2595 -0.000123203
2596 -5.98729e-05
2597 -0.000109285
2598 -9.48906e-05
2599 -0.000179321
2600 -0.000229061
2601 -0.000148624
2602 -0.000257164
2603 -0.000140846
2604 -0.000231028
2605 -0.000254303
2606 -0.000330567
2607 -0.000311047
2608 -0.000269353
2609 -0.000312984
2610 -0.000262409
2611 -0.000166595
2612 -0.000189722
2613 -0.00017041
2614 -7.76649e-05
2615 -8.56519e-05
2616 -0.000142217
2617 -0.00011149
2618 -0.000255913
2619 -0.000214726
2620 -0.000286639
2621 -0.000226378
2622 -0.000339717
2623 -0.000301212
2624 -0.000286669
2625 -0.000320256
2626 -0.000340104
2627 -0.000361651
2628 -0.000289202
2629 -0.00030604
2630 -0.000322074
2631 -0.000261605
2632 -0.000340194
2633 -0.000373811
2634 -0.0004794
2635 -0.000482351
2636 -0.000609994
2637 -0.000688314
2638 -0.000670344
2639 -0.000692308
2640 -0.000586569
2641 -0.00070554
2642 -0.000704169
2643 -0.000773191
2644 -0.000838012
2645 -0.000878245
2646 -0.00093177
2647 -0.000848472
2648 -0.000892758
2649 -0.000961304
2650 -0.00105944
2651 -0.000935465
2652 -0.00103343
2653 -0.0010258
2654 -0.00111517
2655 -0.00116223
2656 -0.00103951
2657 -0.00110614
2658 -0.00114861
2659 -0.00118434
2660 -0.00114536
2661 -0.00106969
2662 -0.00103101
2663 -0.000983894
2664 -0.000892699
2665 -0.000904649
2666 -0.000814319
2667 -0.000778794
2668 -0.000824183
2669 -0.000802994
2670 -0.000725329
2671 -0.000712663
2672 -0.000812143
2673 -0.000800639
2674 -0.000870705
2675 -0.000699311
2676 -0.000713021
2677 -0.000735044
2678 -0.000795931
2679 -0.000782937
2680 -0.000734866
2681 -0.000744253
2682 -0.00079304
2683 -0.000665247
2684 -0.000624478
2685 -0.000673383
2686 -0.000690401
2687 -0.000583231
2688 -0.000455946
2689 -0.000539541
2690 -0.000448108
2691 -0.00048402
2692 -0.00043112
2693 -0.000258684
2694 -0.000241518
2695 -0.000289172
2696 -0.000197321
2697 -0.000268698
2698 -0.000207424
2699 -0.000247777
2700 -0.000365585
2701 -0.000442803
2702 -0.000428677
2703 -0.000453264
2704 -0.000538945
2705 -0.000574738
2706 -0.000583529
2707 -0.000582248
2708 -0.000689983
2709 -0.000673354
2710 -0.000791788
2711 -0.000749767
2712 -0.000724465
2713 -0.000701874
2714 -0.000828534
2715 -0.000862092
2716 -0.000836849
2717 -0.000664204
2718 -0.000704259
2719 -0.000730008
2720 -0.000632316
2721 -0.000625968
2722 -0.000525057
2723 -0.000482857
2724 -0.000406265
2725 -0.000353694
2726 -0.000277907
2727 -0.000302821
2728 -0.000324905
2729 -0.000355005
2730 -0.000320584
2731 -0.000328451
2732 -0.000268102
2733 -0.000241727
2734 -0.000194281
2735 -0.000112921
2736 -5.09322e-05
2737 -3.05474e-05
2738 7.48038e-05
2739 0.000102758
2740 0.00016892
2741 0.000221193
2742 0.000243008
2743 0.000280142
2744 0.000330865
2745 0.00029695
2746 0.000391901
2747 0.000381529
2748 0.000332415
2749 0.000393391
2750 0.000402689
2751 0.000461042
2752 0.000520289
2753 0.000532508
2754 0.000623465
2755 0.000569999
2756 0.000615239
2757 0.000623882
2758 0.000645339
2759 0.00072521
2760 0.000657797
2761 0.0007568
2762 0.000804842
2763 0.000836611
2764 0.000840724
2765 0.000857294
2766 0.000861704
2767 0.000903368
2768 0.000871897
2769 0.000886619
2770 0.000923872
2771 0.000916719
2772 0.000958443
2773 0.000957787
2774 0.000930488
2775 0.00101674
2776 0.00118625
2777 0.00119781
2778 0.00125629
2779 0.00121462
2780 0.00126618
2781 0.00126594
2782 0.00135612
2783 0.0012908
2784 0.00122517
2785 0.00121266
2786 0.00128549
2787 0.00135559
2788 0.00117886
2789 0.00124824
2790 0.00122416
2791 0.00113428
2792 0.00121564
2793 0.00122356
2794 0.00120008
2795 0.00114155
2796 0.000946701
2797 0.000871539
2798 0.000746965
2799 0.000739574
2800 0.000791013
2801 0.00078553
2802 0.000815511
2803 0.000912249
2804 0.000869811
2805 0.000913858
2806 0.000888705
2807 0.000874937
2808 0.000955522
2809 0.00098145
2810 0.000944972
2811 0.00108773
2812 0.00102717
2813 0.00105602
2814 0.00112218
2815 0.00108814
2816 0.00108403
2817 0.00101697
2818 0.00108665
2819 0.00110269
2820 0.00107974
2821 0.0010283
2822 0.00104409
2823 0.000986636
2824 0.00104833
2825 0.000970483
2826 0.0010221
2827 0.00105339
2828 0.00111133
2829 0.00113362
2830 0.00109136
2831 0.00106555
2832 0.00109684
2833 0.00108105
2834 0.00103599
2835 0.00106609
2836 0.00102067
2837 0.00104588
2838 0.000945687
2839 0.00093466
2840 0.000922918
2841 0.00100833
2842 0.00102097
2843 0.000957489
2844 0.000943363
2845 0.000863791
2846 0.000869572
2847 0.000930011
2848 0.000844359
2849 0.000772178
2850 0.000861824
2851 0.000980914
2852 0.00100386
2853 0.00101173
2854 0.000939608
2855 0.00105381
2856 0.00107437
2857 0.00103772
2858 0.00101185
2859 0.000941336
2860 0.000864506
2861 0.000886619
2862 0.000810683
2863 0.000749111
2864 0.000848889
2865 0.000817597
2866 0.000788867
2867 0.000695825
2868 0.000666499
2869 0.000650883
2870 0.000591874
2871 0.00049144
2872 0.000477076
2873 0.0003528
2874 0.000314355
2875 0.000203907
2876 0.000231922
2877 0.000301182
2878 0.000272095
2879 0.000261307
2880 0.00026238
2881 0.000288129
2882 0.000303388
2883 0.000326872
2884 0.000286043
2885 0.000302613
2886 0.000411332
2887 0.000317276
2888 0.00036633
2889 0.000374973
2890 0.000298917
2891 0.000376821
2892 0.000447333
2893 0.000362098
2894 0.000451744
2895 0.000521421
2896 0.000541985
2897 0.000578642
2898 0.000635564
2899 0.000727892
2900 0.000854731
2901 0.000929475
2902 0.000961483
2903 0.00095582
2904 0.00100261
2905 0.000957608
2906 0.00111544
2907 0.00107652
2908 0.00114965
2909 0.00107497
2910 0.00106543
2911 0.00113195
2912 0.00107467
2913 0.00108123
2914 0.00105375
2915 0.00110275
2916 0.00111777
2917 0.00115925
2918 0.00118744
2919 0.00120473
2920 0.00116253
2921 0.00115412
2922 0.00108021
2923 0.00100482
2924 0.0012365
2925 0.00119889
2926 0.00118762
2927 0.00110489
2928 0.00115734
2929 0.00114369
2930 0.00105542
2931 0.001059
2932 0.000981927
2933 0.000980794
2934 0.000914812
2935 0.000913024
2936 0.00100464
2937 0.000987768
2938 0.000987828
2939 0.000965476
2940 0.000860572
2941 0.000875831
2942 0.000855148
2943 0.000894845
2944 0.000809252
2945 0.000825644
2946 0.00077796
2947 0.000725448
2948 0.000677288
2949 0.000665128
2950 0.000623822
2951 0.000624359
2952 0.000634432
2953 0.000455856
2954 0.000429273
2955 0.000416458
2956 0.000424266
2957 0.000361443
2958 0.000453591
2959 0.000441968
2960 0.000380695
2961 0.000347435
2962 0.000200272
2963 0.000194132
2964 0.000167966
2965 8.91685e-05
2966 0.000188112
2967 0.000107348
2968 7.7486e-06
2969 -4.8846e-05
2970 -0.000115871
2971 -0.000320345
2972 -0.000255793
2973 -0.000245512
2974 -0.000260442
2975 -0.000312716
2976 -0.000344843
2977 -0.000326544
2978 -0.000261396
2979 -0.000235677
2980 -0.000345081
2981 -0.000280857
2982 -0.000330448
2983 -0.000412762
2984 -0.000427574
2985 -0.000513613
2986 -0.000460565
2987 -0.000475734
2988 -0.000582457
2989 -0.000504434
2990 -0.00056079
2991 -0.000582337
2992 -0.000657827
2993 -0.000659347
2994 -0.000706315
2995 -0.000737756
2996 -0.000824332
2997 -0.000808686
2998 -0.000832021
2999 -0.000786215
3000 -0.000868499
3001 -0.000860989
3002 -0.000962794
3003 -0.000986814
3004 -0.00101128
3005 -0.000988007
3006 -0.00102317
3007 -0.00105914
3008 -0.00111178
3009 -0.00117013
3010 -0.00125405
3011 -0.00133187
3012 -0.00141793
3013 -0.00137517
3014 -0.00137335
3015 -0.00135434
3016 -0.00137508
3017 -0.00146317
3018 -0.00144187
3019 -0.00141549
3020 -0.00129503
3021 -0.00130099
3022 -0.00130236
3023 -0.00131628
3024 -0.00138566
3025 -0.00136626
3026 -0.00135368
3027 -0.00126404
3028 -0.0012666
3029 -0.00134909
3030 -0.00125417
3031 -0.00131521
3032 -0.00124696
3033 -0.0012199
3034 -0.00124076
3035 -0.0011515
3036 -0.00107008
3037 -0.00113809
3038 -0.00103375
3039 -0.000929832
3040 -0.000949979
3041 -0.000876576
3042 -0.000962466
3043 -0.000897825
3044 -0.000962466
3045 -0.000943333
3046 -0.000948817
3047 -0.000947684
3048 -0.000904948
3049 -0.000857472
3050 -0.000850976
3051 -0.000813365
3052 -0.000816286
3053 -0.000825733
3054 -0.000872403
3055 -0.000847667
3056 -0.000822127
3057 -0.000865936
3058 -0.000879228
3059 -0.000896931
3060 -0.000955343
3061 -0.000861257
3062 -0.000858754
3063 -0.000753134
3064 -0.000690788
3065 -0.000791401
3066 -0.000735164
3067 -0.000675172
3068 -0.00065583
3069 -0.000509113
3070 -0.000380546
3071 -0.000293434
3072 -0.000241756
3073 -0.000160933
3074 -0.000150263
3075 -3.22461e-05
3076 8.83937e-05
3077 6.49691e-05
3078 6.69956e-05
3079 9.47714e-05
3080 7.82013e-05
3081 0.000157058
3082 0.000135064
3083 0.00019747
3084 0.000339985
3085 0.000349522
3086 0.000374734
3087 0.00034982
3088 0.000393629
3089 0.000441074
3090 0.000498056
3091 0.000447452
3092 0.000505269
3093 0.000472426
3094 0.000403583
3095 0.000514328
3096 0.000474572
3097 0.000506461
3098 0.000495315
3099 0.000422716
3100 0.00046289
3101 0.00048095
3102 0.00056529
3103 0.00055176
3104 0.000546396
3105 0.00047034
3106 0.00057888
3107 0.000498891
3108 0.000520647
3109 0.000596225
3110 0.000403225
3111 0.000503778
3112 0.000581622
3113 0.000537634
3114 0.000513196
3115 0.000449061
3116 0.000335038
3117 0.000318646
3118 0.000404239
3119 0.000348926
3120 0.000340283
3121 0.000234723
3122 0.000211835
3123 0.000184894
3124 0.000195682
3125 0.000145733
3126 9.51886e-05
3127 1.53184e-05
3128 0.000105441
3129 8.46386e-06
3130 -7.89762e-06
3131 -2.50936e-05
3132 7.21216e-06
3133 -4.41968e-05
3134 6.85453e-06
3135 -3.27826e-07
3136 0.00011915
3137 4.67896e-05
3138 8.82745e-05
3139 8.02875e-05
3140 0.000162363
3141 8.55327e-05
3142 -4.77731e-05
3143 -5.98729e-05
3144 -6.51479e-05
3145 -0.000167638
3146 -0.000100851
3147 -6.74129e-05
3148 -0.000103295
3149 -4.71175e-05
3150 -7.32839e-05
3151 -0.00024122
3152 -0.00030461
3153 -0.000388175
3154 -0.000375986
3155 -0.000211954
3156 -0.000119865
3157 -0.000186771
3158 -0.000175834
3159 -0.000213981
3160 -0.000194579
3161 -0.000172764
3162 -0.000116736
3163 -0.000128299
3164 -9.71556e-05
3165 -0.00021553
3166 -0.00019002
3167 -0.000123084
3168 -0.000137776
3169 -0.000179619
3170 -0.000205785
3171 -0.000141621
3172 -0.000147223
3173 -0.00013563
3174 -0.000250727
3175 -0.000290066
3176 -0.000247598
3177 -0.000264823
3178 -0.000158042
3179 -0.000114918
3180 -0.000196755
3181 -0.000116944
3182 -0.000153363
3183 -0.000179708
3184 -0.000288099
3185 -0.000314891
3186 -0.000338525
3187 -0.000231206
3188 -0.000199735
3189 -0.000258207
3190 -0.000268579
3191 -0.000300705
3192 -0.000222027
3193 -0.000322849
3194 -0.000210196
3195 -0.000176877
3196 -0.000177383
3197 -0.000197142
3198 -0.000152886
3199 -0.000111341
3200 -0.000155777
3201 -0.000153989
3202 -0.000202984
3203 -0.000187814
3204 -9.09269e-05
3205 6.11544e-05
3206 1.27554e-05
3207 9.08971e-05
3208 4.03523e-05
3209 0.000192463
3210 0.00024718
3211 0.000239015
3212 0.000241816
3213 0.000202
3214 0.000237405
3215 0.00025624
3216 0.000207782
3217 0.000134647
3218 0.000158131
3219 0.000229478
3220 0.000262558
3221 0.00038439
3222 0.000391781
3223 0.000354588
3224 0.000442505
3225 0.000566304
3226 0.000560522
3227 0.000573993
3228 0.000570357
3229 0.000690997
3230 0.000739753
3231 0.000834346
3232 0.0008533
3233 0.000911355
3234 0.000847697
3235 0.000869989
3236 0.000823021
3237 0.000810862
3238 0.00083667
3239 0.000864029
3240 0.000805557
3241 0.000794351
3242 0.000824094
3243 0.000945807
3244 0.00102043
3245 0.00101334
3246 0.00111765
3247 0.0011434
3248 0.0011332
3249 0.00120211
3250 0.00121504
3251 0.00127155
3252 0.00124127
3253 0.00124091
3254 0.00110954
3255 0.00115651
3256 0.00103331
3257 0.00101984
3258 0.00106508
3259 0.00101346
3260 0.000955224
3261 0.000990033
3262 0.00101775
3263 0.0009799
3264 0.00100553
3265 0.00105393
3266 0.00113529
3267 0.00109935
3268 0.00109315
3269 0.00119621
3270 0.001127
3271 0.00111794
3272 0.00101155
3273 0.000892341
3274 0.00083077
3275 0.000806868
3276 0.000692725
3277 0.000583589
3278 0.000549257
3279 0.000454187
3280 0.00045979
3281 0.000402272
3282 0.000317752
3283 0.000301957
3284 0.000249386
3285 0.00024873
3286 0.000224352
3287 0.000285804
3288 0.000221431
3289 0.000288665
3290 0.00025028
3291 0.000215113
3292 0.000249684
3293 0.000163972
3294 0.000192046
3295 0.000263333
3296 0.000342488
3297 0.00040406
3298 0.000430524
3299 0.000542164
3300 0.000596464
3301 0.000530422
3302 0.000544727
3303 0.000527561
3304 0.000576138
3305 0.000508666
3306 0.000575006
3307 0.000479102
3308 0.000592589
3309 0.000490785
3310 0.000486076
3311 0.000505865
3312 0.000549376
3313 0.000507295
3314 0.000488877
3315 0.000585973
3316 0.000663579
3317 0.000618577
3318 0.000558555
3319 0.000446141
3320 0.000584841
3321 0.000612855
3322 0.00067091
3323 0.000721395
3324 0.000809789
3325 0.000768244
3326 0.000765622
3327 0.000669837
3328 0.000599384
3329 0.000620425
3330 0.000482142
3331 0.000411153
3332 0.000407159
3333 0.00037688
3334 0.000493169
3335 0.00050354
3336 0.000454426
3337 0.000438333
3338 0.000393212
3339 0.00041002
3340 0.000430465
3341 0.000443041
3342 0.000423312
3343 0.000333667
3344 0.000279307
3345 0.000296235
3346 0.00019151
3347 0.000173688
3348 6.90818e-05
3349 6.90818e-05
3350 3.32594e-05
3351 -8.13603e-06
3352 -0.000132591
3353 -0.000130922
3354 -0.000109971
3355 -0.000201166
3356 -0.00015083
3357 -6.89924e-05
3358 -2.97725e-05
3359 -0.000103623
3360 -0.000116199
3361 -0.00016731
3362 -4.95911e-05
3363 -0.000112146
3364 -0.000187576
3365 -0.000235826
3366 -0.000157058
3367 -0.000172555
3368 -0.000192642
3369 -0.000201166
3370 -0.000228375
3371 -8.71122e-05
3372 -7.26581e-05
3373 -9.03606e-05
3374 -0.000131845
3375 -0.000143796
3376 -0.000126213
3377 -0.000164926
3378 7.09295e-06
3379 3.70145e-05
3380 0.000134587
3381 7.11083e-05
3382 0.0001387
3383 0.000223398
3384 0.000160992
3385 0.000141203
3386 9.76324e-05
3387 0.000211656
3388 0.000196815
3389 0.000235438
3390 0.000270724
3391 0.000168681
3392 0.000108659
3393 7.03335e-06
3394 -8.86321e-05
3395 -6.87838e-05
3396 -9.55164e-05
3397 -0.000139654
3398 -2.81036e-05
3399 -6.16908e-05
3400 -0.000158787
3401 -0.000241637
3402 -0.000187635
3403 -0.000275224
3404 -0.000276327
3405 -0.000238866
3406 -0.000349879
3407 -0.000468016
3408 -0.000357538
3409 -0.000337124
3410 -0.000353515
3411 -0.000355512
3412 -0.000295073
3413 -0.000385612
3414 -0.00028035
3415 -0.000248373
3416 -0.000376195
3417 -0.000370294
3418 -0.000251025
3419 -0.000297427
3420 -0.000290275
3421 -0.000280768
3422 -0.000300258
3423 -0.000241518
3424 -0.000184715
3425 -0.000142843
3426 -0.000193954
3427 -0.000226021
3428 -0.000279784
3429 -0.000445724
3430 -0.000451118
3431 -0.000426888
3432 -0.000432968
3433 -0.000436097
3434 -0.000451446
3435 -0.000486106
3436 -0.000377536
3437 -0.00052619
3438 -0.000607491
3439 -0.000617355
3440 -0.000684083
3441 -0.000732511
3442 -0.00066027
3443 -0.000816315
3444 -0.000805408
3445 -0.000742227
3446 -0.000743389
3447 -0.000714123
3448 -0.000652313
3449 -0.00064069
3450 -0.000713527
3451 -0.00065282
3452 -0.000600487
3453 -0.000523806
3454 -0.000467747
3455 -0.000484198
3456 -0.000562489
3457 -0.000444353
3458 -0.000490695
3459 -0.000553399
3460 -0.000452816
3461 -0.000355005
3462 -0.000318944
3463 -0.000311166
3464 -0.0003815
3465 -0.000324726
3466 -0.000411659
3467 -0.000361264
3468 -0.000323653
3469 -0.000199199
3470 -0.000109941
3471 -0.000100046
3472 -3.73125e-05
3473 -1.58846e-05
3474 4.94719e-06
3475 8.38041e-05
3476 6.96778e-05
3477 7.64728e-05
3478 0.000131011
3479 0.000208735
3480 0.000175655
3481 6.88434e-05
3482 1.54376e-05
3483 9.22084e-05
3484 -1.06096e-05
3485 0.00013268
3486 9.13143e-05
3487 2.97427e-05
3488 1.84178e-05
3489 4.13656e-05
3490 0.00012064
3491 0.000217557
3492 0.000406981
3493 0.000372767
3494 0.000383377
3495 0.000347137
3496 0.000492454
3497 0.000469506
3498 0.000558436
3499 0.000537455
