# Auto correlation between H-bonds existence
# step value
0 1
1 0.72594
2 0.633693
3 0.565357
4 0.51044
5 0.464388
6 0.425234
7 0.391391
8 0.362048
9 0.336273
10 0.313517
11 0.29342
12 0.275132
13 0.258731
14 0.243915
15 0.230583
16 0.218354
17 0.207327
18 0.197365
19 0.188174
20 0.179757
21 0.171932
22 0.164534
23 0.157857
24 0.151703
25 0.145992
26 0.140539
27 0.135531
28 0.130872
29 0.126486
30 0.122434
31 0.118495
32 0.114891
33 0.111436
34 0.108193
35 0.105108
36 0.102224
37 0.0993632
38 0.0968259
39 0.0943646
40 0.092026
41 0.0896403
42 0.0874915
43 0.0854027
44 0.0834291
45 0.0814821
46 0.0796535
47 0.0780115
48 0.076293
49 0.0747222
50 0.0732562
51 0.0717379
52 0.0703077
53 0.0689033
54 0.0675714
55 0.0663596
56 0.0651452
57 0.063904
58 0.0627289
59 0.0615471
60 0.0605055
61 0.0594552
62 0.0584054
63 0.0574322
64 0.056526
65 0.0555233
66 0.0545674
67 0.0536703
68 0.0527691
69 0.0519824
70 0.0511464
71 0.0503144
72 0.0495977
73 0.0488768
74 0.0481233
75 0.0474834
76 0.0468274
77 0.0461614
78 0.0454826
79 0.0448959
80 0.0442764
81 0.0436969
82 0.0431448
83 0.0425934
84 0.0420253
85 0.0414328
86 0.0409531
87 0.0404604
88 0.0400605
89 0.0395712
90 0.0390721
91 0.0386158
92 0.0381871
93 0.0377311
94 0.0373012
95 0.0369028
96 0.0364884
97 0.0360932
98 0.0357082
99 0.0353133
100 0.0349788
101 0.0346059
102 0.0342234
103 0.0338202
104 0.0334347
105 0.0330468
106 0.0327101
107 0.032379
108 0.0320288
109 0.031779
110 0.0314546
111 0.0311758
112 0.0308718
113 0.0306176
114 0.0304263
115 0.0301355
116 0.0298369
117 0.029601
118 0.0293114
119 0.0291158
120 0.028812
121 0.0285672
122 0.0283893
123 0.0282162
124 0.0279395
125 0.0277191
126 0.0275703
127 0.0274393
128 0.0272205
129 0.0270473
130 0.0269214
131 0.0266859
132 0.0264538
133 0.0262832
134 0.0260562
135 0.0258703
136 0.0256929
137 0.0255229
138 0.0253473
139 0.025158
140 0.0249859
141 0.0247831
142 0.0246474
143 0.0245516
144 0.0244253
145 0.0242685
146 0.0240902
147 0.0239727
148 0.0238984
149 0.0237742
150 0.023646
151 0.023496
152 0.0233771
153 0.0232436
154 0.0231315
155 0.0229567
156 0.0228083
157 0.0227088
158 0.0225942
159 0.0224607
160 0.0223836
161 0.0222964
162 0.0220981
163 0.0220125
164 0.0218896
165 0.0217526
166 0.0217316
167 0.0216476
168 0.0215642
169 0.0214992
170 0.0213464
171 0.0213319
172 0.0211856
173 0.0211446
174 0.021081
175 0.0210256
176 0.0209531
177 0.0208737
178 0.0207933
179 0.020709
180 0.0206266
181 0.0205183
182 0.0204121
183 0.0202573
184 0.020143
185 0.0200439
186 0.0199647
187 0.0198996
188 0.0198415
189 0.0197233
190 0.0196735
191 0.0196602
192 0.0195895
193 0.0195281
194 0.0194443
195 0.019377
196 0.0193548
197 0.0192991
198 0.0192575
199 0.0191892
200 0.0191987
201 0.0190975
202 0.0191372
203 0.019077
204 0.0189546
205 0.0189395
206 0.0188898
207 0.0188699
208 0.0188889
209 0.0189258
210 0.0188923
211 0.0188155
212 0.0187868
213 0.0186806
214 0.0186547
215 0.0186165
216 0.0185971
217 0.0185636
218 0.018516
219 0.0184884
220 0.0184171
221 0.0183455
222 0.0182826
223 0.0182967
224 0.0183145
225 0.0183188
226 0.0182402
227 0.0181973
228 0.0181764
229 0.0181165
230 0.0181683
231 0.0182427
232 0.0181675
233 0.018154
234 0.0180696
235 0.01799
236 0.0178697
237 0.0177997
238 0.0177014
239 0.0176543
240 0.0176382
241 0.0175579
242 0.0175412
243 0.0174032
244 0.0173295
245 0.0172911
246 0.0172089
247 0.0172084
248 0.0172097
249 0.0171661
250 0.0171406
251 0.0170574
252 0.017041
253 0.0169794
254 0.0169507
255 0.0169306
256 0.0169047
257 0.016872
258 0.0168211
259 0.0168626
260 0.0167746
261 0.0167844
262 0.016789
263 0.0166805
264 0.0166573
265 0.0165973
266 0.0164853
267 0.0165063
268 0.0164814
269 0.0164835
270 0.0164229
271 0.0163455
272 0.0162039
273 0.0161717
274 0.0161098
275 0.0161095
276 0.0160868
277 0.0160296
278 0.0160483
279 0.0160478
280 0.0159237
281 0.0159569
282 0.0159076
283 0.0158539
284 0.0159044
285 0.0158838
286 0.0158682
287 0.0157887
288 0.0157577
289 0.0157038
290 0.0156411
291 0.0156584
292 0.0156089
293 0.0155715
294 0.0155229
295 0.0154803
296 0.0154575
297 0.0153793
298 0.0153981
299 0.0153221
300 0.0152696
301 0.015269
302 0.0151938
303 0.0151771
304 0.0151584
305 0.0150698
306 0.0150333
307 0.0150131
308 0.0149475
309 0.0149379
310 0.0149554
311 0.0149274
312 0.0148194
313 0.0148197
314 0.0148146
315 0.0148135
316 0.0148281
317 0.0147982
318 0.0147864
319 0.0147341
320 0.014701
321 0.0146679
322 0.0146794
323 0.0146554
324 0.0146311
325 0.0145762
326 0.0145628
327 0.0145238
328 0.0144445
329 0.0143766
330 0.0143642
331 0.0143239
332 0.0142152
333 0.0142295
334 0.0141989
335 0.0143095
336 0.0143688
337 0.0143436
338 0.0143942
339 0.0143889
340 0.0143701
341 0.0143196
342 0.0142994
343 0.0142262
344 0.0141974
345 0.0141305
346 0.0140959
347 0.0141109
348 0.0141302
349 0.0141167
350 0.014168
351 0.0141426
352 0.0141552
353 0.0141913
354 0.0141949
355 0.0142159
356 0.0141214
357 0.0141249
358 0.01411
359 0.0140241
360 0.0140272
361 0.0139931
362 0.0139703
363 0.0139338
364 0.0139067
365 0.0138692
366 0.0137806
367 0.013706
368 0.0136937
369 0.0136569
370 0.0136113
371 0.0136247
372 0.0135743
373 0.0135651
374 0.0135874
375 0.0136393
376 0.0135952
377 0.013538
378 0.0135407
379 0.0135204
380 0.0135162
381 0.0135065
382 0.0135219
383 0.013546
384 0.0135216
385 0.0135358
386 0.0135875
387 0.013666
388 0.0136335
389 0.0135688
390 0.013573
391 0.0135413
392 0.0135429
393 0.0135498
394 0.013518
395 0.0135368
396 0.0135931
397 0.0135998
398 0.0135654
399 0.0135694
400 0.0136283
401 0.013651
402 0.0136096
403 0.0135935
404 0.013584
405 0.0135479
406 0.0135877
407 0.0135733
408 0.0135511
409 0.0135267
410 0.0134905
411 0.0134873
412 0.0134728
413 0.0134555
414 0.0134429
415 0.0133831
416 0.0133987
417 0.0133878
418 0.0133925
419 0.0133887
420 0.0133362
421 0.0133359
422 0.0133092
423 0.0132957
424 0.0133126
425 0.0133017
426 0.0132458
427 0.0132282
428 0.0132366
429 0.0132039
430 0.0131947
431 0.0131553
432 0.0131321
433 0.0131169
434 0.0130912
435 0.0130939
436 0.0130457
437 0.0129632
438 0.0129447
439 0.0129108
440 0.0129879
441 0.0129148
442 0.0129066
443 0.0128451
444 0.0129048
445 0.0128369
446 0.0128153
447 0.0127969
448 0.0128147
449 0.0128431
450 0.0128259
451 0.0128302
452 0.0128484
453 0.0128357
454 0.012797
455 0.0127413
456 0.0127137
457 0.0126539
458 0.0125733
459 0.0125152
460 0.0124838
461 0.012391
462 0.0124179
463 0.0123726
464 0.0123889
465 0.0123645
466 0.0123176
467 0.0122705
468 0.0121663
469 0.0121555
470 0.0121382
471 0.0121933
472 0.0121486
473 0.0121206
474 0.0121534
475 0.0122672
476 0.0122086
477 0.0122187
478 0.0122303
479 0.012202
480 0.0121488
481 0.0121657
482 0.0121077
483 0.0121204
484 0.0121008
485 0.012111
486 0.0120774
487 0.0120195
488 0.0120066
489 0.0120628
490 0.0120642
491 0.0120463
492 0.012067
493 0.0121077
494 0.0120864
