# rotation correlation for "bonds: name(#1) Ow and name(#2) Hw" in water/0-GPa/zif8-water.nc
# step value
0 0.999999
1 0.518008
2 0.414293
3 0.34506
4 0.293922
5 0.25429
6 0.222465
7 0.196458
8 0.174832
9 0.156656
10 0.141264
11 0.128051
12 0.116573
13 0.106629
14 0.0979088
15 0.0902861
16 0.0834927
17 0.0774636
18 0.0720114
19 0.0673169
20 0.0629296
21 0.0590454
22 0.0556
23 0.0523958
24 0.0494065
25 0.0467098
26 0.0442399
27 0.0419668
28 0.0399778
29 0.0380781
30 0.0363048
31 0.0346357
32 0.0332493
33 0.0318754
34 0.0306329
35 0.0293838
36 0.0281805
37 0.0270241
38 0.0260406
39 0.0250462
40 0.0241687
41 0.0233204
42 0.0224041
43 0.0216795
44 0.0210459
45 0.0203962
46 0.0198429
47 0.0192111
48 0.0187316
49 0.0181975
50 0.0177061
51 0.0172549
52 0.0167887
53 0.0162316
54 0.0157898
55 0.0153494
56 0.0148889
57 0.0144844
58 0.0141307
59 0.0137556
60 0.0133986
61 0.0130298
62 0.0126682
63 0.0124873
64 0.0121163
65 0.0118816
66 0.0115575
67 0.011256
68 0.0110125
69 0.010777
70 0.0106248
71 0.0104155
72 0.010062
73 0.00978452
74 0.00958842
75 0.00940233
76 0.00921881
77 0.00893831
78 0.00876564
79 0.00849015
80 0.00831646
81 0.00817615
82 0.00793231
83 0.00782853
84 0.00768459
85 0.00750536
86 0.0073598
87 0.00717342
88 0.00705665
89 0.00692612
90 0.00679952
91 0.00662929
92 0.00650245
93 0.00638354
94 0.00626278
95 0.00605077
96 0.00590527
97 0.00577098
98 0.00570446
99 0.005687
100 0.00566745
101 0.00562316
102 0.00549614
103 0.00547606
104 0.00534344
105 0.00515735
106 0.00513184
107 0.0050416
108 0.00495523
109 0.00487196
110 0.00475943
111 0.00467008
112 0.00461352
113 0.00450295
114 0.00445271
115 0.00430983
116 0.00430369
117 0.00414521
118 0.00416338
119 0.00405842
120 0.0040195
121 0.00402677
122 0.00398988
123 0.00393021
124 0.00394595
125 0.00388902
126 0.00386113
127 0.00371426
128 0.00374889
129 0.00364995
130 0.00350064
131 0.00350678
132 0.00352228
133 0.00345498
134 0.00337595
135 0.00337988
136 0.00345206
137 0.00329381
138 0.0032714
139 0.00326926
140 0.00321203
141 0.00316203
142 0.00310236
143 0.0031144
144 0.00310111
145 0.00306261
146 0.00295335
147 0.00300896
148 0.00297427
149 0.00301224
150 0.00295788
151 0.00285721
152 0.00280786
153 0.00268817
154 0.00266272
155 0.00258577
156 0.00257933
157 0.00251567
158 0.00246918
159 0.00244224
160 0.00247383
161 0.00243521
162 0.00237137
163 0.00235456
164 0.00230747
165 0.00240016
166 0.00236881
167 0.00232852
168 0.00231469
169 0.00225133
170 0.00220853
171 0.00214994
172 0.00215566
173 0.00219715
174 0.00214893
175 0.00206828
176 0.0021193
177 0.0020054
178 0.00197434
179 0.00201994
180 0.00203067
181 0.00202328
182 0.00195396
183 0.00188673
184 0.00187552
185 0.00183374
186 0.00183308
187 0.00182557
188 0.00188547
189 0.00187159
190 0.00189412
191 0.00179434
192 0.0018459
193 0.00183743
194 0.0018338
195 0.00173241
196 0.0017885
197 0.00169963
198 0.00156379
199 0.00150067
200 0.00147265
201 0.0015226
202 0.00146294
203 0.00142699
204 0.00147313
205 0.00143319
206 0.00147593
207 0.00150365
208 0.00151455
209 0.00150853
210 0.00145715
211 0.00144982
212 0.00148064
213 0.00148666
214 0.00149852
215 0.00149685
216 0.0015074
217 0.00154907
218 0.00153905
219 0.00156772
220 0.00157958
221 0.0015167
222 0.00157475
223 0.00162745
224 0.00153434
225 0.00152576
226 0.00146312
227 0.00142109
228 0.0013116
229 0.00127351
230 0.00128233
231 0.00107533
232 0.00114673
233 0.00110209
234 0.00110757
235 0.00106776
236 0.00110936
237 0.00112498
238 0.00111169
239 0.00110483
240 0.00112242
241 0.00111473
242 0.0011031
243 0.00107181
244 0.00104231
245 0.00105059
246 0.00098455
247 0.00103706
248 0.000964284
249 0.00096941
250 0.0010519
251 0.000985146
252 0.0010227
253 0.00104141
254 0.00105476
255 0.00100404
256 0.00107515
257 0.000985384
258 0.00102901
259 0.00103706
260 0.00101161
261 0.00103259
262 0.00101566
263 0.00102437
264 0.00104153
265 0.00105011
266 0.00107789
267 0.00112861
268 0.0011245
269 0.00116408
270 0.00110453
271 0.00108367
272 0.00114161
273 0.00109786
274 0.0010218
275 0.000998735
276 0.00103372
277 0.000969708
278 0.00086987
279 0.000867307
280 0.000903308
281 0.000828326
282 0.000748932
283 0.000741959
284 0.000707984
285 0.000752866
286 0.00080657
287 0.000782013
288 0.000748575
289 0.000868797
290 0.000764012
291 0.00080508
292 0.000799775
293 0.000876844
294 0.000796437
295 0.000763893
296 0.000790894
297 0.000781953
298 0.000761926
299 0.000716686
300 0.000797331
301 0.000768483
302 0.000750244
303 0.000707448
304 0.000761628
305 0.000741363
306 0.000707805
307 0.000764549
308 0.00075984
309 0.000736177
310 0.000715137
311 0.000732481
312 0.000785649
313 0.000825346
314 0.000806391
315 0.000704229
316 0.000680864
317 0.000695229
318 0.000658572
319 0.000682831
320 0.000641823
321 0.000570774
322 0.000638127
323 0.000597179
324 0.000560522
325 0.000616908
326 0.000649869
327 0.000634193
328 0.000669837
329 0.000655591
330 0.000585198
331 0.000593364
332 0.000497103
333 0.000514328
334 0.000522614
335 0.000530481
336 0.000473499
337 0.000387609
338 0.000380099
339 0.000332057
340 0.000331223
341 0.000374079
342 0.000352681
343 0.000378788
344 0.00036633
345 0.000427485
346 0.000380635
347 0.000369072
348 0.000312448
349 0.000374436
350 0.000430942
351 0.000458539
352 0.000415564
353 0.000483632
354 0.000401258
355 0.000393987
356 0.000483155
357 0.000428557
358 0.000548601
359 0.000573099
360 0.00055629
361 0.000552356
362 0.000509322
363 0.000488281
364 0.000509202
365 0.000487506
366 0.000575781
367 0.000567257
368 0.000586212
369 0.000624061
370 0.000605702
371 0.000624478
372 0.000676453
373 0.000660419
374 0.000639856
375 0.000617385
376 0.000656664
377 0.000660121
378 0.000715673
379 0.000707626
380 0.000617862
381 0.000639379
382 0.000561416
383 0.000477731
384 0.000510991
385 0.000445724
386 0.000439107
387 0.0003196
388 0.000366151
389 0.00038147
390 0.000360727
391 0.000391662
392 0.000383735
393 0.00032562
394 0.000399292
395 0.000424147
396 0.000442863
397 0.0005036
398 0.000466704
399 0.000540435
400 0.000497878
401 0.000533938
402 0.000569701
403 0.000525773
404 0.000614405
405 0.00061065
406 0.000481367
407 0.00052923
408 0.000491023
409 0.000465751
410 0.000444412
411 0.000433385
412 0.000448883
413 0.000392199
414 0.000371635
415 0.000427067
416 0.000392437
417 0.000398993
418 0.000374675
419 0.000439048
420 0.000358224
421 0.000390649
422 0.000375986
423 0.000369728
424 0.000420153
425 0.000526667
426 0.000564039
427 0.00060761
428 0.000639081
429 0.000611961
430 0.000634432
431 0.000671983
432 0.00063628
433 0.000591576
434 0.000628471
435 0.000584006
436 0.00053221
437 0.000619531
438 0.000612795
439 0.000555754
440 0.000566185
441 0.000579834
442 0.0005669
443 0.000635743
444 0.000663757
445 0.000665128
446 0.000683367
447 0.000706792
448 0.000576258
449 0.000583231
450 0.000533521
451 0.000433266
452 0.00038749
453 0.00043273
454 0.00047183
455 0.000414908
456 0.000397563
457 0.000456214
458 0.000504613
459 0.000539362
460 0.000516474
461 0.000516415
462 0.000537932
463 0.000537395
464 0.000521719
465 0.000538826
466 0.000498354
467 0.00048393
468 0.000478387
469 0.000461817
470 0.000482142
471 0.000576973
472 0.000602782
473 0.000552714
474 0.000677705
475 0.000660598
476 0.000716031
477 0.000653267
478 0.000535488
479 0.000645459
480 0.000604689
481 0.000612855
482 0.000577569
483 0.000519276
484 0.000528097
485 0.000642419
486 0.00057292
487 0.000689268
488 0.000702024
489 0.000600517
490 0.000590384
491 0.000516474
492 0.000570178
493 0.000573874
494 0.000457168
495 0.000460982
496 0.000333071
497 0.000443518
498 0.000437438
499 0.000495315
500 0.000424266
501 0.000441194
502 0.000496984
503 0.000390589
504 0.000419617
505 0.000422537
506 0.000381887
507 0.000422537
508 0.000426471
509 0.000378251
510 0.000424087
511 0.000430167
512 0.000447035
513 0.000356078
514 0.00033915
515 0.000325263
516 0.000413656
517 0.000415385
518 0.00038588
519 0.000342965
520 0.000421464
521 0.000318944
522 0.000363886
523 0.000389516
524 0.000334978
525 0.000330865
526 0.000320315
527 0.00031805
528 0.000332355
529 0.000347972
530 0.000357449
531 0.000370562
532 0.000322223
533 0.000346661
534 0.00039047
535 0.000335574
536 0.000301182
537 0.00038451
538 0.000364006
539 0.00036484
540 0.000362635
541 0.00037998
542 0.000382006
543 0.000364184
544 0.000322104
545 0.00025779
546 0.000200152
547 0.000193179
548 0.000194609
549 0.000221074
550 0.000305235
551 0.000204444
552 0.000161767
553 0.000255227
554 0.000122964
555 0.00017947
556 0.000246108
557 0.00028795
558 0.00019449
559 0.000156403
560 0.000132322
561 0.000140786
562 0.000239849
563 0.000248551
564 0.000298977
565 0.000341117
566 0.000302315
567 0.000315845
568 0.000306904
569 0.000178099
570 0.000262499
571 0.000257194
572 0.000270724
573 0.000204444
574 0.000188053
575 0.000219405
576 0.00027293
577 0.000284135
578 0.000218749
579 0.000305951
580 0.000241697
581 0.000180423
582 0.000145614
583 7.64132e-05
584 4.32134e-05
585 4.56572e-05
586 0.000112295
587 0.000171483
588 0.000120342
589 0.000140011
590 5.98431e-05
591 9.36389e-05
592 5.97835e-05
593 0.000186145
594 3.71337e-05
595 6.30617e-05
596 0.000145793
597 7.01547e-05
598 1.66297e-05
599 8.37445e-05
600 7.34329e-05
601 0.000156045
602 0.000196815
603 0.000223756
604 0.000298619
605 0.000240445
606 0.000178874
607 0.000162482
608 0.000148356
609 0.000175297
610 9.69768e-05
611 0.000119805
612 5.42998e-05
613 4.35114e-05
614 5.51939e-05
615 2.5034e-05
616 -8.85129e-06
617 9.18508e-05
618 1.09076e-05
619 2.37823e-05
620 6.58035e-05
621 0.000120521
622 0.000153363
623 0.000162721
624 0.000171602
625 0.000168025
626 0.000154257
627 0.000111401
628 0.000137746
629 6.8903e-05
630 3.72529e-05
631 9.29832e-05
632 2.37226e-05
633 0.000119805
634 7.51615e-05
635 0.000167012
636 0.00011605
637 0.000174463
638 0.000216961
639 0.00017643
640 0.000382602
641 0.000370145
642 0.000357389
643 0.00041765
644 0.000359714
645 0.00038743
646 0.000328243
647 0.000358284
648 0.000295579
649 0.000321925
650 0.000310063
651 0.000333607
652 0.000297487
653 0.00034982
654 0.000305295
655 0.000287294
656 0.000301063
657 0.000303805
658 0.000249982
659 0.000201106
660 0.000233591
661 0.000139654
662 0.000249922
663 0.00026083
664 0.000292599
665 0.000247061
666 0.000259161
667 0.000334501
668 0.000295401
669 0.000255764
670 0.00034368
671 0.000294685
672 0.00025779
673 0.000313878
674 0.000288308
675 0.000354767
676 0.000367105
677 0.000409663
678 0.000439703
679 0.000362933
680 0.000421226
681 0.000450194
682 0.000363111
683 0.000253856
684 0.000304401
685 0.000383675
686 0.00036037
687 0.000325143
688 0.00032872
689 0.000293314
690 0.000330031
691 0.000336528
692 0.000342786
693 0.000372469
694 0.000246227
695 0.000290751
696 0.000302494
697 0.000320315
698 0.000324011
699 0.00030601
700 0.000232339
701 0.000264406
702 0.000288546
703 0.000349462
704 0.000352085
705 0.000375926
706 0.0003196
707 0.000228465
708 0.000253201
709 0.000331163
710 0.000311017
711 0.000308692
712 0.000395238
713 0.000406325
714 0.000429511
715 0.000419796
716 0.000384629
717 0.000370264
718 0.000430882
719 0.000395775
720 0.000391662
721 0.000433743
722 0.000409067
723 0.000310004
724 0.000298679
725 0.000250816
726 0.000270724
727 0.000296235
728 0.000357985
729 0.000326753
730 0.000307322
731 0.000316381
732 0.000319064
733 0.000274181
734 0.000388801
735 0.000393689
736 0.000334561
737 0.00035876
738 0.000356078
739 0.00040251
740 0.000328124
741 0.000315547
742 0.000375271
743 0.000337183
744 0.000239372
745 0.000319779
746 0.000348866
747 0.00032258
748 0.000226915
749 0.000244617
750 0.000333309
751 0.000324309
752 0.000353754
753 0.000401258
754 0.00038147
755 0.000443697
756 0.000375688
757 0.00031817
758 0.000346959
759 0.000301838
760 0.000395238
761 0.000396609
762 0.000391781
763 0.000468075
764 0.000516176
765 0.000551522
766 0.000495851
767 0.000514627
768 0.000520051
769 0.000523567
770 0.000398159
771 0.000406086
772 0.000384748
773 0.000301898
774 0.000336885
775 0.000311255
776 0.00026238
777 0.00024581
778 0.000219166
779 0.000243127
780 0.000315189
781 0.000307262
782 0.000291765
783 0.000129521
784 0.000141859
785 0.000213563
786 0.000246465
787 0.000263214
788 0.000319839
789 0.000300705
790 0.000284374
791 0.000287771
792 0.000265658
793 0.000349045
794 0.000312328
795 0.000365794
796 0.000434399
797 0.000430465
798 0.000489414
799 0.000391901
800 0.000342309
801 0.000345826
802 0.000311494
803 0.000362039
804 0.000349224
805 0.000362277
806 0.000240088
807 0.000258267
808 0.000327766
809 0.000318646
810 0.000316441
811 0.000197768
812 0.000252187
813 0.000205457
814 0.000266552
815 0.000262678
816 0.000231206
817 0.000225544
818 0.000134945
819 0.000204027
820 0.000164509
821 0.000212193
822 0.000260353
823 0.000249088
824 0.000291228
825 0.000230372
826 0.00031811
827 0.000391483
828 0.000366211
829 0.000282645
830 0.000335753
831 0.000357807
832 0.000299156
833 0.000223875
834 0.000232935
835 0.000246525
836 0.000300884
837 0.000298381
838 0.000248253
839 0.000198662
840 0.000237167
841 0.000254154
842 0.000240028
843 0.000232041
844 0.00015682
845 0.000291824
846 0.000273824
847 0.000370979
848 0.000312984
849 0.000338674
850 0.000276268
851 0.000341952
852 0.000313878
853 0.000282466
854 0.00033021
855 0.000441313
856 0.000341177
857 0.000418961
858 0.000381112
859 0.00040406
860 0.000365138
861 0.000417888
862 0.00038445
863 0.000372171
864 0.000328898
865 0.000311553
866 0.000287175
867 0.000291288
868 0.000353396
869 0.000394523
870 0.000247836
871 0.000243366
872 0.000294745
873 0.000290811
874 0.000255227
875 0.000324309
876 0.000279367
877 0.000289261
878 0.00025624
879 0.000281811
880 0.000299215
881 0.000239611
882 0.000277817
883 0.000269532
884 0.000148833
885 0.000154734
886 0.00024122
887 0.000272691
888 0.000279248
889 0.000262856
890 0.000292957
891 0.000302613
892 0.000380337
893 0.00042516
894 0.000425994
895 0.00045526
896 0.000576675
897 0.000559032
898 0.000512719
899 0.000501394
900 0.000558853
901 0.000471294
902 0.000471473
903 0.000490725
904 0.000419796
905 0.000410497
906 0.000440717
907 0.000438035
908 0.000449061
909 0.000403941
910 0.000420332
911 0.000401258
912 0.000401497
913 0.000483394
914 0.000439525
915 0.000467777
916 0.000444651
917 0.000526488
918 0.000454068
919 0.000460327
920 0.000480711
921 0.000333905
922 0.000284612
923 0.000275731
924 0.000247359
925 0.000193715
926 0.000203073
927 0.000186861
928 0.000119627
929 0.000189722
930 0.000218034
931 0.000178814
932 0.000132084
933 0.000115693
934 0.000136614
935 0.00014782
936 0.000123739
937 0.000153601
938 0.00018239
939 0.000103951
940 0.000175655
941 0.00018537
942 0.00016433
943 0.000163317
944 0.000125349
945 0.000140548
946 0.000213325
947 0.000292361
948 0.000234127
949 0.000330567
950 0.000356317
951 0.000398219
952 0.000505805
953 0.000423789
954 0.000450015
955 0.000463009
956 0.000601649
957 0.000630677
958 0.00059396
959 0.000648797
960 0.000670254
961 0.00072813
962 0.000658393
963 0.000534058
964 0.000600874
965 0.000634968
966 0.000612497
967 0.000673771
968 0.000599802
969 0.000661194
970 0.00058949
971 0.000710845
972 0.000678778
973 0.000648737
974 0.000694036
975 0.000660002
976 0.000742733
977 0.000802636
978 0.000734925
979 0.000651538
980 0.00058955
981 0.00055331
982 0.000576794
983 0.000550866
984 0.000577271
985 0.000637054
986 0.000526607
987 0.000577986
988 0.000633478
989 0.000554442
990 0.000608861
991 0.000537038
992 0.000488997
993 0.000484824
994 0.000545979
995 0.000442386
996 0.00046283
997 0.000375092
998 0.000303984
999 0.000281453
1000 0.00028193
1001 0.000377715
1002 0.000405371
1003 0.000448823
1004 0.00045985
1005 0.000376999
1006 0.000360429
1007 0.000427246
1008 0.000398874
1009 0.000393629
1010 0.00038904
1011 0.000386655
1012 0.000455916
1013 0.000414968
1014 0.000489056
1015 0.000503242
1016 0.00041467
1017 0.000370741
1018 0.000324845
1019 0.000413895
1020 0.00044018
1021 0.000425875
1022 0.000433147
1023 0.000428796
1024 0.000422359
1025 0.000427604
1026 0.000406265
1027 0.00037694
1028 0.00042218
1029 0.000538051
1030 0.000443161
1031 0.000388563
1032 0.000413418
1033 0.000455379
1034 0.000442982
1035 0.000440717
1036 0.000370145
1037 0.00032866
1038 0.000277936
1039 0.000399828
1040 0.000415802
1041 0.000378072
1042 0.000373363
1043 0.000329554
1044 0.000422418
1045 0.000287831
1046 0.000212073
1047 0.00025028
1048 0.000155747
1049 0.000200868
1050 0.000201285
1051 0.000151694
1052 0.000214159
1053 0.000174701
1054 0.000121772
1055 0.000197947
1056 0.000151038
1057 0.000104964
1058 5.43594e-05
1059 0.000116348
1060 4.85778e-05
1061 6.95586e-05
1062 9.97782e-05
1063 0.000166774
1064 0.000184238
1065 0.000154912
1066 0.000106096
1067 0.000108421
1068 0.000186622
1069 0.000107169
1070 6.06179e-05
1071 4.95315e-05
1072 4.89354e-05
1073 4.65512e-05
1074 8.42214e-05
1075 1.38283e-05
1076 5.48363e-05
1077 8.2016e-05
1078 1.17421e-05
1079 1.13249e-05
1080 -4.97997e-05
1081 -6.47008e-05
1082 -1.14143e-05
1083 -8.7738e-05
1084 -5.42104e-05
1085 9.71556e-06
1086 9.75728e-05
1087 0.000129223
1088 0.000285745
1089 0.000275373
1090 0.000227213
1091 0.000245571
1092 0.000254512
1093 0.000269532
1094 0.000237167
1095 0.000329137
1096 0.000352919
1097 0.000295818
1098 0.000260293
1099 0.000263095
1100 0.000244021
1101 0.000278771
1102 0.000263035
1103 0.000384927
1104 0.000430644
1105 0.000334501
1106 0.000332534
1107 0.000419617
1108 0.000451088
1109 0.000436842
1110 0.000443637
1111 0.000507653
1112 0.000441551
1113 0.000391781
1114 0.000389278
1115 0.000333607
1116 0.000411034
1117 0.000428677
1118 0.00037539
1119 0.000407398
1120 0.000446975
1121 0.000386357
1122 0.000368953
1123 0.000421405
1124 0.000512958
1125 0.000453651
1126 0.00051564
1127 0.0004915
1128 0.000537574
1129 0.000499606
1130 0.000446558
1131 0.000531971
1132 0.000571251
1133 0.000614166
1134 0.000578523
1135 0.000424564
1136 0.000505567
1137 0.000429869
1138 0.000460804
1139 0.000452518
1140 0.000435889
1141 0.000365317
1142 0.000310004
1143 0.000300288
1144 0.000347137
1145 0.000353992
1146 0.000271261
1147 0.000208974
1148 0.000230253
1149 0.000205934
1150 0.000252843
1151 0.00018096
1152 0.000307024
1153 0.000323594
1154 0.000332296
1155 0.000368774
1156 0.000406861
1157 0.000410914
1158 0.000390053
1159 0.000386178
1160 0.000350177
1161 0.000385582
1162 0.000400305
1163 0.000419676
1164 0.000370622
1165 0.000356197
1166 0.000295639
1167 0.000281572
1168 0.000303864
1169 0.000343561
1170 0.000340283
1171 0.00025934
1172 0.000351489
1173 0.000248671
1174 0.000202417
1175 0.000207365
1176 0.000189841
1177 0.000190318
1178 0.000178516
1179 0.000186443
1180 0.000240386
1181 0.000169933
1182 0.000125587
1183 0.000149012
1184 0.000137389
1185 0.000239968
1186 0.000293255
1187 0.000234365
1188 0.000303626
1189 0.000267267
1190 0.000251591
1191 0.000307322
1192 0.000283539
1193 0.000241339
1194 7.95722e-05
1195 0.000152707
1196 0.000146449
1197 0.000142813
1198 0.000188768
1199 0.000168025
1200 9.23872e-05
1201 0.000190973
1202 0.000186324
1203 0.000201046
1204 0.00033623
1205 0.000438333
1206 0.000492692
1207 0.000409782
1208 0.000416934
1209 0.000421822
1210 0.000480056
1211 0.000454545
1212 0.0004282
1213 0.00042665
1214 0.000454307
1215 0.000397861
1216 0.000391722
1217 0.000322223
1218 0.000337005
1219 0.000299335
1220 0.000300765
1221 0.000267744
1222 0.000279844
1223 0.000237226
1224 0.000117123
1225 0.000192821
1226 0.000191748
1227 0.000171483
1228 0.000168622
1229 0.000240982
1230 0.000339448
1231 0.000302553
1232 0.000378788
1233 0.000383973
1234 0.000255704
1235 0.000230193
1236 0.000313163
1237 0.000337243
1238 0.00033766
1239 0.000273705
1240 0.000291288
1241 0.000233173
1242 0.000270665
1243 0.000268221
1244 0.000205338
1245 0.000249922
1246 0.000283778
1247 0.000159085
1248 0.00016892
1249 0.000205696
1250 0.000204086
1251 0.000248909
1252 0.000222862
1253 0.000209868
1254 0.000264108
1255 0.000253856
1256 0.000274479
1257 0.000272334
1258 0.000298142
1259 0.000178635
1260 0.000249684
1261 0.000219166
1262 0.000202298
1263 0.000235021
1264 0.000275195
1265 0.000371754
1266 0.000320494
1267 0.000377774
1268 0.000455439
1269 0.000434995
1270 0.00043422
1271 0.000403523
1272 0.000438929
1273 0.000440359
1274 0.000356436
1275 0.000429988
1276 0.000491083
1277 0.000438929
1278 0.000454366
1279 0.000425279
1280 0.000442207
1281 0.00039351
1282 0.000282347
1283 0.000193477
1284 0.000186265
1285 0.000255764
1286 0.000344455
1287 0.000190318
1288 0.000249386
1289 0.000258803
1290 0.000173748
1291 0.00020951
1292 0.000174224
1293 0.000197828
1294 0.000193179
1295 0.000140488
1296 4.95315e-05
1297 8.18968e-05
1298 0.000233352
1299 0.000237286
1300 0.000263393
1301 0.000325859
1302 0.000343442
1303 0.000328064
1304 0.00032419
1305 0.000321269
1306 0.000465095
1307 0.000395954
1308 0.000359774
1309 0.000379682
1310 0.000329256
1311 0.00030607
1312 0.000376761
1313 0.000351787
1314 0.000341535
1315 0.000356495
1316 0.000297368
1317 0.000340521
1318 0.000259519
1319 0.000308096
1320 0.000298381
1321 0.000374198
1322 0.000268579
1323 0.00029099
1324 0.000234187
1325 0.000216007
1326 0.000137925
1327 0.000231564
1328 0.000318706
1329 0.0003407
1330 0.00031215
1331 0.000318468
1332 0.000396311
1333 0.000326693
1334 0.000308275
1335 0.000274897
1336 0.000320911
1337 0.000295937
1338 0.000349164
1339 0.000282109
1340 0.000253141
1341 0.000262678
1342 0.000220001
1343 0.00019443
1344 0.000223458
1345 0.000124753
1346 0.000130832
1347 0.000149965
1348 0.000169396
1349 0.000234902
1350 0.000154138
1351 0.000175714
1352 0.000115693
1353 0.000168025
1354 0.000267565
1355 0.0002563
1356 0.000316262
1357 0.000282407
1358 0.000258744
1359 0.000232458
1360 0.000253499
1361 0.000284731
1362 0.000276506
1363 0.000216603
1364 0.000230789
1365 0.000248909
1366 0.000252187
1367 0.000232458
1368 0.000242472
1369 0.00034976
1370 0.000218034
1371 0.000277758
1372 0.00025785
1373 0.000207305
1374 0.00024879
1375 0.000316799
1376 0.000213146
1377 0.000130594
1378 0.00010097
1379 0.00016278
1380 0.000183761
1381 0.00021708
1382 0.000135303
1383 0.000222921
1384 0.000226676
1385 0.000261068
1386 0.000292122
1387 0.000334561
1388 0.000222147
1389 0.000352144
1390 0.000216544
1391 0.000292778
1392 0.000241756
1393 0.000284076
1394 0.000202298
1395 0.00020963
1396 0.000228345
1397 0.000169158
1398 0.000154257
1399 0.000157595
1400 0.000194907
1401 0.000171304
1402 0.000200868
1403 0.000205457
1404 9.91225e-05
1405 0.000197351
1406 0.000201643
1407 0.000137866
1408 0.000161409
1409 0.00018698
1410 0.00022918
1411 0.000144958
1412 0.000128567
1413 0.000139892
1414 0.00013864
1415 0.000199139
1416 0.000201046
1417 0.000149786
1418 0.000296354
1419 0.000181556
1420 0.000194252
1421 0.000222564
1422 0.000232339
1423 0.000204325
1424 0.000208616
1425 0.000204742
1426 0.000170946
1427 0.000208378
1428 0.000238776
1429 0.000231206
1430 0.000219524
1431 0.000243664
1432 0.00027734
1433 0.0002684
1434 0.000225663
1435 0.000200808
1436 0.000172079
1437 0.00012064
1438 0.000151992
1439 0.000123799
1440 0.000134647
1441 0.000195026
1442 0.000224829
1443 0.000158429
1444 0.000214219
1445 0.000214696
1446 0.000219703
1447 0.000150442
1448 0.00013876
1449 0.000214577
1450 0.000173986
1451 0.000198662
1452 0.000185668
1453 0.000211775
1454 0.00020051
1455 0.000231862
1456 0.000279188
1457 0.000305593
1458 0.000233769
1459 0.000248075
1460 0.000217974
1461 0.000172079
1462 0.000221848
1463 0.000213981
1464 0.000231862
1465 7.10487e-05
1466 0.000217259
1467 0.000204146
1468 0.000200689
1469 0.000305712
1470 0.000259578
1471 0.000339806
1472 0.000300229
1473 0.000306606
1474 0.00033772
1475 0.000296175
1476 0.000271916
1477 0.000315309
1478 0.00028491
1479 0.000221729
1480 0.000310779
1481 0.0003739
1482 0.000293493
1483 0.000320375
1484 0.000285387
1485 0.000423849
1486 0.000434995
1487 0.000389755
1488 0.000506639
1489 0.000458658
1490 0.000453711
1491 0.000543892
1492 0.000620425
1493 0.00058651
1494 0.000500381
1495 0.000386298
1496 0.000349939
1497 0.000256717
1498 0.000347018
1499 0.000330329
1500 0.000404
1501 0.000433385
1502 0.000424623
1503 0.000284076
1504 0.000291526
1505 0.000228345
1506 0.000193834
1507 0.000201404
1508 0.000236034
1509 0.000235558
1510 0.000267088
1511 0.000327349
1512 0.000298023
1513 0.000348151
1514 0.000410736
1515 0.000370741
1516 0.000330508
1517 0.000286579
1518 0.000359893
1519 0.000300944
1520 0.000295877
1521 0.000283718
1522 0.000202477
1523 0.000152469
1524 0.000212133
1525 0.000231087
1526 0.00018394
1527 0.000223577
1528 0.000281215
1529 0.000263333
1530 0.000370264
1531 0.000310242
1532 0.000426173
1533 0.000372946
1534 0.000244558
1535 0.000225902
1536 0.000279903
1537 0.000294507
1538 0.000317514
1539 0.000285745
1540 0.000295341
1541 0.000256598
1542 0.000286281
1543 0.000321925
1544 0.000225425
1545 0.000171721
1546 0.000205934
1547 0.000195265
1548 0.000246167
1549 0.000184774
1550 7.99298e-05
1551 5.48363e-05
1552 2.26498e-05
1553 0.000101209
1554 0.000154138
1555 0.000116467
1556 0.000166535
1557 0.000245452
1558 0.000247657
1559 0.000200391
1560 0.000247478
1561 0.000138402
1562 0.000120699
1563 0.000156701
1564 0.000109315
1565 5.71609e-05
1566 8.54731e-05
1567 9.89437e-05
1568 0.000154376
1569 0.000151694
1570 0.000260532
1571 0.000170887
1572 9.41753e-05
1573 8.28505e-05
1574 -3.32892e-05
1575 8.7142e-05
1576 5.27501e-05
1577 0.000102401
1578 8.94666e-05
1579 3.57628e-07
1580 2.61664e-05
1581 5.48363e-06
1582 -5.40316e-05
1583 -4.50611e-05
1584 -5.59986e-05
1585 3.83258e-05
1586 6.80089e-05
1587 7.25985e-05
1588 0.000113964
1589 0.000132978
1590 9.39965e-05
1591 6.4075e-05
1592 0.000136197
1593 9.70364e-05
1594 0.00011611
1595 0.000134349
1596 0.000163615
1597 9.799e-05
1598 0.000187397
1599 0.00014025
1600 0.000136256
1601 0.000147462
1602 0.000254571
1603 0.000258565
1604 0.000247598
1605 0.000262678
1606 0.000241995
1607 0.00017333
1608 0.000121355
1609 0.000117481
1610 0.000188768
1611 9.48906e-05
1612 0.000169277
1613 0.00012517
1614 0.000160694
1615 0.000146687
1616 0.000223577
1617 0.000204742
1618 0.000241101
1619 0.000226438
1620 0.0002653
1621 0.000267029
1622 0.000286937
1623 0.000234485
1624 0.000281692
1625 0.000328243
1626 0.000301659
1627 0.000372887
1628 0.000329494
1629 0.000334978
1630 0.000274897
1631 0.00030154
1632 0.000378907
1633 0.000371933
1634 0.000262022
1635 0.000229061
1636 0.000201166
1637 0.000303388
1638 0.000161767
1639 0.000251114
1640 0.000156343
1641 0.000154734
1642 0.000170827
1643 0.000138938
1644 0.00013864
1645 0.00015229
1646 0.00026834
1647 0.000290453
1648 0.000298262
1649 0.000366747
1650 0.00028646
1651 0.00026834
1652 0.000239313
1653 0.000218749
1654 0.000214756
1655 0.00023973
1656 0.000190258
1657 0.000204444
1658 7.59959e-05
1659 0.000162959
1660 0.000169337
1661 0.000207663
1662 0.000150383
1663 0.000210285
1664 0.000218809
1665 0.000171781
1666 0.000166118
1667 0.000265837
1668 0.000235438
1669 0.00029552
1670 0.000375628
1671 0.000410438
1672 0.000374854
1673 0.00040859
1674 0.000390947
1675 0.000410736
1676 0.000414729
1677 0.000424802
1678 0.000439763
1679 0.000584245
1680 0.000647366
1681 0.000556231
1682 0.000581443
1683 0.000591815
1684 0.000555396
1685 0.000553131
1686 0.000503361
1687 0.000591159
1688 0.000514686
1689 0.000572979
1690 0.000490844
1691 0.000372529
1692 0.000465393
1693 0.000303864
1694 0.000261307
1695 0.000221848
1696 0.000227153
1697 0.000349879
1698 0.000395477
1699 0.000433087
1700 0.000432372
1701 0.000373304
1702 0.000381708
1703 0.000335395
1704 0.000351548
1705 0.000389457
1706 0.000330508
1707 0.000323832
1708 0.000294864
1709 0.000423312
1710 0.000266016
1711 0.000241816
1712 0.000250638
1713 0.000386775
1714 0.000356019
1715 0.000373781
1716 0.000308275
1717 0.000354767
1718 0.000299394
1719 0.000280619
1720 0.000218987
1721 0.000265062
1722 0.000225484
1723 0.000232279
1724 0.000254095
1725 0.000255525
1726 0.00029856
1727 0.000260532
1728 0.00032562
1729 0.000323713
1730 0.000291049
1731 0.00030309
1732 0.000317276
1733 0.000355422
1734 0.000429928
1735 0.000385702
1736 0.00052613
1737 0.00052315
1738 0.000493824
1739 0.000410438
1740 0.000514388
1741 0.000526786
1742 0.000459969
1743 0.000438929
1744 0.000554979
1745 0.000481784
1746 0.000546038
1747 0.0004583
1748 0.000443101
1749 0.000562727
1750 0.000559866
1751 0.000599861
1752 0.000695765
1753 0.000566006
1754 0.000564814
1755 0.000559151
1756 0.000484169
1757 0.000445604
1758 0.00050211
1759 0.000534654
1760 0.000483811
1761 0.000532389
1762 0.000523806
1763 0.000628352
1764 0.000628948
1765 0.000719786
1766 0.000725985
1767 0.000719428
1768 0.000562251
1769 0.000578403
1770 0.000477254
1771 0.000472844
1772 0.000399649
1773 0.000439644
1774 0.000375926
1775 0.00044924
1776 0.000463665
1777 0.000541389
1778 0.000467539
1779 0.000438571
1780 0.000435829
1781 0.000490904
1782 0.000350833
1783 0.000376105
1784 0.00034225
1785 0.000316024
1786 0.000412405
1787 0.000305891
1788 0.000398219
1789 0.000322759
1790 0.000279963
1791 0.000385046
1792 0.000388801
1793 0.000345051
1794 0.000309765
1795 0.00032419
1796 0.000268579
1797 0.000202
1798 0.000202835
1799 0.00019145
1800 0.000139117
1801 0.0001809
1802 0.000191271
1803 0.000210524
1804 0.000257373
1805 0.000258625
1806 0.000297964
1807 0.000326276
1808 0.000259399
1809 0.000281215
1810 0.000272274
1811 0.00025481
1812 0.000217378
1813 0.000231743
1814 0.000235438
1815 0.000227749
1816 0.0002231
1817 0.000255883
1818 0.000251353
1819 0.000231743
1820 0.000242293
1821 0.000257194
1822 0.000191033
1823 0.000250518
1824 0.000249982
1825 0.000221491
1826 0.000226319
1827 0.0002442
1828 0.000134647
1829 0.000178814
1830 0.000154316
1831 9.60231e-05
1832 0.000129223
1833 8.08239e-05
1834 3.23653e-05
1835 5.22733e-05
1836 6.98566e-05
1837 0.000114262
1838 8.61287e-05
1839 0.000116646
1840 0.000223577
1841 0.000246525
1842 0.000209332
1843 0.000263512
1844 0.000265419
1845 0.000177205
1846 0.000168025
1847 0.000130832
1848 0.000140786
1849 0.000157356
1850 0.000139892
1851 0.000114441
1852 0.000163555
1853 0.000205696
1854 0.000208437
1855 0.000172555
1856 0.000208676
1857 0.000164807
1858 0.000303149
1859 0.000276029
1860 0.000329196
1861 0.000300825
1862 0.000348806
1863 0.000330806
1864 0.000250936
1865 0.000224471
1866 0.000263155
1867 0.000328243
1868 0.000305593
1869 0.000309885
1870 0.000179887
1871 0.0001176
1872 5.59092e-05
1873 -4.28557e-05
1874 -1.03712e-05
1875 -4.03821e-05
1876 -3.67463e-05
1877 4.76241e-05
1878 2.74777e-05
1879 4.63128e-05
1880 0.000144422
1881 0.000260532
1882 0.000268102
1883 0.000340223
1884 0.000445247
1885 0.000333965
1886 0.000301957
1887 0.000416398
1888 0.000414252
1889 0.000460505
1890 0.000471056
1891 0.000450313
1892 0.000445724
1893 0.000402808
1894 0.000440836
1895 0.000407636
1896 0.000421762
1897 0.000417233
1898 0.000402927
1899 0.000439644
1900 0.000440717
1901 0.000413954
1902 0.000458479
1903 0.000514507
1904 0.000479639
1905 0.000528216
1906 0.000445843
1907 0.000442147
1908 0.000448346
1909 0.000394702
1910 0.000485837
1911 0.000432551
1912 0.000490487
1913 0.000443637
1914 0.000392616
1915 0.000321269
1916 0.000251412
1917 0.000205874
1918 0.000138044
1919 0.000151575
1920 0.00023371
1921 0.000218272
1922 0.00024277
1923 0.000346243
1924 0.000391185
1925 0.000362694
1926 0.000241399
1927 0.000272989
1928 0.000238478
1929 0.000254929
1930 0.000332773
1931 0.000355601
1932 0.000386775
1933 0.000353873
1934 0.000307977
1935 0.000431061
1936 0.000464499
1937 0.000475168
1938 0.000388443
1939 0.000403464
1940 0.000494421
1941 0.000468373
1942 0.000597835
1943 0.000644565
1944 0.000661492
1945 0.000659704
1946 0.000621974
1947 0.00056386
1948 0.000548124
1949 0.000581503
1950 0.000520051
1951 0.000535905
1952 0.000533879
1953 0.000556111
1954 0.000506759
1955 0.000481844
1956 0.000476182
1957 0.000420332
1958 0.000395775
1959 0.000481248
1960 0.000293672
1961 0.000363111
1962 0.000372529
1963 0.000498891
1964 0.00050211
1965 0.000478148
1966 0.000539005
1967 0.000438809
1968 0.000509262
1969 0.000454426
1970 0.000436187
1971 0.000474393
1972 0.000413895
1973 0.000374496
1974 0.000279844
1975 0.000249147
1976 0.000356674
1977 0.000317335
1978 0.000346839
1979 0.000265896
1980 0.000284672
1981 0.000213563
1982 0.000148118
1983 0.000206053
1984 0.000183761
1985 0.000130415
1986 7.45058e-05
1987 5.77569e-05
1988 0.000255764
1989 0.000121593
1990 0.000202119
1991 0.000223339
1992 0.000294745
1993 0.000308394
1994 0.000308931
1995 0.000280023
1996 0.000352025
1997 0.000288486
1998 0.000303805
1999 0.000362277
2000 0.000465274
2001 0.000430048
2002 0.000486374
2003 0.000425279
2004 0.000374138
2005 0.000275373
2006 0.000240922
2007 0.0002864
2008 0.000257492
2009 0.000283062
2010 0.000319839
2011 0.000282347
2012 0.000368237
2013 0.000417173
2014 0.000564992
2015 0.000405431
2016 0.000458241
2017 0.000433624
2018 0.000397444
2019 0.000373781
2020 0.00030756
2021 0.000241816
2022 0.000238061
2023 0.000172794
2024 0.000194013
2025 0.000255227
2026 0.000125945
2027 0.000234365
2028 0.000223339
2029 0.000132859
2030 0.000159264
2031 0.000166833
2032 0.000239372
2033 0.000215113
2034 0.000191331
2035 0.000225067
2036 0.000171602
2037 0.000257194
2038 0.000217617
2039 4.78029e-05
2040 0.000106454
2041 0.000114024
2042 5.64456e-05
2043 0.000143766
2044 0.000128925
2045 0.000142872
2046 0.000192463
2047 0.000181794
2048 0.000158131
2049 0.000158012
2050 2.80142e-05
2051 6.9797e-05
2052 0.000119448
2053 0.00013417
2054 0.000163734
2055 0.000136256
2056 7.2062e-05
2057 0.000148952
2058 0.000194371
2059 0.000227153
2060 0.000224769
2061 0.000225961
2062 0.000241518
2063 0.000249386
2064 0.000190854
2065 0.000293851
2066 0.000372648
2067 0.000364065
2068 0.000365913
2069 0.000347793
2070 0.000240624
2071 0.000201523
2072 0.000186145
2073 0.000239372
2074 0.000205457
2075 0.000272512
2076 0.000235081
2077 0.000193417
2078 0.000219584
2079 0.000184655
2080 0.000207663
2081 0.000139952
2082 8.18968e-05
2083 9.48906e-05
2084 0.000118792
2085 8.66055e-05
2086 0.000105023
2087 0.000189245
2088 0.000161946
2089 0.000189245
2090 0.000194371
2091 0.000355542
2092 0.000360131
2093 0.000344098
2094 0.000336409
2095 0.000329077
2096 0.000398695
2097 0.000483096
2098 0.000463068
2099 0.000490665
2100 0.000451267
2101 0.000406802
2102 0.000455618
2103 0.000421882
2104 0.000350952
2105 0.000371814
2106 0.000353694
2107 0.000438511
2108 0.000387609
2109 0.000338435
2110 0.000376701
2111 0.000389695
2112 0.000434518
2113 0.000313878
2114 0.000370502
2115 0.000404775
2116 0.000353158
2117 0.000379562
2118 0.000377059
2119 0.000359893
2120 0.000372589
2121 0.000299335
2122 0.000317693
2123 0.000281453
2124 0.000220478
2125 0.000294507
2126 0.000194907
2127 0.000171065
2128 0.000245333
2129 0.000211596
2130 0.000227571
2131 0.000223398
2132 0.000141799
2133 0.000128686
2134 0.000199616
2135 0.000250459
2136 0.000265002
2137 0.000258148
2138 0.000196934
2139 0.000284433
2140 0.000252247
2141 0.000211596
2142 0.00013411
2143 0.000132024
2144 7.30753e-05
2145 8.88109e-06
2146 5.126e-06
2147 1.84774e-06
2148 -6.4075e-06
2149 3.42131e-05
2150 6.82473e-05
2151 8.61287e-05
2152 -5.14686e-05
2153 5.91278e-05
2154 0.000110745
2155 0.000104368
2156 9.2268e-05
2157 0.000160635
2158 0.000177801
2159 0.000152946
2160 8.65459e-05
2161 0.000123978
2162 9.41157e-05
2163 0.000119805
2164 0.000107527
2165 0.000162959
2166 0.000296593
2167 0.000323415
2168 0.000287175
2169 0.000353336
2170 0.000223756
2171 0.000227928
2172 0.000160038
2173 0.000181556
2174 0.000137329
2175 0.000103533
2176 0.000135124
2177 7.37309e-05
2178 3.8445e-05
2179 -5.37336e-05
2180 -7.92742e-05
2181 -3.98755e-05
2182 -5.41508e-05
2183 -2.77758e-05
2184 -9.74834e-05
2185 -0.000111818
2186 3.77893e-05
2187 5.06639e-06
2188 1.66297e-05
2189 5.9545e-05
2190 5.90086e-05
2191 0.000162899
2192 0.00010699
2193 0.000145793
2194 0.000132799
2195 0.000122011
2196 8.95262e-05
2197 0.000109196
2198 0.000124156
2199 -1.29044e-05
2200 4.34518e-05
2201 6.56843e-05
2202 7.52807e-05
2203 8.25524e-05
2204 7.15256e-05
2205 7.83205e-05
2206 0.00014019
2207 0.000111699
2208 0.000194967
2209 0.000216544
2210 0.000251293
2211 0.000245333
2212 0.000231087
2213 6.38366e-05
2214 0.000180542
2215 0.000225544
2216 0.000105858
2217 0.000142336
2218 0.000139475
2219 0.000255525
2220 0.000173867
2221 0.000188708
2222 7.95126e-05
2223 0.00014168
2224 0.000133514
2225 0.000337839
2226 0.000340521
2227 0.00027591
2228 0.000336409
2229 0.000369012
2230 0.000347555
2231 0.000248134
2232 0.000195861
2233 0.000156224
2234 0.000160396
2235 0.000318646
2236 0.000255644
2237 0.000274479
2238 0.000386059
2239 0.000427186
2240 0.000468254
2241 0.000349462
2242 0.000430584
2243 0.000388682
2244 0.000442863
2245 0.000382066
2246 0.000469387
2247 0.000545681
2248 0.000378907
2249 0.000482023
2250 0.000364244
2251 0.000443876
2252 0.000490606
2253 0.000453055
2254 0.000483572
2255 0.000515759
2256 0.000550926
2257 0.000539124
2258 0.000660717
2259 0.00069797
2260 0.000660181
2261 0.000537813
2262 0.000610828
2263 0.000566781
2264 0.000524342
2265 0.000534236
2266 0.000595212
2267 0.000579
2268 0.000607669
2269 0.000595629
2270 0.00050199
2271 0.000614822
2272 0.000536263
2273 0.000435948
2274 0.000353575
2275 0.000302434
2276 0.000180244
2277 0.000169754
2278 0.000140607
2279 0.0002051
2280 0.000212431
2281 0.000172198
2282 0.00016582
2283 0.000209868
2284 0.000193894
2285 0.000256002
2286 0.000179768
2287 0.000190258
2288 0.000207126
2289 9.93013e-05
2290 -9.47714e-06
2291 5.60284e-06
2292 3.27229e-05
2293 -5.81145e-05
2294 3.42131e-05
2295 3.12328e-05
2296 0.00014466
2297 0.000236034
2298 0.00031513
2299 0.000325978
2300 0.000229478
2301 0.000265777
2302 0.000278294
2303 0.000249147
2304 0.000195205
2305 0.000214934
2306 0.0002262
2307 0.000165164
2308 0.000122845
2309 0.000137925
2310 0.000144124
2311 0.000163555
2312 0.000142813
2313 0.000139058
2314 0.000169814
2315 0.000196993
2316 0.000235438
2317 0.000240505
2318 0.000199974
2319 0.000186741
2320 0.00024575
2321 0.000274181
2322 0.00033021
2323 0.000322402
2324 0.0003407
2325 0.00029093
2326 0.000318527
2327 0.000266969
2328 0.000251114
2329 0.000305831
2330 0.000289798
2331 0.000321984
2332 0.000358105
2333 0.000298679
2334 0.00030458
2335 0.000258029
2336 0.000181079
2337 0.000267684
2338 0.000277638
2339 0.000271022
2340 0.00023526
2341 0.000240982
2342 0.000267029
2343 0.000331461
2344 0.000234008
2345 0.000255585
2346 0.000203311
2347 0.000119984
2348 0.000223339
2349 0.000208497
2350 0.000123322
2351 0.000163198
2352 0.000157416
2353 0.000314116
2354 0.000379801
2355 0.000312269
2356 0.000179887
2357 0.000150502
2358 0.0001297
2359 0.000137925
2360 5.75185e-05
2361 9.41753e-05
2362 0.000135303
2363 0.000203371
2364 8.28505e-05
2365 0.000125945
2366 7.09295e-05
2367 7.44462e-05
2368 0.000144064
2369 8.0049e-05
2370 0.000182748
2371 0.000146151
2372 0.000225902
2373 0.000135481
2374 9.34005e-05
2375 5.14984e-05
2376 4.35114e-05
2377 5.46575e-05
2378 -6.14822e-05
2379 3.21865e-06
2380 -1.46925e-05
2381 -5.1856e-06
2382 -3.50475e-05
2383 -8.56817e-05
2384 -4.80115e-05
2385 -3.16203e-05
2386 -2.02358e-05
2387 7.98702e-06
2388 4.35114e-05
2389 0.000128686
2390 0.000187397
2391 0.000147104
2392 5.14388e-05
2393 0.000132084
2394 3.99351e-06
2395 4.11868e-05
2396 9.14335e-05
2397 0.000182152
2398 0.000140011
2399 0.0002473
2400 0.000193298
2401 0.000154793
2402 0.000222862
2403 0.00028193
2404 0.000284195
2405 0.000276923
2406 0.000321686
2407 0.000352263
2408 0.000290573
2409 0.00024122
2410 0.000155687
2411 0.000228882
2412 0.000210285
2413 0.000214756
2414 0.000195384
2415 0.00019455
2416 9.89437e-05
2417 0.000175774
2418 0.000247836
2419 0.000259995
2420 0.000241816
2421 0.000233948
2422 0.00017333
2423 0.000210881
2424 0.000121236
2425 8.92282e-05
2426 0.000127614
2427 8.61287e-05
2428 6.13332e-05
2429 0.000134468
2430 2.70009e-05
2431 4.8995e-05
2432 9.29832e-05
2433 4.82798e-06
2434 1.57952e-05
2435 6.10948e-05
2436 0.000115275
2437 0.000122905
2438 0.000169694
2439 6.05583e-05
2440 0.000149429
2441 0.000176311
2442 0.000236094
2443 0.000209153
2444 0.000159323
2445 0.000176132
2446 0.000202954
2447 0.000135601
2448 0.000252366
2449 0.00014025
2450 0.000139177
2451 0.000193954
2452 0.000159681
2453 6.77705e-05
2454 9.83477e-05
2455 0.000108659
2456 5.24521e-05
2457 6.65784e-05
2458 4.31538e-05
2459 5.76973e-05
2460 9.36389e-05
2461 0.000118911
2462 -9.41753e-06
2463 -1.16825e-05
2464 0.000106215
2465 2.47955e-05
2466 -0.000140756
2467 -6.63102e-05
2468 -4.40776e-05
2469 -2.98917e-05
2470 -6.99759e-05
2471 -1.69277e-05
2472 -1.18911e-05
2473 -2.69413e-05
2474 4.66108e-05
2475 0.00015521
2476 4.69089e-05
2477 0.0001176
2478 7.02143e-05
2479 3.71933e-05
2480 7.30157e-05
2481 8.69632e-05
2482 4.88162e-05
2483 6.52671e-05
2484 -3.52561e-05
2485 -4.99189e-05
2486 -5.6386e-05
2487 -5.85616e-05
2488 -7.17044e-05
2489 -0.000132978
2490 -0.000228077
2491 -0.000200778
2492 -0.000144929
2493 -8.17776e-05
2494 3.49879e-05
2495 -3.91006e-05
2496 8.88109e-05
2497 6.65784e-05
2498 8.15988e-05
2499 0.000110149
2500 0.000203311
2501 0.000217915
2502 0.000136733
2503 0.000207305
2504 0.000164628
2505 0.000167012
2506 0.000267506
2507 0.000333846
2508 0.000315964
2509 0.000390947
2510 0.000422895
2511 0.000523329
2512 0.000409365
2513 0.000503063
2514 0.00049448
2515 0.000467181
2516 0.000458539
2517 0.000395179
2518 0.000416219
2519 0.000425398
2520 0.000356257
2521 0.00036788
2522 0.000349164
2523 0.000339627
2524 0.00017482
2525 0.000223756
2526 0.000190735
2527 0.000199318
2528 0.000323355
2529 0.000400484
2530 0.00023371
2531 0.0002321
2532 0.000305474
2533 0.000237584
2534 0.000211716
2535 0.000272393
2536 0.000337005
2537 0.000360131
2538 0.000384808
2539 0.000450909
2540 0.000381291
2541 0.000422597
2542 0.000351012
2543 0.000256121
2544 0.000171244
2545 0.000144839
2546 0.000187933
2547 0.000150025
2548 0.000198781
2549 0.000235081
2550 0.000239432
2551 0.000237286
2552 0.000295103
2553 0.000280201
2554 0.000347555
2555 0.000290632
2556 0.000315905
2557 0.00032407
2558 0.000258207
2559 0.000263095
2560 0.000344515
2561 0.000269473
2562 0.000323176
2563 0.000295758
2564 0.000220299
2565 0.000212431
2566 0.000291407
2567 0.000302315
2568 0.00023967
2569 0.000199854
2570 0.000300825
2571 0.000268161
2572 0.000234962
2573 0.000334918
2574 0.000360548
2575 0.000345945
2576 0.000255585
2577 0.000181913
2578 0.000273108
2579 0.000248551
2580 0.000210464
2581 0.000234008
2582 0.000163138
2583 0.00016582
2584 0.000191092
2585 0.000172198
2586 0.000291526
2587 0.000224471
2588 0.000262797
2589 0.000220597
2590 0.000212729
2591 0.000224352
2592 0.000290811
2593 0.000314415
2594 0.000206172
2595 0.000299633
2596 0.000261605
2597 0.000288546
2598 0.000246465
2599 0.000208616
2600 0.000222802
2601 0.000225663
2602 0.000190198
2603 0.000270605
2604 0.000238478
2605 0.000272572
2606 0.000247657
2607 0.000240445
2608 0.000242233
2609 0.000240147
2610 0.000261903
2611 0.000350535
2612 0.000376284
2613 0.000233948
2614 0.000337601
2615 0.000407934
2616 0.000443041
2617 0.000438571
2618 0.000399411
2619 0.000425398
2620 0.000446975
2621 0.000523567
2622 0.000411808
2623 0.000405073
2624 0.000416338
2625 0.000438869
2626 0.000546813
2627 0.000533342
2628 0.000539303
2629 0.000475049
2630 0.000351489
2631 0.000365376
2632 0.000440359
2633 0.000516415
2634 0.000432849
2635 0.00044477
2636 0.000414193
2637 0.000454068
2638 0.0005216
2639 0.000558257
2640 0.000543237
2641 0.000508666
2642 0.0006302
2643 0.00060457
2644 0.000552118
2645 0.00056684
2646 0.000647128
2647 0.000518024
2648 0.000472009
2649 0.000417829
2650 0.000453889
2651 0.000448465
2652 0.000483155
2653 0.000487506
2654 0.000338018
2655 0.000304639
2656 0.000308275
2657 0.0004071
2658 0.000458658
2659 0.000479341
2660 0.000431061
2661 0.000473797
2662 0.000512004
2663 0.000544846
2664 0.000579894
2665 0.000565708
2666 0.000586808
2667 0.00057584
2668 0.00054574
2669 0.000496328
2670 0.000521183
2671 0.000537574
2672 0.000556946
2673 0.000572622
2674 0.000494421
2675 0.000498593
2676 0.000456393
2677 0.000434518
2678 0.000441909
2679 0.000368178
2680 0.000372469
2681 0.000387788
2682 0.000312328
2683 0.000306785
2684 0.000250041
2685 0.000205815
2686 0.00027746
2687 0.000234127
2688 0.000227392
2689 0.000165462
2690 0.00023675
2691 0.000289679
2692 0.000377417
2693 0.000357628
2694 0.000485063
2695 0.000449479
2696 0.000472546
2697 0.000354588
2698 0.000283301
2699 0.000309765
2700 0.000294745
2701 0.000245035
2702 0.000313044
2703 0.00020963
2704 0.0002985
2705 0.000299037
2706 0.000276208
2707 0.000326633
2708 0.000284731
2709 0.000288844
2710 0.000361741
2711 0.00026691
2712 0.0002473
2713 0.000240326
2714 0.000260353
2715 0.000310063
2716 0.000255167
2717 0.000201941
2718 4.75645e-05
2719 5.36442e-05
2720 3.36766e-05
2721 2.61664e-05
2722 3.54648e-05
2723 0.000138819
2724 0.000132859
2725 0.000181735
2726 0.000154078
2727 0.000166953
2728 0.000194013
2729 0.000211298
2730 0.00021863
2731 0.000358999
2732 0.000327408
2733 0.00039345
2734 0.00041157
2735 0.000391364
2736 0.000395298
2737 0.000477433
2738 0.000424623
2739 0.000359714
2740 0.000416517
2741 0.000459373
2742 0.000330091
2743 0.000290453
2744 0.000200927
2745 0.000233829
2746 0.000223696
2747 0.000236988
2748 0.000165343
2749 0.000155091
2750 7.33137e-05
2751 0.000240505
2752 0.000279069
2753 0.000328839
2754 0.000354826
2755 0.000366867
2756 0.000460386
2757 0.000412583
2758 0.000505686
2759 0.000588119
2760 0.000463128
2761 0.000407815
2762 0.000261903
2763 0.000205636
2764 0.000282824
2765 0.000144958
2766 5.72801e-05
2767 0.000102341
2768 5.96046e-05
2769 -2.41101e-05
2770 -7.25091e-05
2771 -0.000166744
2772 -0.000135571
2773 -9.53674e-05
2774 -0.000162005
2775 -0.000250548
2776 -0.000119179
2777 -0.000155628
2778 -0.000242203
2779 -0.000111043
2780 -7.34329e-05
2781 -6.25849e-07
2782 7.73668e-05
2783 0.000163674
2784 0.000175595
2785 0.000167787
2786 0.000100315
2787 5.10812e-05
2788 0.000109375
2789 -6.6191e-05
2790 -5.74887e-05
2791 -9.22978e-05
2792 -0.000219703
2793 -0.000187546
2794 -0.000189275
2795 -0.000131726
2796 -0.000150591
2797 -0.000123322
2798 -0.000175178
2799 -0.000117153
2800 -8.91387e-05
2801 -0.000113875
2802 3.44515e-05
2803 2.72393e-05
2804 7.90954e-05
2805 7.56979e-05
2806 7.33137e-06
2807 -2.88486e-05
2808 -1.38879e-05
2809 -4.32432e-05
2810 -9.20594e-05
2811 -6.07967e-06
2812 6.37174e-05
2813 1.43051e-06
2814 9.17912e-05
2815 0.000191152
2816 0.000239134
2817 0.000229239
2818 0.000194013
2819 0.000124812
2820 0.000132859
2821 0.000198424
2822 0.000155687
2823 0.000178576
2824 6.22869e-05
2825 -1.46031e-05
2826 -2.86102e-06
2827 7.51019e-06
2828 -1.07288e-06
2829 -2.32458e-05
2830 -0.00015083
2831 -5.20349e-05
2832 -5.61178e-05
2833 -6.83367e-05
2834 -7.53105e-05
2835 -5.81145e-06
2836 5.42998e-05
2837 -0.000103116
2838 -3.20077e-05
2839 -4.41372e-05
2840 8.03471e-05
2841 0.000107288
2842 0.000176907
2843 0.00020808
2844 0.000251472
2845 0.000181973
2846 0.000133157
2847 0.00020802
2848 5.17368e-05
2849 0.000183821
2850 0.000175595
2851 0.000173271
2852 0.000172198
2853 0.000273287
2854 0.000279963
2855 0.00036478
2856 0.000342071
2857 0.000362694
2858 0.000248551
2859 0.000218332
2860 0.000175059
2861 0.000204742
2862 8.79765e-05
2863 0.000134528
2864 0.0001176
2865 9.5129e-05
2866 4.73261e-05
2867 9.62019e-05
2868 0.000134945
2869 7.22408e-05
2870 2.03252e-05
2871 5.8949e-05
2872 0.000167251
2873 0.000279844
2874 0.000411451
2875 0.000490248
2876 0.00054121
2877 0.000525355
2878 0.000436246
2879 0.000509858
2880 0.000439346
2881 0.000437438
2882 0.000430465
2883 0.000498831
2884 0.000471532
2885 0.000530243
2886 0.000469506
2887 0.000453353
2888 0.000419796
2889 0.000405908
2890 0.000423074
2891 0.000357211
2892 0.000321507
2893 0.000247061
2894 0.000189424
2895 0.000233293
2896 0.000164807
2897 0.000223458
2898 0.000202835
2899 0.000119686
2900 0.000184834
2901 7.75456e-05
2902 -3.48687e-06
2903 3.03388e-05
2904 0.000190198
2905 0.00011152
2906 9.66787e-05
2907 -1.12355e-05
2908 -7.25985e-05
2909 -0.000123262
2910 -8.90791e-05
2911 -0.000124663
2912 -8.25524e-05
2913 -0.000168979
2914 -0.000121802
2915 -0.000105947
2916 -8.71122e-05
2917 -0.000152528
2918 -2.17259e-05
2919 1.77026e-05
2920 5.126e-05
2921 4.65512e-05
2922 0.000109971
2923 0.000127733
2924 0.000121593
2925 0.000154853
2926 0.000232637
2927 0.000225902
2928 0.000265181
2929 0.000309408
2930 0.000298202
2931 0.000155807
2932 4.6134e-05
2933 0.00010246
2934 4.88758e-05
2935 0.000107586
2936 8.5175e-05
2937 8.11219e-05
2938 -2.72691e-05
2939 -0.000120342
2940 -4.48823e-05
2941 2.26498e-05
2942 -4.47035e-07
2943 3.9041e-05
2944 0.000103593
2945 0.000131428
2946 0.00024128
2947 0.000303268
2948 0.000277758
2949 0.000244737
2950 0.000203073
2951 0.000186265
2952 0.000212431
2953 0.000209391
2954 0.000286043
2955 0.00028044
2956 0.000252187
2957 0.000145972
2958 0.000109255
2959 0.000127256
2960 0.000140846
2961 0.000145257
2962 0.000152349
2963 0.000120342
2964 0.000184059
2965 0.000252128
2966 0.000304699
2967 0.000262558
2968 0.000164807
2969 0.000157058
2970 0.000129461
2971 0.000205159
2972 0.00025779
2973 0.000178576
2974 0.000247598
2975 0.000175834
2976 0.000148714
2977 0.000195265
2978 0.000115752
2979 0.000124335
2980 0.000152826
2981 0.000167847
2982 0.000242949
2983 0.000258863
2984 0.000157893
2985 0.000176251
2986 0.000191331
2987 7.05719e-05
2988 0.000107229
2989 1.57952e-05
2990 -4.11868e-05
2991 -1.29342e-05
2992 0.000114381
2993 4.3571e-05
2994 8.34465e-07
2995 -4.13358e-05
2996 -6.61016e-05
2997 -0.000157744
2998 -0.000121981
2999 -6.70552e-05
3000 -0.000105798
3001 -0.000124842
3002 5.44786e-05
3003 -0.000105947
3004 4.22597e-05
3005 9.45926e-05
3006 0.000141382
3007 5.73993e-05
3008 4.49419e-05
3009 0.000113904
3010 0.000150859
3011 9.00626e-05
3012 9.64403e-05
3013 0.000142336
3014 0.000138819
3015 6.55651e-07
3016 -9.17912e-05
3017 -0.000159442
3018 -0.00015071
3019 -0.000212133
3020 -0.000198632
3021 -8.12709e-05
3022 -7.57277e-05
3023 -0.000137478
3024 -0.000144511
3025 -8.51154e-05
3026 7.50422e-05
3027 0.000144482
3028 0.000151038
3029 0.00020504
3030 0.000145257
3031 7.1466e-05
3032 9.57847e-05
3033 0.000127196
3034 0.000183165
3035 0.000188351
3036 6.24061e-05
3037 0.000144064
3038 0.000138998
3039 0.000154138
3040 4.9293e-05
3041 0.000133574
3042 7.24196e-05
3043 0.000212491
3044 0.000359893
3045 0.00030458
3046 0.000341952
3047 0.000350535
3048 0.000390053
3049 0.000456691
3050 0.000433326
3051 0.000412703
3052 0.000485599
3053 0.000500917
3054 0.000417233
3055 0.000354469
3056 0.000309229
3057 0.000329137
3058 0.000332415
3059 0.000374019
3060 0.000351787
3061 0.000316381
3062 0.000310123
3063 0.000245035
3064 0.000257373
3065 0.000202119
3066 0.000226617
3067 0.000302136
3068 0.000263155
3069 0.000219762
3070 0.000288486
3071 0.000322759
3072 0.000226915
3073 0.000245631
3074 0.00029552
3075 0.00031507
3076 0.000332057
3077 0.000294983
3078 0.000258327
3079 0.000239193
3080 0.000320494
3081 0.000434577
3082 0.000498116
3083 0.000367343
3084 0.000346482
3085 0.000231266
3086 0.000211
3087 0.000270247
3088 0.000216305
3089 0.000275314
3090 0.000296474
3091 0.000102997
3092 0.000216782
3093 0.000270963
3094 0.000309885
3095 0.000294924
3096 0.000347137
3097 0.000339508
3098 0.000339687
3099 0.000413358
3100 0.000455976
3101 0.000424862
3102 0.000422478
3103 0.000502348
3104 0.000594437
3105 0.000541806
3106 0.000542521
3107 0.000449538
3108 0.000364125
3109 0.000395417
3110 0.000345826
3111 0.000295043
3112 0.000231504
3113 0.000295818
3114 0.000306189
3115 0.000267625
3116 0.000288486
3117 0.000310004
3118 0.000297427
3119 0.000185192
3120 0.000211656
3121 0.000261128
3122 0.00026083
3123 0.000286162
3124 0.000338733
3125 0.000369966
3126 0.000358284
3127 0.000280797
3128 0.000248313
3129 0.000125349
3130 0.000187874
3131 0.000146687
3132 5.19156e-05
3133 5.30481e-05
3134 1.77622e-05
3135 7.15852e-05
3136 3.89218e-05
3137 7.21216e-06
3138 5.75185e-05
3139 1.20401e-05
3140 3.9041e-05
3141 -3.27826e-06
3142 0.000148118
3143 0.0002051
3144 0.000202239
3145 0.000307083
3146 0.000243008
3147 0.000265121
3148 0.000206232
3149 0.000206828
3150 0.000198901
3151 0.000114739
3152 0.000129044
3153 0.000101626
3154 9.72748e-05
3155 9.22084e-05
3156 0.000146925
3157 9.84669e-05
3158 6.42538e-05
3159 6.49691e-05
3160 9.05395e-05
3161 -6.73532e-06
3162 -8.23438e-05
3163 -0.000122756
3164 -2.34842e-05
3165 -5.17964e-05
3166 2.71201e-05
3167 4.16636e-05
3168 8.91685e-05
3169 -3.70443e-05
3170 -2.97725e-05
3171 4.19617e-05
3172 4.36306e-05
3173 5.84722e-05
3174 -1.66893e-06
3175 0.000110209
3176 7.78437e-05
3177 0.000126421
3178 5.45979e-05
3179 -5.31375e-05
3180 -1.60635e-05
3181 -1.7494e-05
3182 -0.000133604
3183 -8.39829e-05
3184 7.79033e-05
3185 6.13332e-05
3186 2.97427e-05
3187 -1.43349e-05
3188 7.45654e-05
3189 6.69956e-05
3190 6.79493e-06
3191 -0.000152111
3192 -0.000208497
3193 -0.000169069
3194 -0.00019902
3195 -0.000145286
3196 -0.000182897
3197 -7.52509e-05
3198 -0.000117332
3199 -7.85887e-05
3200 -8.82745e-05
3201 -9.62615e-05
3202 -4.98891e-05
3203 6.91414e-06
3204 3.45707e-05
3205 2.38419e-05
3206 7.81417e-05
3207 0.000150263
3208 0.00015974
3209 0.000296235
3210 0.000127375
3211 0.000182092
3212 0.000153601
3213 8.48174e-05
3214 -3.36766e-06
3215 -1.06096e-05
3216 0.000201344
3217 0.000114202
3218 7.41482e-05
3219 9.56655e-05
3220 0.000148118
3221 0.000182509
3222 0.000136971
3223 0.000273347
3224 0.00016427
3225 0.00020504
3226 0.000191689
3227 0.000213325
3228 0.000191748
3229 7.92742e-05
3230 0.000102043
3231 8.89301e-05
3232 7.90954e-05
3233 0.000113428
3234 5.69224e-05
3235 0.000115395
3236 0.000188947
3237 0.000120997
3238 0.000220358
3239 0.000122786
3240 0.000120103
3241 0.000204563
3242 8.91685e-05
3243 0.000125349
3244 0.000148416
3245 0.000145018
3246 9.80496e-05
3247 0.000102162
3248 0.000151098
3249 0.000115871
3250 0.000172555
3251 0.000175595
3252 0.000190794
3253 0.000181317
3254 0.000103772
3255 8.74996e-05
3256 0.000233293
3257 0.000223875
3258 0.000276089
3259 0.000202179
3260 0.00020802
3261 0.000246346
3262 0.000154793
3263 0.000142157
3264 0.000169337
3265 0.000157237
3266 0.000113189
3267 7.72476e-05
3268 1.65701e-05
3269 0.000131547
3270 4.19617e-05
3271 1.23382e-05
3272 0.000116825
3273 0.000148356
3274 0.000141919
3275 0.000126719
3276 0.000138819
3277 0.000100255
3278 0.00022161
3279 0.000174344
3280 0.000181615
3281 0.000205159
3282 0.000214338
3283 0.000260055
3284 0.000285089
3285 0.000329792
3286 0.00030297
3287 0.000339568
3288 0.000383437
3289 0.000414371
3290 0.00031513
3291 0.000451326
3292 0.000372827
3293 0.000489652
3294 0.000425577
3295 0.000328183
3296 0.000348628
3297 0.000351429
3298 0.000254035
3299 0.000180483
3300 0.000141442
3301 0.00014329
3302 6.9499e-05
3303 0.000147462
3304 0.00015372
3305 4.76241e-05
3306 -1.58846e-05
3307 -5.35548e-05
3308 -5.32866e-05
3309 6.19888e-06
3310 -5.78165e-06
3311 7.06911e-05
3312 7.1764e-05
3313 8.07643e-05
3314 3.23057e-05
3315 1.37091e-05
3316 0.000106096
3317 0.000209987
3318 0.000184476
3319 0.000157058
3320 0.000199139
3321 0.000163972
3322 0.000159085
3323 0.000171244
3324 0.00013876
3325 0.000317156
3326 0.000311852
3327 0.000144899
3328 0.000126541
3329 9.61423e-05
3330 9.87649e-05
3331 -3.93689e-05
3332 -6.63102e-05
3333 -3.5733e-05
3334 -5.74887e-05
3335 3.618e-05
3336 1.60933e-06
3337 -4.69685e-05
3338 -7.82013e-05
3339 -4.47035e-05
3340 -1.81794e-05
3341 2.34246e-05
3342 -0.000103056
3343 -0.000128299
3344 -8.72016e-05
3345 -9.2566e-05
3346 -0.000102907
3347 -8.32975e-05
3348 -0.000114441
3349 -1.65999e-05
3350 -1.65999e-05
3351 4.11272e-05
3352 0.000124276
3353 8.69632e-05
3354 9.01818e-05
3355 0.000145316
3356 0.000160873
3357 5.83529e-05
3358 0.000127912
3359 0.000164449
3360 0.000124276
3361 0.000221312
3362 0.000224531
3363 0.000289917
3364 0.000334442
3365 0.0002895
3366 0.000348747
3367 0.000297427
3368 0.000210822
3369 0.000172317
3370 0.000146627
3371 3.97563e-05
3372 0.000160277
3373 0.000190794
3374 0.000211239
3375 0.000341415
3376 0.000313401
3377 0.000293493
3378 0.000422597
3379 0.000439942
3380 0.000536144
3381 0.00050801
3382 0.000491142
3383 0.000408828
3384 0.000407279
3385 0.000351429
3386 0.000303328
3387 0.000281036
3388 0.000316501
3389 0.000297368
3390 0.000325024
3391 0.00010705
3392 0.000117481
3393 0.000193834
3394 7.39694e-05
3395 5.40614e-05
3396 7.61747e-05
3397 -6.38366e-05
3398 -8.99136e-05
3399 -9.67085e-05
3400 -1.39773e-05
3401 3.94583e-05
3402 -3.32594e-05
3403 7.01547e-05
3404 2.43783e-05
3405 3.3617e-05
3406 -2.89083e-06
3407 9.57251e-05
3408 0.000119627
3409 0.000133514
3410 0.0002051
3411 0.000227869
3412 0.000171065
3413 0.000314057
3414 0.000269473
3415 0.000263333
3416 0.000202954
3417 0.000217021
3418 0.000256419
3419 0.000310838
3420 0.000342011
3421 0.00037396
3422 0.000450134
3423 0.000415981
3424 0.000328183
3425 0.000357449
3426 0.000356197
3427 0.000305414
3428 0.000417411
3429 0.000422001
3430 0.000362575
3431 0.00039202
3432 0.000150442
3433 7.71284e-05
3434 0.000106871
3435 0.000175416
3436 0.000198245
3437 0.000127137
3438 5.91874e-05
3439 5.58496e-05
3440 0.000114083
3441 0.000152409
3442 0.000224054
3443 0.000213742
3444 0.000235558
3445 0.000218868
3446 0.000156939
3447 0.000130892
3448 0.000111401
3449 6.41942e-05
3450 0.000102758
3451 0.000103712
3452 5.73397e-05
3453 0.000100553
3454 0.000136316
3455 0.000241756
3456 9.40561e-05
3457 0.000196278
3458 0.000154018
3459 0.000254452
3460 0.000274897
3461 0.000176072
3462 0.000151634
3463 0.00023061
3464 0.000278056
3465 0.000227332
3466 0.00019747
3467 0.000290394
3468 0.00022769
3469 0.000182688
3470 0.000213981
3471 0.000115514
3472 8.79169e-05
3473 0.000104427
3474 9.00626e-05
3475 0.000150502
3476 0.000178754
3477 0.000124574
3478 0.000133514
3479 0.000203013
3480 0.000231624
3481 0.000214696
3482 0.000271976
3483 0.000147641
3484 0.000225604
3485 0.000279903
3486 0.000294924
3487 0.000325024
3488 0.000310957
3489 0.000235617
3490 0.000154972
3491 0.000170767
3492 0.000166357
3493 0.000106514
3494 0.00010097
3495 0.000142336
3496 0.000194848
3497 0.00013864
3498 7.46846e-05
3499 3.94583e-05
3500 6.00219e-05
3501 5.40018e-05
3502 8.6844e-05
3503 9.36389e-05
3504 0.000154197
3505 0.000111639
3506 0.000234187
3507 0.000326931
3508 0.000349104
3509 0.000287354
3510 0.000397742
3511 0.000337958
3512 0.000271559
3513 0.000338614
3514 0.000397027
3515 0.000247717
3516 0.000268459
3517 0.000216603
3518 0.000125468
3519 0.000156581
3520 0.000151038
3521 0.000245869
3522 0.000263691
3523 0.000174344
3524 0.000146091
3525 0.000173628
3526 0.000136375
3527 0.000210881
3528 0.000145197
3529 6.16312e-05
3530 8.45194e-05
3531 0.000115037
3532 0.000149727
3533 0.000172257
3534 0.00016129
3535 0.000135422
3536 0.000178397
3537 0.00021255
3538 6.38962e-05
3539 4.39286e-05
3540 8.64267e-05
3541 0.000167012
3542 7.06315e-05
3543 0.000132561
3544 0.000179052
3545 0.000224531
3546 0.000162542
3547 0.000223935
3548 0.00012517
3549 0.000190377
3550 0.000104427
3551 0.000133038
3552 0.000194013
3553 0.000161767
3554 0.0002684
3555 0.000212073
3556 0.000285566
3557 0.000256062
3558 0.000306129
3559 0.000164509
3560 0.000240743
3561 0.000223875
3562 0.000118911
3563 0.000162899
3564 8.80957e-05
3565 0.000127554
3566 0.00014025
3567 0.000124156
3568 0.000126541
3569 0.000142753
3570 0.000146568
3571 0.0001176
3572 0.000140131
3573 0.000190318
3574 0.000147104
3575 0.000169635
3576 0.000227034
3577 0.000282824
3578 0.000246286
3579 0.000238001
3580 0.000139713
3581 9.08971e-05
3582 -5.36442e-06
3583 4.54783e-05
3584 8.53539e-05
3585 0.000237048
3586 0.00023061
3587 0.000263751
3588 0.00018537
3589 6.9797e-05
3590 9.197e-05
3591 4.02331e-05
3592 2.77758e-05
3593 2.3067e-05
3594 3.12924e-05
3595 0.000218213
3596 0.000244319
3597 0.000202656
3598 0.000320375
3599 0.000307858
3600 0.000225186
3601 0.000203371
3602 0.000110388
3603 4.4167e-05
3604 6.39558e-05
3605 0.000165522
3606 0.000234783
3607 0.000214756
3608 0.00022167
3609 0.000165761
3610 0.00020057
3611 0.000149369
3612 0.000132442
3613 0.00010252
3614 0.000144184
3615 0.000237048
3616 0.000193834
3617 0.000253975
3618 0.000219882
3619 0.000180662
3620 0.000223577
3621 0.000212848
3622 0.000225365
3623 0.000227451
3624 0.000202775
3625 0.000276625
3626 0.00019747
3627 0.000188231
3628 0.000254393
3629 0.000143349
3630 9.76324e-05
3631 7.22408e-05
3632 0.000123024
3633 0.000135601
3634 0.000117362
3635 8.44598e-05
3636 0.000187874
3637 0.000165522
3638 0.000175118
3639 0.000124216
3640 0.000195503
3641 0.000117123
3642 0.000155568
3643 0.000204384
3644 0.000102818
3645 7.31945e-05
3646 0.000157475
3647 0.000114262
3648 9.78112e-05
3649 0.000162303
3650 0.00013721
3651 -1.35303e-05
3652 2.26498e-06
3653 -1.7345e-05
3654 -3.35872e-05
3655 -6.1065e-05
3656 -2.36332e-05
3657 0.00012219
3658 9.85861e-05
3659 8.16584e-06
3660 8.98838e-05
3661 0.000105917
3662 0.000198781
3663 0.000222385
3664 0.000159919
3665 0.000235856
3666 0.000255704
3667 0.000275731
3668 0.000361741
3669 0.00034225
3670 0.000227094
3671 0.000266373
3672 0.000229299
3673 0.00025028
3674 0.00029403
3675 0.00024271
3676 0.000388205
3677 0.000201106
3678 0.00024879
3679 0.000172019
3680 0.000131905
3681 0.000155509
3682 0.000142753
3683 0.000162244
3684 0.000180066
3685 0.000217021
3686 0.000245512
3687 0.000136435
3688 0.000202477
3689 0.000252008
3690 0.000353158
3691 0.000324726
3692 0.000323534
3693 0.00021255
3694 0.000241518
3695 0.000223875
3696 0.000217676
3697 0.000172675
3698 0.0002473
3699 0.000220358
3700 0.000124097
3701 0.000211418
3702 0.000245214
3703 0.000126004
3704 0.000246108
3705 0.000224054
3706 0.000157356
3707 0.000126779
3708 0.000120163
3709 3.93391e-05
3710 5.26309e-05
3711 -2.22027e-05
3712 6.57439e-05
3713 2.00272e-05
3714 6.45518e-05
3715 -1.3113e-06
3716 9.4533e-05
3717 0.000170529
3718 3.60012e-05
3719 1.508e-05
3720 2.52724e-05
3721 0.000146627
3722 0.000218928
3723 0.000272751
3724 0.000222564
3725 0.000181258
3726 0.000128508
3727 6.31809e-05
3728 0.000106633
3729 5.8651e-05
3730 9.95398e-05
3731 0.00012356
3732 0.000105858
3733 0.000103831
3734 0.000196934
3735 0.000212967
3736 0.000167429
3737 9.66191e-05
3738 0.000141263
3739 0.000176191
3740 0.000275254
3741 0.000246882
3742 0.000219166
3743 0.000177622
3744 0.000112116
3745 5.78761e-05
3746 0.000119209
3747 0.000148773
3748 0.000119805
3749 6.86049e-05
3750 4.54783e-05
3751 9.53078e-05
3752 -0.000107139
3753 -9.05991e-05
3754 -0.000181943
3755 -0.000216305
3756 -0.000219285
3757 -0.000168949
3758 -0.000189424
3759 -0.000184804
3760 -0.00023514
3761 -0.00020799
3762 -0.000263393
3763 -0.000168532
3764 -7.82907e-05
3765 -0.000120193
3766 -0.000201583
3767 -0.000137597
3768 -0.000163466
3769 -0.000160366
3770 -0.000221461
3771 -0.000331998
3772 -0.000246465
3773 -0.000237167
3774 -0.000156283
3775 -0.00012669
3776 5.6684e-05
3777 4.4167e-05
3778 -2.99513e-05
3779 9.47714e-06
3780 9.44138e-05
3781 8.55923e-05
3782 0.000156283
3783 0.000169814
3784 0.000122249
3785 3.96967e-05
3786 0.000120044
3787 9.66787e-05
3788 0.000102162
3789 0.000113308
3790 0.000123203
3791 5.04255e-05
3792 0.000195324
3793 0.000177622
3794 0.000282764
3795 0.000246704
3796 0.000198424
3797 0.000155985
3798 9.23276e-05
3799 6.86646e-05
3800 2.15173e-05
3801 7.84397e-05
3802 3.26037e-05
3803 -3.92497e-05
3804 -9.05991e-06
3805 0.000115633
3806 9.799e-05
3807 3.24249e-05
3808 3.28422e-05
3809 3.36766e-05
3810 0.000121891
3811 0.000193179
3812 0.000101745
3813 0.000159383
3814 0.000131607
3815 8.09431e-05
3816 1.34706e-05
3817 0.000104785
3818 0.000165939
3819 4.20213e-05
3820 -1.87755e-05
3821 -3.53456e-05
3822 -7.31349e-05
3823 -0.000145078
3824 -0.000165403
3825 -0.000102401
3826 -8.99732e-05
3827 -8.54433e-05
3828 3.15905e-05
3829 2.09212e-05
3830 4.65512e-05
3831 -7.98702e-06
3832 -7.81715e-05
3833 -5.60284e-06
3834 9.53674e-07
3835 -5.22435e-05
3836 -0.000108689
3837 -4.60744e-05
3838 -0.00011763
3839 -8.97944e-05
3840 -8.23438e-05
3841 -0.000127465
3842 0.000102699
3843 9.53674e-05
3844 4.94719e-06
3845 -1.68979e-05
3846 6.17504e-05
3847 2.11596e-05
3848 1.51992e-05
3849 0.000124156
3850 0.000118613
3851 0.000191271
3852 0.000171125
3853 0.000126541
3854 0.000101388
3855 0.000100613
3856 0.000129461
3857 0.000145555
3858 0.00010252
3859 7.2062e-05
3860 7.9155e-05
3861 0.00022763
3862 0.000214398
3863 0.000283957
3864 0.000181973
3865 0.000193715
3866 0.000193179
3867 0.000164151
3868 0.00017947
3869 0.000177085
3870 0.000129044
3871 0.000159919
3872 0.000185609
3873 0.000107288
3874 9.33409e-05
3875 5.94258e-05
3876 5.66244e-05
3877 0.000227869
3878 6.49691e-05
3879 0.000195086
3880 0.000204384
3881 0.000117302
3882 0.000123441
3883 0.000123322
3884 0.000147521
3885 0.000146031
3886 7.1466e-05
3887 8.95858e-05
3888 6.52075e-05
3889 0.000110328
3890 0.000171006
3891 0.000214279
3892 0.000169873
3893 0.000224769
3894 0.000258207
3895 0.000303745
3896 0.000294089
3897 0.000248075
3898 0.000322878
3899 0.000262082
3900 0.000214577
3901 0.000108719
3902 0.000142157
3903 9.69768e-05
3904 5.50151e-05
3905 -3.01301e-05
3906 0.000117302
3907 6.43134e-05
3908 6.68764e-05
3909 7.56979e-05
3910 5.99027e-05
3911 7.64132e-05
3912 7.62939e-06
3913 -8.2016e-05
3914 -0.000146925
3915 -5.91874e-05
3916 -4.56274e-05
3917 -1.79112e-05
3918 -9.39369e-05
3919 9.47714e-06
3920 -3.21865e-06
3921 5.03063e-05
3922 7.54595e-05
3923 0.000103951
3924 0.000226021
3925 9.83477e-05
3926 0.000220954
3927 0.000143051
3928 0.000279307
3929 0.000326276
3930 0.000284195
3931 0.000151813
3932 -3.0458e-05
3933 -2.87294e-05
3934 -9.43542e-05
3935 1.32918e-05
3936 -9.197e-05
3937 -7.69794e-05
3938 2.01464e-05
3939 5.41806e-05
3940 7.45058e-05
3941 -4.14252e-06
3942 -2.86698e-05
3943 -3.13818e-05
3944 -0.000117153
3945 -4.52399e-05
3946 -8.4579e-05
3947 -0.000117213
3948 -1.3262e-05
3949 -3.99947e-05
3950 6.81877e-05
3951 0.000181556
3952 0.000136673
3953 8.84533e-05
3954 0.000159502
3955 0.000120401
3956 0.000108361
3957 7.02143e-05
3958 0.000133753
3959 0.000141025
3960 0.000155389
3961 0.000175893
3962 0.000172138
3963 0.000152588
3964 0.000140011
3965 0.000222027
3966 0.000283122
3967 0.000177264
3968 0.000198185
3969 0.000112176
3970 0.000205576
3971 6.4373e-05
3972 0.000101686
3973 2.51532e-05
3974 -9.36985e-05
3975 -2.31862e-05
3976 -8.31783e-05
3977 -9.5576e-05
3978 -5.76377e-05
3979 9.78708e-05
3980 7.62939e-05
3981 0.000168383
3982 2.24113e-05
3983 7.65324e-05
3984 0.000100434
3985 7.38502e-05
3986 0.000187933
3987 0.000173271
3988 0.00014025
3989 8.39233e-05
3990 0.000126362
3991 0.000167787
3992 0.000105917
3993 0.000159621
3994 0.000153482
3995 0.000105619
3996 0.000242054
3997 0.000138998
3998 0.00011307
3999 0.000151575
4000 0.000213802
4001 0.000240684
4002 0.000232637
4003 0.00012356
4004 3.52263e-05
4005 -9.17912e-06
4006 0.000135779
4007 0.000190675
4008 8.39233e-05
4009 7.44462e-05
4010 0.000117183
4011 1.78218e-05
4012 8.61287e-05
4013 3.39746e-06
4014 0.000146031
4015 0.000172853
4016 0.000268102
4017 0.000235379
4018 0.000256777
4019 0.000287592
4020 0.000238299
4021 0.000208914
4022 0.000185251
4023 0.000341475
4024 0.000296652
4025 0.000233591
4026 0.000134528
4027 0.000162244
4028 6.21676e-05
4029 2.44379e-06
4030 2.94447e-05
4031 5.91874e-05
4032 6.54459e-05
4033 5.61476e-05
4034 4.82798e-05
4035 6.65784e-05
4036 1.14441e-05
4037 -6.79791e-05
4038 -2.0504e-05
4039 3.40343e-05
4040 7.83205e-05
4041 0.000120521
4042 0.000194252
4043 0.000208259
4044 0.000195384
4045 0.000334382
4046 0.000300407
4047 0.000225306
4048 0.000178635
4049 0.000196874
4050 2.76566e-05
4051 0.000211477
4052 0.000191867
4053 0.000223815
4054 0.000202417
4055 0.000167549
4056 0.000279963
4057 0.000279665
4058 0.000243187
4059 0.000297666
4060 0.000156999
4061 0.000110686
4062 6.56247e-05
4063 -1.49906e-05
4064 3.97563e-05
4065 9.2566e-05
4066 8.57711e-05
4067 0.000140488
4068 0.000169873
4069 9.33409e-05
4070 7.06911e-05
4071 0.000166118
4072 0.000173688
4073 0.000228405
4074 0.000226021
4075 0.000196576
4076 0.000200272
4077 0.000108361
4078 0.00012207
4079 0.000161767
4080 6.7234e-05
4081 4.03523e-05
4082 5.8949e-05
4083 1.23978e-05
4084 8.82745e-05
4085 4.29153e-05
4086 -4.79817e-06
4087 -2.53022e-05
4088 -0.00010705
4089 -0.000136375
4090 -0.000170588
4091 -8.46088e-05
4092 -7.87973e-05
4093 7.27177e-06
4094 1.62721e-05
4095 1.36495e-05
4096 0.000115097
4097 0.000163496
4098 0.000120282
4099 0.000105321
4100 8.02875e-05
4101 5.72801e-05
4102 7.20024e-05
4103 0.000200331
4104 0.000259817
4105 0.000195861
4106 0.000265121
4107 0.000136614
4108 0.00015825
4109 2.85506e-05
4110 6.49691e-06
4111 -6.78599e-05
4112 -1.3262e-05
4113 -8.72612e-05
4114 -0.000112236
4115 -9.90927e-05
4116 -0.000158429
4117 -0.000106007
4118 -2.92659e-05
4119 -7.63535e-05
4120 -0.000127614
4121 -4.27663e-05
4122 -0.0001131
4123 -4.09484e-05
4124 8.66652e-05
4125 -1.24872e-05
4126 -7.78139e-05
4127 -0.000158906
4128 -0.000202537
4129 -0.000344753
4130 -0.0004161
4131 -0.000328183
4132 -0.000313997
4133 -0.000260711
4134 -0.000204772
4135 -0.000296265
4136 -0.000305116
4137 -0.000346124
4138 -0.000282615
4139 -0.000400335
4140 -0.000322938
4141 -0.000358701
4142 -0.000271529
4143 -0.000281781
4144 -0.000242621
4145 -0.000207782
4146 -0.000145793
4147 -0.000171334
4148 -0.000208646
4149 -0.0001041
4150 -0.00016436
4151 -0.000136226
4152 -2.45869e-05
4153 -5.86212e-05
4154 -9.93907e-05
4155 -6.33895e-05
4156 -8.07941e-05
4157 -9.50694e-05
4158 -0.000122041
4159 -4.35114e-05
4160 -7.84695e-05
4161 4.80413e-05
4162 3.1054e-05
4163 -1.22488e-05
4164 -7.02441e-05
4165 8.38637e-05
4166 4.35114e-05
4167 -3.51369e-05
4168 -9.64701e-05
4169 -7.71284e-05
4170 -2.95341e-05
4171 -3.8147e-05
4172 -2.41399e-06
4173 7.21216e-06
4174 -1.19209e-07
4175 1.13249e-05
4176 2.83718e-05
4177 5.03659e-05
4178 -4.9293e-05
4179 1.5974e-05
4180 -9.32217e-05
4181 -0.000153035
4182 -6.53863e-05
4183 1.90735e-05
4184 8.73208e-05
4185 0.000127614
4186 4.14848e-05
4187 9.91821e-05
4188 8.10623e-06
4189 -6.83963e-05
4190 -0.000160694
4191 -0.000214309
4192 -0.000151634
4193 -0.000347316
4194 -0.000352174
4195 -0.000385463
4196 -0.000312626
4197 -0.000421226
4198 -0.00033614
4199 -0.000259846
4200 -0.000382811
4201 -0.000220984
4202 -0.000255615
4203 -0.000198424
4204 -0.000148833
4205 -0.00014326
4206 -4.45247e-05
4207 -4.32134e-06
4208 4.81606e-05
4209 8.2016e-05
4210 -3.01003e-06
4211 0.000107229
4212 8.63671e-05
4213 6.6638e-05
4214 2.15173e-05
4215 9.48906e-05
4216 6.47902e-05
4217 7.47442e-05
4218 1.43647e-05
4219 7.71284e-05
4220 2.10404e-05
4221 3.06368e-05
4222 2.65837e-05
4223 8.96454e-05
4224 0.000139177
4225 8.63671e-05
4226 4.90546e-05
4227 2.74777e-05
4228 5.20945e-05
4229 0.000138164
4230 0.000266552
4231 0.000266969
4232 0.000242293
4233 0.000221193
4234 0.000214517
4235 0.000136256
4236 0.000243545
4237 0.000240862
4238 0.000324249
4239 0.000204563
4240 0.000213504
4241 0.000222445
4242 0.000168622
4243 0.000240028
4244 0.00027889
4245 0.000315964
4246 0.00041914
4247 0.000305057
4248 0.000225306
4249 0.000186861
4250 0.00021553
4251 0.000110447
4252 0.000183344
4253 0.000182509
4254 0.000185192
4255 0.000196815
4256 0.00024724
4257 0.000178456
4258 0.000157297
4259 0.000299931
4260 0.000319302
4261 0.00032115
4262 0.000220537
4263 0.000234187
4264 0.000296652
4265 0.000163853
4266 0.000153899
4267 0.000135481
4268 0.000143588
4269 7.98702e-05
4270 9.47714e-06
4271 0.00010401
4272 0.000126004
4273 6.80685e-05
4274 0.000150323
4275 0.000146031
4276 0.000182569
4277 0.000160933
4278 0.000144958
4279 0.000234365
4280 0.000252366
4281 0.000446379
4282 0.000273108
4283 0.00014174
4284 0.000193477
4285 8.32677e-05
4286 0.000117958
4287 0.000203133
4288 0.000183225
4289 0.000160992
4290 0.000106752
4291 0.000117183
4292 0.00017035
4293 6.93202e-05
4294 2.40803e-05
4295 7.7188e-05
4296 5.01275e-05
4297 0.000136375
4298 9.39369e-05
4299 0.000165224
4300 0.000118732
4301 0.000171483
4302 9.82285e-05
4303 8.96454e-05
4304 3.51667e-05
4305 8.15988e-05
4306 0.00012809
4307 0.000110567
4308 0.000185132
4309 0.000130355
4310 4.42266e-05
4311 8.46386e-05
4312 5.19156e-05
4313 1.12653e-05
4314 2.26498e-05
4315 1.49012e-06
4316 8.75592e-05
4317 3.51667e-05
4318 6.96182e-05
4319 -3.67761e-05
4320 -0.000120103
4321 -0.000121534
4322 -0.000183553
4323 -0.000118285
4324 -0.000126034
4325 -0.000155628
4326 -0.000123918
4327 -2.51532e-05
4328 2.21133e-05
4329 6.22869e-05
4330 8.41618e-05
4331 9.39369e-05
4332 0.000135422
4333 0.000208855
4334 0.000137687
4335 0.000207901
4336 0.000289738
4337 0.000196576
4338 0.000197828
4339 0.00010401
4340 8.55327e-05
4341 5.9545e-05
4342 -6.4373e-05
4343 -1.95801e-05
4344 5.32866e-05
4345 3.63588e-05
4346 2.99215e-05
4347 0.000157833
4348 0.000237048
4349 8.11219e-05
4350 2.12193e-05
4351 5.94854e-05
4352 1.23978e-05
4353 -2.28286e-05
4354 -1.11759e-05
4355 3.15905e-06
4356 0.000136495
4357 2.22921e-05
4358 -1.15037e-05
4359 -4.55081e-05
4360 -1.15931e-05
4361 4.50015e-05
4362 2.02656e-05
4363 -2.79248e-05
4364 -0.000128061
4365 -0.000186354
4366 -0.000174522
4367 -0.000183731
4368 -0.000233352
4369 -3.9041e-05
4370 -0.00011
4371 -0.000119418
4372 -0.000173092
4373 -0.000115961
4374 -0.000150561
4375 -4.46141e-05
4376 -0.000223011
4377 -0.000266612
4378 -0.000300795
4379 -0.000286609
4380 -0.000316203
4381 -0.000218451
4382 -8.85725e-05
4383 -0.000218302
4384 -0.000198632
4385 -0.000226557
4386 -0.000197023
4387 -0.000196576
4388 -0.000273407
4389 -0.000266224
4390 -0.000263155
4391 -0.000294894
4392 -0.00029844
4393 -0.000249833
4394 -0.000365257
4395 -0.000310242
4396 -0.000378639
4397 -0.000431329
4398 -0.000478774
4399 -0.000386983
4400 -0.000339717
4401 -0.000346214
4402 -0.000354618
4403 -0.000345916
4404 -0.000279069
4405 -0.000223547
4406 -0.00025773
4407 -0.000135839
4408 -0.00023818
4409 -0.000232399
4410 -5.26905e-05
4411 -0.000115246
4412 -0.000112832
4413 -0.000154436
4414 -0.000145733
4415 -0.00016433
4416 -0.00022912
4417 -0.000114828
4418 -9.86159e-05
4419 -0.00010559
4420 -2.64347e-05
4421 2.38419e-06
4422 -0.000126362
4423 -0.000148952
4424 -4.38392e-05
4425 -0.000155061
4426 -7.80225e-05
4427 -0.000143647
4428 -0.000198901
4429 -0.000118464
4430 -5.3823e-05
4431 -9.93609e-05
4432 -6.68764e-05
4433 1.67489e-05
4434 1.00732e-05
4435 -1.90735e-05
4436 0.000157595
4437 0.000217319
4438 0.000165045
4439 0.000108421
4440 5.11408e-05
4441 0.000179291
4442 0.000138044
4443 6.02603e-05
4444 6.91414e-05
4445 2.2471e-05
4446 3.11732e-05
4447 2.11596e-05
4448 4.14252e-05
4449 8.70824e-05
4450 -4.1008e-05
4451 -4.47035e-06
4452 -9.11951e-06
4453 9.62019e-05
4454 0.000107825
4455 1.09076e-05
4456 -6.21676e-05
4457 3.50475e-05
4458 1.51396e-05
4459 1.40071e-05
4460 -7.77841e-05
4461 -7.84099e-05
4462 1.93119e-05
4463 1.49012e-05
4464 2.5034e-06
4465 2.5034e-06
4466 1.90735e-06
4467 1.54972e-06
4468 3.47495e-05
4469 2.04444e-05
4470 -3.0756e-05
4471 -0.000130653
4472 -4.47929e-05
4473 -6.83069e-05
4474 -9.48012e-05
4475 -6.94096e-05
4476 -9.92417e-06
4477 -3.29912e-05
4478 -8.63373e-05
4479 -8.10325e-05
4480 -3.66867e-05
4481 3.44515e-05
4482 5.65052e-05
4483 -5.0962e-06
4484 8.03471e-05
4485 -9.59933e-05
4486 -0.000103951
4487 -5.19156e-05
4488 7.09295e-06
4489 -8.49366e-06
4490 -2.81334e-05
4491 -1.63913e-06
4492 -3.5733e-05
4493 1.59144e-05
4494 -5.06341e-05
4495 -5.00381e-05
4496 -0.000115514
4497 -0.000168681
4498 -0.000151515
4499 -0.00021413
4500 -0.000292629
4501 -0.000302076
4502 -0.00021708
4503 -0.000146627
4504 -0.000211328
4505 -0.000232935
4506 -0.00030008
4507 -0.000176638
4508 -0.000269085
4509 -0.000198096
4510 -0.000143826
4511 -0.000228852
4512 -0.000150084
4513 -0.00023374
4514 -0.000127763
4515 -9.05991e-05
4516 -0.000146508
4517 -0.000106007
4518 -0.00025022
4519 -0.000129461
4520 -9.66191e-05
4521 -3.62098e-05
4522 -1.62125e-05
4523 -6.86944e-05
4524 -3.45707e-06
4525 -5.91576e-05
4526 -0.000173837
4527 -0.000177771
4528 -0.000121504
4529 -0.000160277
4530 -6.10054e-05
4531 -1.57952e-05
4532 -6.79791e-05
4533 -0.000106484
4534 -9.83775e-05
4535 -4.72069e-05
4536 -3.45111e-05
4537 -2.38419e-06
4538 9.94802e-05
4539 -2.23517e-06
4540 1.94311e-05
4541 -2.98023e-08
4542 5.76377e-05
4543 3.78489e-05
4544 0.000111103
4545 0.000125051
4546 0.00015223
4547 0.000146985
4548 7.55787e-05
4549 0.000128031
4550 0.00015986
4551 0.000149429
4552 7.62939e-05
4553 4.22597e-05
4554 0.000131011
4555 0.000235319
4556 0.000210166
4557 0.000195801
4558 0.00022459
4559 0.000105858
4560 7.01547e-05
4561 0.000247061
4562 0.0001266
4563 6.76513e-05
4564 9.0301e-05
4565 9.32217e-05
4566 2.26498e-05
4567 1.4782e-05
4568 -5.16772e-05
4569 -0.000136167
4570 6.04987e-05
4571 6.52075e-05
4572 1.43051e-05
4573 1.5378e-05
4574 8.77976e-05
4575 7.80821e-06
4576 1.13845e-05
4577 0.000117123
4578 0.000196636
4579 0.000118852
4580 -2.51532e-05
4581 -4.91142e-05
4582 0.000103116
4583 0.000100374
4584 1.84774e-05
4585 8.66055e-05
4586 -0.000106245
4587 -9.91523e-05
4588 -7.06017e-05
4589 -9.16421e-05
4590 1.40667e-05
4591 -2.47359e-05
4592 5.10812e-05
4593 8.54731e-05
4594 1.34706e-05
4595 7.90358e-05
4596 0.000145733
4597 0.000142097
4598 0.000215828
4599 0.000287831
4600 0.000313044
4601 0.000235975
4602 0.000233471
4603 0.000263572
4604 0.000272632
4605 0.000356793
4606 0.000279725
4607 0.000161707
4608 9.60231e-05
4609 2.8491e-05
4610 6.13928e-06
4611 -2.74181e-05
4612 5.79953e-05
4613 -0.000128001
4614 -2.05636e-05
4615 -0.000128597
4616 -0.000148386
4617 -0.000116259
4618 -0.000198036
4619 -0.000132322
4620 -0.000152409
4621 -0.000192404
4622 -0.000272661
4623 -0.000184208
4624 -0.000173628
4625 -6.74129e-05
4626 -7.47144e-05
4627 -0.000134826
4628 -0.000206649
4629 -0.000123173
4630 -0.000141501
4631 -0.000115693
4632 -0.000216842
4633 -0.000185251
4634 -0.000154167
4635 -0.000206292
4636 -0.000150621
4637 -0.000177771
4638 -0.000114202
4639 -0.000100881
4640 -0.000123858
4641 -0.000118554
4642 -3.51667e-05
4643 -6.43134e-05
4644 -2.92063e-05
4645 7.4327e-05
4646 -0.00010252
4647 4.85182e-05
4648 4.51207e-05
4649 -3.82662e-05
4650 -1.44839e-05
4651 -5.65648e-05
4652 2.52724e-05
4653 -2.57194e-05
4654 -0.000163198
4655 4.40478e-05
4656 6.03795e-05
4657 6.07967e-05
4658 4.20213e-05
4659 -4.49717e-05
4660 6.03199e-05
4661 0.000128508
4662 6.71148e-05
4663 0.0001688
4664 0.000158072
4665 0.000198305
4666 0.000292957
4667 0.000216365
4668 8.4877e-05
4669 8.95858e-05
4670 0.000167489
4671 6.97374e-05
4672 0.000166833
4673 8.95858e-05
4674 7.20024e-05
4675 -1.42753e-05
4676 -5.27799e-05
4677 0.000184059
4678 3.95179e-05
4679 8.01086e-05
4680 -2.29776e-05
4681 -5.45382e-06
4682 -3.12626e-05
4683 -2.26498e-06
4684 8.23736e-05
4685 0.000107527
4686 0.000153244
4687 4.65512e-05
4688 1.15037e-05
4689 7.13468e-05
4690 -4.25577e-05
4691 5.06639e-05
4692 -3.46005e-05
4693 2.36034e-05
4694 5.71012e-05
4695 -1.84476e-05
4696 8.64267e-06
4697 -2.32458e-05
4698 -2.68221e-05
4699 -2.01166e-05
4700 4.44651e-05
4701 0.000181496
4702 5.26905e-05
4703 1.19209e-07
4704 9.03606e-05
4705 4.97699e-05
4706 0.000113666
4707 7.73072e-05
4708 7.30157e-05
4709 9.75728e-05
4710 5.20349e-05
4711 1.69873e-05
4712 0.000182629
4713 0.000123262
4714 0.000152647
4715 0.000136435
4716 0.000150621
4717 0.000170946
4718 0.000223041
4719 0.000320792
4720 0.000283599
4721 0.000389278
4722 0.000364602
4723 0.000487685
4724 0.00053966
4725 0.000469029
4726 0.000374258
4727 0.000450134
4728 0.000374138
4729 0.000410497
4730 0.000327885
4731 0.000368714
4732 0.000326335
4733 0.000266433
4734 0.000262737
4735 0.000272214
4736 0.000362158
4737 0.000354171
4738 0.000370622
4739 0.00042361
4740 0.000272751
4741 0.000372946
4742 0.000401974
4743 0.000185728
4744 0.000253737
4745 0.000261009
4746 0.000223815
4747 0.000164926
4748 0.000160158
4749 0.000175178
4750 0.000168681
4751 8.51154e-05
4752 0.000131726
4753 0.000130892
4754 8.87513e-05
4755 0.000187516
4756 0.000193179
4757 0.000182211
4758 0.00020957
4759 0.000260472
4760 0.000380397
4761 0.000308037
4762 0.000175297
4763 0.000329792
4764 0.000308931
4765 0.000299573
4766 0.000281751
4767 0.000306427
4768 0.000325561
4769 0.000279129
4770 0.000259995
4771 0.000191331
4772 0.000117958
4773 8.63075e-05
4774 8.66652e-05
4775 7.15256e-06
4776 3.70145e-05
4777 6.96778e-05
4778 8.91089e-05
4779 0.000137746
4780 0.000207603
4781 0.000157177
4782 0.00014919
4783 0.000196278
4784 9.79304e-05
4785 3.47495e-05
4786 -2.92361e-05
4787 -0.000130177
4788 -0.000120372
4789 -6.73234e-05
4790 -2.0206e-05
4791 -1.33216e-05
4792 -3.58522e-05
4793 -3.75509e-05
4794 -2.99811e-05
4795 4.11272e-05
4796 0.000134528
4797 7.7486e-07
4798 -3.24547e-05
4799 6.52075e-05
4800 0.000126541
4801 0.000129759
4802 8.02279e-05
4803 9.47714e-05
4804 7.49826e-05
4805 0.000162363
4806 0.0001297
4807 6.75321e-05
4808 0.000127316
4809 0.000145912
4810 0.000172555
4811 0.000208557
4812 0.000193715
4813 0.000150502
4814 0.000117958
4815 0.000133514
4816 0.000217617
4817 0.000186086
4818 0.00016135
4819 0.000102043
4820 0.000140011
4821 0.000190556
4822 0.000157952
4823 0.000104725
4824 0.000162899
4825 0.0002141
4826 0.000102341
4827 1.98483e-05
4828 7.42078e-05
4829 7.26581e-05
4830 0.000101209
4831 6.00815e-05
4832 0.000101447
4833 4.33326e-05
4834 2.93255e-05
4835 0.000172377
4836 0.000186503
4837 0.00030309
4838 0.000233293
4839 0.000177145
4840 0.000313342
4841 0.000243306
4842 0.000230432
4843 0.00023824
4844 0.000175476
4845 0.000238836
4846 0.00025022
4847 0.000233829
4848 0.000230968
4849 0.000289202
4850 0.000225425
4851 0.000373483
4852 0.000301301
4853 0.000265658
4854 0.000101209
4855 0.000249445
4856 0.000200868
4857 0.000272095
4858 0.000130117
4859 0.000126183
4860 0.000134408
4861 0.000118077
4862 0.000120759
4863 5.73397e-05
4864 2.58684e-05
4865 -0.000156343
4866 -0.000149578
4867 -0.000229359
4868 -9.45926e-05
4869 -7.40886e-05
4870 -0.000118136
4871 -3.31104e-05
4872 3.09944e-06
4873 -0.000100642
4874 -9.31621e-05
4875 -0.000117064
4876 -0.000302374
4877 -0.000274867
4878 -0.000246614
4879 -0.000209153
4880 -0.000221997
4881 -0.000246853
4882 -0.000163049
4883 -0.000185937
4884 -0.00011307
4885 -0.000131071
4886 -0.000118494
4887 -0.000174403
4888 -0.000282228
4889 -0.000278413
4890 -0.00025171
4891 -0.00021866
4892 -0.000232816
4893 -0.000280499
4894 -0.000244379
4895 -0.000325412
4896 -0.000249952
4897 -0.000108689
4898 -6.29723e-05
4899 3.60012e-05
4900 6.77109e-05
4901 8.87513e-05
4902 0.00014168
4903 7.37309e-05
4904 0.000205934
4905 0.000133634
4906 0.000101745
4907 -1.00434e-05
4908 7.6592e-05
4909 0.000159383
4910 8.27312e-05
4911 0.000221968
4912 0.000279427
4913 0.00035888
4914 0.000363231
4915 0.000285029
4916 0.000182927
4917 0.000185609
4918 5.88894e-05
4919 6.84261e-05
4920 9.94802e-05
4921 0.000274479
4922 0.000207901
4923 0.000269949
4924 0.000254333
4925 0.000156701
4926 0.000177979
4927 0.000178397
4928 0.000146806
4929 0.000140846
4930 0.000214279
4931 0.000141323
4932 0.000190914
4933 6.16312e-05
4934 0.000115454
4935 0.000159442
4936 2.89679e-05
4937 0.000126719
4938 0.000131786
4939 0.000116885
4940 0.000145137
4941 6.94394e-05
4942 0.000163853
4943 7.25985e-05
4944 0.000128567
4945 0.00018096
4946 4.20213e-05
4947 2.88486e-05
4948 2.57492e-05
4949 9.34601e-05
4950 0.000153661
4951 0.000266075
4952 0.000209391
4953 8.99434e-05
4954 0.000127792
4955 6.50287e-05
4956 4.94719e-05
4957 -8.87811e-05
4958 -0.000173926
4959 -0.000158608
4960 -9.9659e-05
4961 -7.54297e-05
4962 -0.000103444
4963 -6.72042e-05
4964 -8.91685e-05
4965 -4.09186e-05
4966 7.73072e-05
4967 0.00012958
4968 0.000165999
4969 8.55327e-05
4970 0.000101447
4971 0.000163376
4972 0.000177681
4973 0.000167429
4974 0.000144005
4975 8.77976e-05
4976 4.40478e-05
4977 -1.40369e-05
4978 -6.95586e-05
4979 3.14713e-05
4980 0.000100255
4981 0.000172913
4982 0.000201941
4983 0.000230312
4984 0.000238836
4985 0.000230968
4986 0.00016284
4987 0.000294805
4988 0.000303686
4989 0.000372648
4990 0.000387728
4991 0.000438452
4992 0.000572979
4993 0.000575304
4994 0.000513971
4995 0.000439703
