# rotation correlation for "bonds: name(#1) Ow and name(#2) Hw" in water/0-GPa/bulk.nc
# step value
0 1
1 0.775937
2 0.705735
3 0.651082
4 0.609848
5 0.576725
6 0.547588
7 0.520705
8 0.495602
9 0.472247
10 0.45046
11 0.43009
12 0.410897
13 0.392685
14 0.375518
15 0.359309
16 0.343968
17 0.329441
18 0.31572
19 0.302599
20 0.290038
21 0.278104
22 0.266745
23 0.255943
24 0.245652
25 0.235859
26 0.226528
27 0.217536
28 0.208909
29 0.200628
30 0.192753
31 0.185153
32 0.177912
33 0.171018
34 0.164354
35 0.157946
36 0.151861
37 0.145908
38 0.14027
39 0.134836
40 0.129687
41 0.124689
42 0.119952
43 0.115485
44 0.111014
45 0.106789
46 0.102689
47 0.0988005
48 0.0950479
49 0.0914086
50 0.0878972
51 0.0845916
52 0.081357
53 0.0782545
54 0.0752995
55 0.0725154
56 0.0698041
57 0.0671949
58 0.0647167
59 0.0624009
60 0.060218
61 0.0579992
62 0.0558027
63 0.0537946
64 0.0518223
65 0.0498554
66 0.0480953
67 0.0463947
68 0.0448411
69 0.043204
70 0.0416009
71 0.0401455
72 0.0387546
73 0.0374128
74 0.0361891
75 0.0348241
76 0.0335339
77 0.0323196
78 0.0312285
79 0.0300577
80 0.0289602
81 0.0278313
82 0.0268048
83 0.0257888
84 0.0248432
85 0.0240418
86 0.0231583
87 0.0222722
88 0.0214687
89 0.0207258
90 0.0200677
91 0.0192564
92 0.0185679
93 0.0179486
94 0.017293
95 0.0166299
96 0.0160494
97 0.0154696
98 0.0149278
99 0.0144164
100 0.0139447
101 0.0134038
102 0.012939
103 0.0124038
104 0.0119236
105 0.0114208
106 0.010972
107 0.0105
108 0.0101852
109 0.00979275
110 0.00939232
111 0.00900567
112 0.00869107
113 0.00837868
114 0.00806683
115 0.00768542
116 0.00738454
117 0.00704938
118 0.00681788
119 0.00659138
120 0.00637901
121 0.00612098
122 0.00589007
123 0.00568545
124 0.00532764
125 0.00508893
126 0.00493342
127 0.00471121
128 0.00454849
129 0.00424784
130 0.0041852
131 0.00407046
132 0.0039289
133 0.00370955
134 0.0035727
135 0.00336164
136 0.00324023
137 0.00317788
138 0.00310987
139 0.00302076
140 0.00288975
141 0.00280327
142 0.00275117
143 0.00266844
144 0.0026111
145 0.00251144
146 0.00237036
147 0.00225419
148 0.00216138
149 0.00200403
150 0.00187701
151 0.00178987
152 0.00181931
153 0.001809
154 0.00187397
155 0.00171936
156 0.0016669
157 0.00162292
158 0.00150979
159 0.00148696
160 0.00141031
161 0.00148201
162 0.00143963
163 0.00140822
164 0.00129807
165 0.0012148
166 0.00105727
167 0.000964701
168 0.000957847
169 0.000874817
170 0.000755489
171 0.000713229
172 0.000603497
173 0.000527859
174 0.000407517
175 0.000302374
176 0.000252903
177 0.000245094
178 0.000207484
179 0.000221729
180 0.000230253
181 0.000164092
182 9.5129e-05
183 0.000105321
184 0.000113606
185 0.000129282
186 6.16312e-05
187 6.96182e-05
188 -2.8789e-05
189 -6.88434e-05
190 -0.000171244
191 -0.000183821
192 -0.000173271
193 -0.000106812
194 -0.000169039
195 -0.000158578
196 -0.000212878
197 -0.000193506
198 -0.00022465
199 -0.000202864
200 -0.000174314
201 -0.000119269
202 -0.000183493
203 -0.000183731
204 -0.00015229
205 -0.000146151
206 -0.000103503
207 -8.15988e-05
208 -3.80874e-05
209 1.44839e-05
210 7.33733e-05
211 3.92199e-05
212 1.32322e-05
213 1.95503e-05
214 6.13928e-06
215 9.47714e-06
216 4.82798e-06
217 -2.65241e-06
218 -8.96156e-05
219 -5.97537e-05
220 -9.2864e-05
221 -2.37525e-05
222 -0.000139743
223 -0.000143349
224 -0.000219077
225 -0.000184953
226 -0.000145048
227 -0.000204355
228 -0.000173151
229 -0.000225306
230 -0.000207216
231 -0.000182956
232 -0.000154316
233 -0.000148535
234 -1.8388e-05
235 -2.80142e-06
236 -4.43757e-05
237 -5.1409e-05
238 -4.10974e-05
239 -8.68738e-05
240 -2.25008e-05
241 -0.000121534
242 -4.75645e-05
243 -7.09295e-05
244 -4.673e-05
245 -8.03173e-05
246 -7.63535e-05
247 -6.46114e-05
248 5.96046e-08
249 -1.35899e-05
250 1.5974e-05
251 3.0458e-05
252 9.53674e-06
253 -5.1707e-05
254 -8.58307e-05
255 -7.7635e-05
256 -4.08888e-05
257 -2.65241e-05
258 -1.3411e-05
259 -3.8445e-05
260 5.72205e-06
261 -8.65757e-05
262 -0.000134826
263 -0.000138193
264 -0.000162661
265 -0.000138164
266 -8.05259e-05
267 -8.35061e-05
268 -2.47657e-05
269 -7.96616e-05
270 -0.000121057
271 -6.59823e-05
272 -2.31266e-05
273 3.15905e-06
274 0.000105023
275 6.47902e-05
276 -1.79112e-05
277 5.30481e-06
278 -9.71556e-05
279 -0.000148833
280 -0.000163615
281 -0.000137419
282 -0.00018394
283 -0.000141144
284 -0.000156611
285 -0.000190049
286 -0.000272393
287 -0.000302047
288 -0.00025937
289 -0.000237644
290 -0.000251651
291 -0.000404149
292 -0.000359297
293 -0.000306755
294 -0.000332415
295 -0.000232726
296 -0.00018087
297 -0.000173777
298 -7.51615e-05
299 -6.35386e-05
300 -5.93364e-05
301 4.48823e-05
302 9.78708e-05
303 5.65052e-05
304 7.7486e-05
305 2.85506e-05
306 6.85453e-06
307 3.52263e-05
308 0.00010705
309 8.29697e-05
310 2.65241e-05
311 5.07236e-05
312 3.99351e-05
313 -8.58307e-06
314 -3.3021e-05
315 -7.20918e-05
316 -8.09729e-05
317 -0.00012961
318 -2.77162e-05
319 -9.74238e-05
320 -1.00732e-05
321 6.73532e-06
322 3.82066e-05
323 -4.96805e-05
324 1.2517e-05
325 -2.01464e-05
326 -8.5175e-05
327 -4.42266e-05
328 -0.000133485
329 -0.000181675
330 -9.951e-05
331 -8.12113e-05
332 -0.000135422
333 -0.000131041
334 1.68681e-05
335 9.47714e-06
336 -1.87755e-05
337 -3.04878e-05
338 -8.87215e-05
339 -8.16584e-06
340 8.80957e-05
341 5.97239e-05
342 0.000107467
343 0.000225127
344 0.000360548
345 0.000345647
346 0.000371456
347 0.000302196
348 0.000385582
349 0.000298798
350 0.000268698
351 0.00020957
352 0.000204325
353 0.000174224
354 0.000134766
355 0.000118136
356 2.61068e-05
357 -7.21812e-05
358 -7.42078e-05
359 -8.40724e-05
360 -8.88407e-05
361 -6.19888e-05
362 2.97427e-05
363 -2.80738e-05
364 -4.69089e-05
365 -9.49204e-05
366 -0.000142664
367 -0.000252098
368 -0.000236034
369 -0.000219822
370 -0.000287473
371 -0.000348926
372 -0.000394464
373 -0.000442117
374 -0.000406682
375 -0.000362575
376 -0.000340462
377 -0.000430375
378 -0.000484288
379 -0.000582665
380 -0.000471145
381 -0.000381052
382 -0.000393778
383 -0.000305474
384 -0.000239819
385 -0.000328809
386 -0.000257701
387 -0.000237316
388 -0.000192106
389 -0.000197381
390 -0.000250012
391 -0.000203133
392 -0.000190824
393 -0.00026083
394 -0.00022912
395 -0.000219882
396 -0.000151038
397 -0.000149995
398 -7.98106e-05
399 1.14441e-05
400 3.93391e-05
401 6.8903e-05
402 3.40939e-05
403 3.54052e-05
404 1.57356e-05
405 3.58224e-05
406 4.76837e-07
407 -1.43051e-06
408 1.94907e-05
409 3.56436e-05
410 1.40071e-05
411 2.90871e-05
412 2.43783e-05
413 4.23193e-06
414 -5.48363e-06
415 9.54866e-05
416 0.000163913
417 0.000120759
418 5.81145e-05
419 9.23276e-05
420 5.68628e-05
421 0.000191391
422 0.000267923
423 0.000309408
424 0.000419021
425 0.000443637
426 0.000468791
427 0.00042963
428 0.000439525
429 0.000403643
430 0.000396848
431 0.000316918
432 0.000274122
433 0.000311136
434 0.000292063
435 0.000310242
436 0.000246584
437 0.000149429
438 0.000138879
439 0.000115037
440 0.000106752
441 0.0001176
442 3.01003e-05
443 -6.80089e-05
444 -7.52509e-05
445 -0.000167996
446 -0.000226319
447 -0.000224292
448 -0.000261277
449 -0.000334114
450 -0.000305146
451 -0.000306636
452 -0.00035271
453 -0.000336468
454 -0.000289828
455 -0.000341177
456 -0.000390351
457 -0.00043422
458 -0.000484705
459 -0.000565827
460 -0.000624239
461 -0.000656188
462 -0.000618458
463 -0.000518024
464 -0.000534385
465 -0.000547647
466 -0.000481933
467 -0.000485182
468 -0.000437498
469 -0.000453323
470 -0.000460029
471 -0.000395387
472 -0.000491321
473 -0.00057146
474 -0.000624686
475 -0.000648558
476 -0.000565201
477 -0.000602931
478 -0.000590086
479 -0.00055626
480 -0.000563115
481 -0.00052008
482 -0.000366718
483 -0.000368357
484 -0.00036034
485 -0.000405878
486 -0.000451893
487 -0.00048846
488 -0.000499994
489 -0.000561446
490 -0.000623882
491 -0.000593454
492 -0.000567347
493 -0.000603408
494 -0.000591069
495 -0.00059405
496 -0.000622243
497 -0.000613451
498 -0.000578344
499 -0.000541061
500 -0.00058195
501 -0.000553668
502 -0.000566572
503 -0.000623405
504 -0.000495464
505 -0.000492215
506 -0.000496507
507 -0.000377893
508 -0.000305891
509 -0.000294775
510 -0.000274122
511 -0.000292271
512 -0.000408173
513 -0.000478446
514 -0.000536263
515 -0.000533313
516 -0.000604153
517 -0.000620067
518 -0.000613749
519 -0.000614852
520 -0.000641197
521 -0.000699818
522 -0.000678033
523 -0.000634998
524 -0.000644565
525 -0.000636786
526 -0.00063625
527 -0.00053373
528 -0.0005202
529 -0.000594705
530 -0.000484556
531 -0.00054729
532 -0.000539988
533 -0.000461936
534 -0.000465721
535 -0.000428528
536 -0.000391245
537 -0.000413805
538 -0.000353128
539 -0.000341386
540 -0.00027895
541 -0.000194877
542 -0.000129908
543 -0.000142366
544 -0.0001688
545 -0.000127614
546 -4.21405e-05
547 9.78112e-05
548 8.32081e-05
549 7.55787e-05
550 9.89437e-05
551 9.71556e-05
552 0.000100493
553 0.00015074
554 0.000116646
555 0.000159562
556 0.000185907
557 0.000276566
558 0.000357926
559 0.00042367
560 0.000463843
561 0.000425041
562 0.000364721
563 0.000336647
564 0.000315726
565 0.00034976
566 0.000274241
567 0.000227213
568 0.000244439
569 0.000186265
570 7.95126e-05
571 3.31998e-05
572 1.64509e-05
573 -8.52346e-06
574 -6.33001e-05
575 -0.000116378
576 -0.000219494
577 -0.000252932
578 -0.000256211
579 -0.0002321
580 -0.000276089
581 -0.000321299
582 -0.000294864
583 -0.000406832
584 -0.000406504
585 -0.000399143
586 -0.000419706
587 -0.000395834
588 -0.000477642
589 -0.000463605
590 -0.000480533
591 -0.000557959
592 -0.000580311
593 -0.000593066
594 -0.000515729
595 -0.000558197
596 -0.000603855
597 -0.000501543
598 -0.000367373
599 -0.000363469
600 -0.000364929
601 -0.000423819
602 -0.000399411
603 -0.000423878
604 -0.000444978
605 -0.000465244
606 -0.000341684
607 -0.000326425
608 -0.000290483
609 -0.00026989
610 -0.000286996
611 -0.000246257
612 -0.000241607
613 -0.000130057
614 4.76837e-07
615 4.20213e-05
616 8.18968e-05
617 0.000132918
618 0.000175178
619 0.000220358
620 0.000259697
621 0.000176847
622 0.000139892
623 0.000140429
624 0.000179946
625 0.000299335
626 0.000301659
627 0.000327408
628 0.000422418
629 0.000447392
630 0.000468194
631 0.000453353
632 0.000513375
633 0.000501275
634 0.000497997
635 0.000430882
636 0.0004282
637 0.000475109
638 0.000542939
639 0.000558972
640 0.000540018
641 0.00049752
642 0.000503659
643 0.000433445
644 0.000486135
645 0.000568986
646 0.000649214
647 0.000768602
648 0.000753224
649 0.000766337
650 0.000780463
651 0.000789344
652 0.000830114
653 0.000823736
654 0.000892997
655 0.00086689
656 0.000970781
657 0.00098443
658 0.000966907
659 0.000925303
660 0.000942886
661 0.000851095
662 0.00086236
663 0.00083077
664 0.000756621
665 0.000741243
666 0.00073123
667 0.00062412
668 0.000594139
669 0.000481248
670 0.00047034
671 0.000403523
672 0.000352621
673 0.000306964
674 0.000272036
675 0.000196338
676 0.000274479
677 0.000199378
678 0.000130951
679 0.000208318
680 0.000189006
681 0.000220716
682 0.000151634
683 0.000253022
684 0.000256062
685 0.000259221
686 0.000239432
687 0.000264347
688 0.000271916
689 0.000262022
690 0.000243425
691 0.000317216
692 0.000302136
693 0.00029254
694 0.000276446
695 0.000258982
696 0.000187933
697 0.000118256
698 0.000203431
699 0.000170231
700 0.000172377
701 0.000213623
702 0.000142038
703 0.000195682
704 0.000196636
705 0.000175238
706 0.000161052
707 0.000172317
708 0.000258505
709 0.000299931
710 0.00040853
711 0.000476897
712 0.00049156
713 0.000519514
714 0.000576377
715 0.000641525
716 0.000723124
717 0.000855744
718 0.000849187
719 0.000896931
720 0.000977278
721 0.00102448
722 0.00106442
723 0.00103873
724 0.00104356
725 0.000995159
726 0.00100964
727 0.00101167
728 0.00104642
729 0.00102377
730 0.00101191
731 0.0010227
732 0.000996411
733 0.000982761
734 0.000919938
735 0.000869036
736 0.000886977
737 0.000789583
738 0.000723958
739 0.000755727
740 0.000691712
741 0.000656426
742 0.000654936
743 0.000612259
744 0.000620127
745 0.000622928
746 0.00055784
747 0.000491023
748 0.000399292
749 0.000360906
750 0.00035578
751 0.000391304
752 0.000260413
753 0.000374615
754 0.000264168
755 0.000105321
756 0.000156522
757 9.33409e-05
758 8.40425e-05
759 0.000159085
760 0.000126421
761 6.49095e-05
762 4.53591e-05
763 -4.96805e-05
764 -4.5836e-05
765 -2.25306e-05
766 -1.51992e-06
767 -5.20349e-05
768 -4.76241e-05
769 -8.30591e-05
770 -6.54161e-05
771 -3.8892e-05
772 -7.42972e-05
773 2.86102e-05
774 4.17233e-06
775 -1.15037e-05
776 6.64592e-05
777 0.000126839
778 0.000224411
779 0.000277221
780 0.00026989
781 0.000289738
782 0.000192821
783 0.000292063
784 0.000241816
785 0.000340521
786 0.000395238
787 0.000291884
788 0.000243127
789 0.000258803
790 0.000286996
791 0.000283778
792 0.000339031
793 0.000317395
794 0.000280082
795 0.000213325
796 0.000312328
797 0.000383496
798 0.000385225
799 0.000292003
800 0.000293851
801 0.000405788
802 0.000337362
803 0.000362694
804 0.000461519
805 0.000488102
806 0.000526845
807 0.000484049
808 0.000475168
809 0.000497758
810 0.000448942
811 0.000478923
812 0.000460625
813 0.000512183
814 0.000555813
815 0.000537872
816 0.000536978
817 0.000422418
818 0.000317276
819 0.000343561
820 0.000258803
821 0.000265241
822 0.000371337
823 0.000338733
824 0.000346363
825 0.000398755
826 0.000459194
827 0.000483155
828 0.000469804
829 0.000513017
830 0.000534117
831 0.000601411
832 0.000545502
833 0.000568688
834 0.000606596
835 0.000605881
836 0.00060153
837 0.000626385
838 0.000704765
839 0.000684917
840 0.000690639
841 0.000689924
842 0.000688016
843 0.000675201
844 0.000700593
845 0.000686228
846 0.00059396
847 0.000627577
848 0.000629544
849 0.000678003
850 0.000626981
851 0.00070852
852 0.000774682
853 0.000830054
854 0.000768483
855 0.00082159
856 0.000833511
857 0.000845909
858 0.000756085
859 0.000800252
860 0.000865996
861 0.000720143
862 0.000723839
863 0.000671208
864 0.000601828
865 0.000566423
866 0.000553906
867 0.000523448
868 0.000525653
869 0.000477672
870 0.000457168
871 0.000450909
872 0.000375628
873 0.000316918
874 0.000255048
875 0.000269949
876 0.000262916
877 0.000300884
878 0.000283659
879 0.000225246
880 0.000236154
881 0.000269711
882 0.000232875
883 0.000194371
884 0.000207007
885 0.000283003
886 0.000307798
887 0.000348687
888 0.000307679
889 0.000253677
890 0.000254869
891 0.000261128
892 0.000306427
893 0.000242174
894 0.000223219
895 0.00032413
896 0.000377238
897 0.00036633
898 0.000340223
899 0.000359595
900 0.000359833
901 0.000336587
902 0.000289559
903 0.000327647
904 0.000317752
905 0.000190496
906 0.000144422
907 0.000225604
908 0.000255466
909 0.000273049
910 0.000290632
911 0.000314534
912 0.00031662
913 0.000316679
914 0.000262499
915 0.000180542
916 0.000168562
917 7.89165e-05
918 5.05447e-05
919 6.98566e-05
920 4.3273e-05
921 6.91414e-06
922 -0.000156462
923 -0.000236481
924 -0.000415176
925 -0.000486523
926 -0.00055787
927 -0.000532329
928 -0.000619441
929 -0.000633478
930 -0.000674427
931 -0.00079155
932 -0.000790894
933 -0.000744611
934 -0.000751436
935 -0.000781298
936 -0.000895768
937 -0.00085324
938 -0.000858217
939 -0.000902385
940 -0.000941306
941 -0.00098294
942 -0.000972122
943 -0.00104102
944 -0.00100201
945 -0.00100732
946 -0.00104627
947 -0.00107217
948 -0.00103107
949 -0.0010305
950 -0.00101507
951 -0.00100586
952 -0.00104699
953 -0.000966549
954 -0.00105339
955 -0.00096947
956 -0.00103316
957 -0.000992626
958 -0.000968277
959 -0.000991464
960 -0.000959963
961 -0.000980049
962 -0.00101289
963 -0.000951648
964 -0.000948012
965 -0.000952274
966 -0.000926882
967 -0.000911981
968 -0.000974566
969 -0.000969142
970 -0.000985056
971 -0.00098604
972 -0.000949085
973 -0.000882298
974 -0.000851005
975 -0.000869185
976 -0.000960529
977 -0.000952393
978 -0.000956416
979 -0.000919491
980 -0.000946701
981 -0.000985444
982 -0.000955969
983 -0.000947654
984 -0.000908047
985 -0.000864893
986 -0.000881404
987 -0.000989139
988 -0.000957161
989 -0.000900894
990 -0.000784963
991 -0.000734866
992 -0.000748545
993 -0.000616908
994 -0.000635862
995 -0.000674963
996 -0.000721157
997 -0.000721514
998 -0.000678509
999 -0.000713408
1000 -0.000735134
1001 -0.000727892
1002 -0.00068152
1003 -0.00066945
1004 -0.00074026
1005 -0.000701934
1006 -0.000671118
1007 -0.000658989
1008 -0.000622511
1009 -0.000623524
1010 -0.000715196
1011 -0.000745088
1012 -0.000718296
1013 -0.00068295
1014 -0.000717551
1015 -0.000725478
1016 -0.000673532
1017 -0.000611693
1018 -0.000646591
1019 -0.00067234
1020 -0.000684202
1021 -0.000608116
1022 -0.000692397
1023 -0.000704646
1024 -0.00070852
1025 -0.000670671
1026 -0.000652939
1027 -0.000652254
1028 -0.000585169
1029 -0.000498861
1030 -0.000481129
1031 -0.000530303
1032 -0.000504315
1033 -0.000523061
1034 -0.000464141
1035 -0.000409156
1036 -0.000326067
1037 -0.000172615
1038 -0.00018838
1039 -8.55625e-05
1040 -0.000100255
1041 -2.00272e-05
1042 4.04119e-05
1043 5.56111e-05
1044 0.000134528
1045 0.000100255
1046 0.000212431
1047 0.000159979
1048 0.000167906
1049 0.000116944
1050 7.98106e-05
1051 0.000124872
1052 8.30293e-05
1053 0.000101566
1054 0.000159621
1055 0.000155032
1056 0.000200212
1057 0.000235438
1058 0.000259876
1059 0.000256002
1060 0.000308633
1061 0.00029099
1062 0.000269294
1063 0.000289261
1064 0.000322163
1065 0.000304401
1066 0.000344217
1067 0.000337243
1068 0.000424325
1069 0.000581801
1070 0.000590682
1071 0.00061816
1072 0.000601947
1073 0.000568092
1074 0.000583649
1075 0.000613034
1076 0.000593662
1077 0.000640154
1078 0.000728965
1079 0.000681579
1080 0.000659943
1081 0.000617087
1082 0.000546217
1083 0.000537038
1084 0.000519454
1085 0.000528634
1086 0.000601649
1087 0.000589788
1088 0.000634074
1089 0.000675142
1090 0.000710368
1091 0.00069952
1092 0.000828266
1093 0.000796676
1094 0.000880361
1095 0.000897169
1096 0.000972748
1097 0.00110215
1098 0.00120157
1099 0.00119543
1100 0.00120026
1101 0.00127876
1102 0.001342
1103 0.0013566
1104 0.00136268
1105 0.00128669
1106 0.00112587
1107 0.00107044
1108 0.00103331
1109 0.000912905
1110 0.000853896
1111 0.000844359
1112 0.000828803
1113 0.000802636
1114 0.000784338
1115 0.000714183
1116 0.000719547
1117 0.000725269
1118 0.000778198
1119 0.000764012
1120 0.000709891
1121 0.000706255
1122 0.000575781
1123 0.000544608
1124 0.000550985
1125 0.000623047
1126 0.000697911
1127 0.000774324
1128 0.000805616
1129 0.000896275
1130 0.00094533
1131 0.00101668
1132 0.000947177
1133 0.00104666
1134 0.00103217
1135 0.00109893
1136 0.00102341
1137 0.00107712
1138 0.00111777
1139 0.00106174
1140 0.00098747
1141 0.000899315
1142 0.000810206
1143 0.00071919
1144 0.000779927
1145 0.000691414
1146 0.000715137
1147 0.000575066
1148 0.000582516
1149 0.000403225
1150 0.00036341
1151 0.000173032
1152 0.000165284
1153 0.000174999
1154 0.00013262
1155 7.9155e-05
1156 0.000122428
1157 3.83258e-05
1158 6.31809e-06
1159 -7.68006e-05
1160 -9.35197e-05
1161 -2.61962e-05
1162 -1.81794e-06
1163 0.000128746
1164 4.98295e-05
1165 -3.40641e-05
1166 -1.20401e-05
1167 8.16584e-06
1168 6.18696e-05
1169 8.28505e-05
1170 3.54648e-05
1171 7.95126e-05
1172 0.0001297
1173 0.000220895
1174 0.000183523
1175 0.000202477
1176 0.000200689
1177 0.000147164
1178 0.000131488
1179 0.000219166
1180 0.000152111
1181 0.000124514
1182 9.59039e-05
1183 6.4373e-05
1184 0.000199795
1185 0.000186145
1186 0.00013274
1187 0.000280499
1188 0.00030762
1189 0.00034076
1190 0.000241637
1191 0.000261545
1192 0.000138581
1193 0.000180423
1194 0.000131011
1195 0.000111938
1196 5.01871e-05
1197 -3.00109e-05
1198 -0.000154436
1199 -0.000139445
1200 -0.000173509
1201 -0.000149578
1202 -9.76324e-05
1203 -7.09593e-05
1204 -0.000141591
1205 -0.000103205
1206 -0.000115633
1207 -4.19617e-05
1208 -2.07424e-05
1209 9.04202e-05
1210 0.000106096
1211 0.00014782
1212 0.000205934
1213 0.000257373
1214 0.000201404
1215 0.000229061
1216 0.000247359
1217 0.000249386
1218 0.000255823
1219 0.000290394
1220 0.000187874
1221 0.000205874
1222 0.000229716
1223 0.000241399
1224 0.000169218
1225 6.61016e-05
1226 6.41346e-05
1227 -3.80278e-05
1228 -6.3777e-05
1229 1.66893e-06
1230 0.000110626
1231 0.000124395
1232 8.96454e-05
1233 7.689e-06
1234 9.31025e-05
1235 8.91685e-05
1236 0.000109375
1237 0.000101805
1238 0.000196576
1239 0.000239015
1240 0.000224173
1241 0.000260174
1242 0.0002653
1243 0.000371277
1244 0.000422597
1245 0.000485361
1246 0.000513434
1247 0.000544608
1248 0.000552297
1249 0.000528574
1250 0.00056529
1251 0.000541091
1252 0.000619352
1253 0.000694811
1254 0.000712216
1255 0.000662684
1256 0.000688791
1257 0.000760615
1258 0.000738263
1259 0.000735223
1260 0.000712395
1261 0.000743866
1262 0.000880778
1263 0.000879884
1264 0.000889361
1265 0.000837982
1266 0.000774562
1267 0.000781775
1268 0.000785172
1269 0.000921249
1270 0.000821769
1271 0.000785053
1272 0.000731111
1273 0.000638902
1274 0.000638723
1275 0.000672877
1276 0.000702679
1277 0.000677049
1278 0.000547051
1279 0.000552416
1280 0.000527143
1281 0.000477076
1282 0.000393033
1283 0.000387967
1284 0.000326216
1285 0.00024879
1286 0.000190377
1287 0.000128925
1288 0.00019145
1289 0.000199974
1290 0.000136197
1291 0.000127375
1292 -1.85668e-05
1293 -7.86185e-05
1294 -0.000130266
1295 -0.000117689
1296 -6.05583e-05
1297 7.92742e-06
1298 1.91331e-05
1299 3.71337e-05
1300 -1.99676e-05
1301 -2.71499e-05
1302 -0.000129998
1303 -9.98974e-05
1304 -7.236e-05
1305 -7.61151e-05
1306 -0.000121504
1307 -5.92768e-05
1308 -4.63724e-05
1309 0.000120282
1310 -1.4782e-05
1311 0.000111341
1312 8.30889e-05
1313 3.79086e-05
1314 -2.70903e-05
1315 4.77433e-05
1316 1.41263e-05
1317 6.67572e-06
1318 -1.97887e-05
1319 -4.46141e-05
1320 -3.02196e-05
1321 -7.21812e-05
1322 -9.89437e-05
1323 -0.000100583
1324 -8.87513e-05
1325 -5.34058e-05
1326 -4.39584e-05
1327 -0.000103444
1328 -9.7692e-05
1329 -3.38256e-05
1330 -6.9648e-05
1331 -0.000110716
1332 -0.000139058
1333 -9.34899e-05
1334 -0.000114202
1335 -0.000169784
1336 -0.000257403
1337 -0.000289053
1338 -0.000385582
1339 -0.000263214
1340 -0.000299305
1341 -0.000225782
1342 -0.000176013
1343 -0.00023669
1344 -0.00022459
1345 -0.000207722
1346 -0.000262469
1347 -0.000272602
1348 -0.00026527
1349 -0.0002518
1350 -0.000241131
1351 -0.000209421
1352 -0.000257581
1353 -0.000275433
1354 -0.000307322
1355 -0.000301778
1356 -0.000214338
1357 -0.00010851
1358 -1.43647e-05
1359 8.03471e-05
1360 7.99894e-05
1361 -2.47657e-05
1362 -7.00355e-05
1363 -6.34789e-05
1364 -6.83963e-05
1365 -8.52346e-06
1366 -3.70145e-05
1367 8.9407e-06
1368 -1.58846e-05
1369 -0.000133455
1370 -0.000199378
1371 -0.00023669
1372 -0.000257999
1373 -0.000286281
1374 -0.000332177
1375 -0.000306308
1376 -0.000404239
1377 -0.000438005
1378 -0.000438362
1379 -0.000496626
1380 -0.00053528
1381 -0.000521988
1382 -0.000423312
1383 -0.000338137
1384 -0.00027743
1385 -0.000156045
1386 -8.70228e-05
1387 -1.45435e-05
1388 8.22544e-06
1389 3.85046e-05
1390 2.73585e-05
1391 3.74913e-05
1392 5.84126e-06
1393 -2.38717e-05
1394 -4.24683e-05
1395 -3.78489e-06
1396 4.15444e-05
1397 0.000130713
1398 0.00011611
1399 0.000239313
1400 0.000214219
1401 0.000294745
1402 0.000318289
1403 0.000360489
1404 0.000488758
1405 0.000545382
1406 0.000589132
1407 0.000520349
1408 0.000562727
1409 0.000552177
1410 0.000489056
1411 0.000510097
1412 0.00047487
1413 0.000473082
1414 0.000590324
1415 0.000587523
1416 0.000603378
1417 0.000603557
1418 0.000597954
1419 0.000623703
1420 0.000656188
1421 0.00068599
1422 0.000603974
1423 0.000621676
1424 0.000534534
1425 0.000471652
1426 0.000461698
1427 0.000458121
1428 0.000468552
1429 0.00052911
1430 0.000654697
1431 0.000651896
1432 0.000749528
1433 0.000730455
1434 0.00071913
1435 0.000698626
1436 0.00067687
1437 0.000662625
1438 0.000642478
1439 0.000606775
1440 0.000596583
1441 0.000588477
1442 0.000642419
1443 0.000615299
1444 0.000627041
1445 0.000606477
1446 0.000569999
1447 0.000540614
1448 0.000495732
1449 0.000494659
1450 0.000438869
1451 0.000414312
1452 0.000344872
1453 0.000214696
1454 8.69632e-05
1455 0.000107944
1456 2.5928e-05
1457 -5.69224e-05
1458 -6.08861e-05
1459 -4.68791e-05
1460 -0.000127524
1461 -0.000130653
1462 -0.000175893
1463 -0.000223666
1464 -0.000212222
1465 -0.000171542
1466 -0.000155121
1467 -9.17912e-05
1468 -9.82285e-05
1469 -0.000161946
1470 -0.000127196
1471 -0.00013569
1472 -0.000197768
1473 -0.000254005
1474 -0.000386059
1475 -0.000440568
1476 -0.000391513
1477 -0.000276774
1478 -0.000319093
1479 -0.000462294
1480 -0.000472128
1481 -0.000436127
1482 -0.000486225
1483 -0.000551969
1484 -0.000603139
1485 -0.000571251
1486 -0.000630498
1487 -0.000657827
1488 -0.000698358
1489 -0.0006423
1490 -0.000721216
1491 -0.000757277
1492 -0.000763625
1493 -0.000708342
1494 -0.00075841
1495 -0.000838518
1496 -0.000893295
1497 -0.000916064
1498 -0.000991046
1499 -0.000966579
1500 -0.00103334
1501 -0.0010044
1502 -0.000964552
1503 -0.000933796
1504 -0.000956059
1505 -0.000903189
1506 -0.000822574
1507 -0.000857413
1508 -0.000815451
1509 -0.000776052
1510 -0.000701934
1511 -0.000663519
1512 -0.000584811
1513 -0.000502706
1514 -0.000483632
1515 -0.000497699
1516 -0.000481367
1517 -0.000474542
1518 -0.000419468
1519 -0.000434667
1520 -0.000361562
1521 -0.000276208
1522 -0.000269681
1523 -0.000304729
1524 -0.000370979
1525 -0.000420392
1526 -0.000396162
1527 -0.000428736
1528 -0.000436366
1529 -0.000347018
1530 -0.000374138
1531 -0.000402719
1532 -0.000255734
1533 -0.000319749
1534 -0.000300467
1535 -0.000328094
1536 -0.000410855
1537 -0.000499308
1538 -0.00049755
1539 -0.000495583
1540 -0.000504851
1541 -0.000531077
1542 -0.000451058
1543 -0.000413299
1544 -0.000512004
1545 -0.000432909
1546 -0.00037843
1547 -0.000400722
1548 -0.000305444
1549 -0.00021413
1550 -0.000187904
1551 -9.70364e-05
1552 -9.70066e-05
1553 2.74777e-05
1554 5.36442e-05
1555 0.000153601
1556 0.000164926
1557 0.000169337
1558 0.000214219
1559 0.000244915
1560 0.000194788
1561 0.000280082
1562 0.000274658
1563 0.000273764
1564 0.000318766
1565 0.000295699
1566 0.000354052
1567 0.000471532
1568 0.00041616
1569 0.000550866
1570 0.000484288
1571 0.000496328
1572 0.000568151
1573 0.000603139
1574 0.000725687
1575 0.000851572
1576 0.000884831
1577 0.000899673
1578 0.00099802
1579 0.00105602
1580 0.00116044
1581 0.00114161
1582 0.00118613
1583 0.001122
1584 0.00119042
1585 0.00120497
1586 0.00120693
1587 0.00121891
1588 0.00133103
1589 0.00132376
1590 0.00131845
1591 0.00132257
1592 0.00140554
1593 0.00143439
1594 0.00137961
1595 0.00138688
1596 0.00139129
1597 0.00147498
1598 0.00141573
1599 0.00141877
1600 0.00141364
1601 0.00142246
1602 0.0014168
1603 0.00139076
1604 0.00138438
1605 0.00137669
1606 0.00141853
1607 0.00139207
1608 0.00137538
1609 0.00126803
1610 0.00117987
1611 0.00111681
1612 0.00118572
1613 0.00110775
1614 0.00106168
1615 0.000989735
1616 0.00106573
1617 0.00092423
1618 0.000843227
1619 0.000941634
1620 0.000894308
1621 0.000899315
1622 0.000964463
1623 0.000939548
1624 0.000946462
1625 0.000978291
1626 0.00101942
1627 0.00104266
1628 0.00110418
1629 0.00111574
1630 0.00118142
1631 0.0012635
1632 0.00132042
1633 0.00136143
1634 0.00140142
1635 0.00131953
1636 0.00132501
1637 0.00138593
1638 0.00131446
1639 0.00131828
1640 0.00131595
1641 0.00128198
1642 0.00122839
1643 0.00113773
1644 0.00110716
1645 0.0011121
1646 0.00108147
1647 0.000992417
1648 0.000950038
1649 0.000986218
1650 0.00102198
1651 0.00104946
1652 0.00107074
1653 0.00101781
1654 0.00100988
1655 0.000976324
1656 0.00080663
1657 0.000837088
1658 0.000654995
1659 0.000632882
1660 0.000617623
1661 0.000605464
1662 0.00051719
1663 0.000598967
1664 0.000608802
1665 0.000688136
1666 0.000729024
1667 0.00060451
1668 0.000580132
1669 0.000545681
1670 0.000568509
1671 0.000574291
1672 0.000663936
1673 0.000614107
1674 0.000621796
1675 0.000567079
1676 0.000581682
1677 0.000499189
1678 0.000457346
1679 0.000468254
1680 0.000363886
1681 0.000252008
1682 0.000193357
1683 0.000119209
1684 0.000197351
1685 0.00014174
1686 0.000170171
1687 0.000155509
1688 0.000211418
1689 0.000163436
1690 0.000142872
1691 0.000146151
1692 0.000183523
1693 7.57575e-05
1694 7.48038e-05
1695 1.12057e-05
1696 -5.08428e-05
1697 -5.8949e-05
1698 1.12653e-05
1699 1.93715e-05
1700 -3.68953e-05
1701 -1.7643e-05
1702 -6.4522e-05
1703 -0.000168353
1704 -0.000157207
1705 -0.000205725
1706 -0.000187904
1707 -0.00015983
1708 -9.32813e-05
1709 -7.17938e-05
1710 -3.96967e-05
1711 -4.03225e-05
1712 -2.08616e-05
1713 2.5928e-05
1714 0.000142515
1715 0.000226855
1716 0.000177026
1717 0.000286162
1718 0.000283599
1719 0.000343323
1720 0.000285804
1721 0.000203907
1722 0.000185251
1723 0.000132143
1724 0.000133216
1725 9.88841e-05
1726 5.73397e-05
1727 7.05123e-05
1728 9.30429e-05
1729 1.83582e-05
1730 7.13468e-05
1731 -1.43051e-06
1732 3.3617e-05
1733 2.01464e-05
1734 4.05312e-06
1735 -1.23382e-05
1736 -3.78788e-05
1737 5.64456e-05
1738 9.32813e-05
1739 4.69089e-05
1740 -2.19047e-05
1741 -9.63211e-05
1742 -0.00010848
1743 -8.42512e-05
1744 -0.000157923
1745 -0.000211954
1746 -0.000227273
1747 -0.000200689
1748 -0.000219703
1749 -0.000132024
1750 -0.000132263
1751 -0.000105023
1752 -0.000118911
1753 -2.61962e-05
1754 -0.000114381
1755 -0.000127852
1756 -0.000211716
1757 -0.000163317
1758 -0.000159472
1759 -0.000119925
1760 -9.90033e-05
1761 -0.000176162
1762 -0.00018087
1763 -0.000163972
1764 -0.000264794
1765 -0.000359267
1766 -0.000399113
1767 -0.000438899
1768 -0.000491589
1769 -0.000412732
1770 -0.000333935
1771 -0.000270635
1772 -0.000306636
1773 -0.000345051
1774 -0.000276744
1775 -0.000334769
1776 -0.000210345
1777 -0.000252783
1778 -0.000200063
1779 -0.000136495
1780 1.07288e-05
1781 -5.3823e-05
1782 4.47035e-06
1783 5.81741e-05
1784 9.22084e-05
1785 0.000151932
1786 0.000178754
1787 0.000257194
1788 0.000323117
1789 0.00031805
1790 0.000298262
1791 0.000310183
1792 0.000315309
1793 0.000371337
1794 0.000298142
1795 0.000408292
1796 0.000513136
1797 0.00054276
1798 0.000612319
1799 0.000618458
1800 0.000593483
1801 0.000566781
1802 0.000611782
1803 0.000612199
1804 0.000718594
1805 0.000743449
1806 0.000666082
1807 0.000624716
1808 0.000714421
1809 0.0007478
1810 0.000797987
1811 0.00088501
1812 0.000813425
1813 0.000784159
1814 0.00075829
1815 0.000785649
1816 0.000804842
1817 0.000782073
1818 0.000785351
1819 0.000793338
1820 0.000838101
1821 0.000810206
1822 0.000854492
1823 0.000903785
1824 0.000972807
1825 0.000979722
1826 0.000980616
1827 0.00104553
1828 0.00100046
1829 0.000969827
1830 0.000965774
1831 0.000916064
1832 0.000887156
1833 0.000754595
1834 0.000655591
1835 0.000570536
1836 0.000562847
1837 0.000643015
1838 0.000546277
1839 0.000407875
1840 0.000385284
1841 0.000397384
1842 0.00045085
1843 0.000432789
1844 0.000393689
1845 0.000380933
1846 0.000347257
1847 0.000418842
1848 0.000479639
1849 0.000526309
1850 0.000480592
1851 0.000446618
1852 0.000472963
1853 0.000534832
1854 0.000546694
1855 0.000460982
1856 0.000512064
1857 0.000475049
1858 0.000488162
1859 0.00042057
1860 0.000507534
1861 0.00047636
1862 0.000407755
1863 0.000374258
1864 0.000332355
1865 0.00018245
1866 8.74996e-05
1867 4.6432e-05
1868 -4.72069e-05
1869 -3.06368e-05
1870 -1.04904e-05
1871 -4.28557e-05
1872 -4.47035e-06
1873 -8.73208e-06
1874 -2.15769e-05
1875 6.20484e-05
1876 1.60336e-05
1877 -0.000115991
1878 -0.000190049
1879 -0.000219017
1880 -0.000178039
1881 -0.000225514
1882 -0.0002473
1883 -0.000248402
1884 -0.000269532
1885 -0.000335664
1886 -0.000382274
1887 -0.000317693
1888 -0.00045523
1889 -0.000427753
1890 -0.000544697
1891 -0.000505149
1892 -0.000446618
1893 -0.00048852
1894 -0.000536829
1895 -0.000464439
1896 -0.000314415
1897 -0.000275612
1898 -0.000309825
1899 -0.000164688
1900 -0.000188172
1901 -0.000176728
1902 -0.000197738
1903 -0.000229061
1904 -0.000270158
1905 -0.000315964
1906 -0.000290483
1907 -0.000245392
1908 -0.00027436
1909 -0.000224859
1910 -0.000178784
1911 -0.000150681
1912 -8.29399e-05
1913 -7.04527e-05
1914 -4.49121e-05
1915 -6.07371e-05
1916 0.000152349
1917 0.00017333
1918 0.000292957
1919 0.000326812
1920 0.000268042
1921 0.000263751
1922 0.000217438
1923 0.000277698
1924 0.000290155
1925 0.000243783
1926 0.000312924
1927 0.000216603
1928 0.000275135
1929 0.000238419
1930 0.000289977
1931 0.000205994
1932 0.000235498
1933 0.000215769
1934 0.000216186
1935 0.000255942
1936 0.000312388
1937 0.000396967
1938 0.000363529
1939 0.000353634
1940 0.000419021
1941 0.000381172
1942 0.000326514
1943 0.000277877
1944 0.000282228
1945 0.000276089
1946 0.000267982
1947 0.000203311
1948 0.000232518
1949 0.000217021
1950 0.000290036
1951 0.000326931
1952 0.000453055
1953 0.000461221
1954 0.000553489
1955 0.00058198
1956 0.00062269
1957 0.000581563
1958 0.000593781
1959 0.000642836
1960 0.00073278
1961 0.000839233
1962 0.000930369
1963 0.00092572
1964 0.000958323
1965 0.00100768
1966 0.00111347
1967 0.00120783
1968 0.00126374
1969 0.00133759
1970 0.00141501
1971 0.00152075
1972 0.00158781
1973 0.00159848
1974 0.0016048
1975 0.00167596
1976 0.00166941
1977 0.0017029
1978 0.00170696
1979 0.0017156
1980 0.00173581
1981 0.001746
1982 0.00180548
1983 0.00180215
1984 0.00184578
1985 0.00190669
1986 0.00189626
1987 0.00195944
1988 0.00192636
1989 0.0018813
1990 0.00182188
1991 0.00184762
1992 0.00179714
1993 0.00174683
1994 0.0017581
1995 0.00171459
1996 0.00166297
1997 0.00164157
1998 0.00166845
1999 0.00161201
2000 0.00154752
2001 0.0015161
2002 0.00153363
2003 0.00147581
2004 0.00142682
2005 0.00145072
2006 0.001378
2007 0.00134313
2008 0.00124419
2009 0.00106806
2010 0.000964522
2011 0.000999987
2012 0.0010314
2013 0.00103116
2014 0.00105536
2015 0.00110132
2016 0.00109315
2017 0.00099951
2018 0.000901043
2019 0.000865698
2020 0.000794232
2021 0.000634253
2022 0.000597894
2023 0.000546575
2024 0.00038296
2025 0.000350237
2026 0.000400186
2027 0.000479341
2028 0.000492275
2029 0.00050658
2030 0.000501156
2031 0.00050199
2032 0.000580192
2033 0.000596046
2034 0.000509739
2035 0.000454366
2036 0.000418007
2037 0.000420988
2038 0.000497639
2039 0.00042659
2040 0.000346422
2041 0.000430167
2042 0.00034523
2043 0.00031805
2044 0.000327885
2045 0.000341773
2046 0.000198185
2047 0.000192225
2048 8.27312e-05
2049 6.13332e-05
2050 5.12004e-05
2051 0.000185072
2052 0.000156939
2053 0.000204086
2054 0.00010848
2055 0.00011605
2056 6.13928e-05
2057 2.58088e-05
2058 7.93934e-05
2059 0.00012666
2060 0.000129938
2061 3.26633e-05
2062 -5.87106e-06
2063 -1.28448e-05
2064 6.06179e-05
2065 0.00015837
2066 0.000122845
2067 3.59416e-05
2068 4.24981e-05
2069 7.04527e-05
2070 2.2471e-05
2071 -0.000125438
2072 -0.000112981
2073 -0.00024426
2074 -0.000212222
2075 -0.000300527
2076 -0.000380635
2077 -0.000329971
2078 -0.000365436
2079 -0.000302404
2080 -0.000333071
2081 -0.000190258
2082 -0.000201136
2083 -0.000244945
2084 -0.000310123
2085 -0.000396401
2086 -0.000420183
2087 -0.000459135
2088 -0.000493884
2089 -0.000444084
2090 -0.000443071
2091 -0.000407755
2092 -0.000403881
2093 -0.000404954
2094 -0.000401258
2095 -0.000326544
2096 -0.000303119
2097 -0.000301987
2098 -0.000237733
2099 -0.000131011
2100 -6.86646e-05
2101 -0.000270456
2102 -0.000325441
2103 -0.00051564
2104 -0.000526041
2105 -0.000581473
2106 -0.000697464
2107 -0.000723928
2108 -0.000668854
2109 -0.000735074
2110 -0.00075832
2111 -0.000701427
2112 -0.000795335
2113 -0.000874758
2114 -0.000937819
2115 -0.000967264
2116 -0.00102794
2117 -0.00106722
2118 -0.00101516
2119 -0.00111181
2120 -0.0010432
2121 -0.00104702
2122 -0.000977069
2123 -0.00108775
2124 -0.00108501
2125 -0.00120041
2126 -0.00111693
2127 -0.00112495
2128 -0.00116494
2129 -0.00120062
2130 -0.00121883
2131 -0.00115782
2132 -0.00131047
2133 -0.00127155
2134 -0.00129655
2135 -0.00134456
2136 -0.00140256
2137 -0.00151363
2138 -0.0014849
2139 -0.0015308
2140 -0.00155479
2141 -0.0015437
2142 -0.00155702
2143 -0.0015825
2144 -0.00158748
2145 -0.00164276
2146 -0.00163928
2147 -0.00161952
2148 -0.00168458
2149 -0.00163227
2150 -0.00160918
2151 -0.00166592
2152 -0.00158623
2153 -0.00154075
2154 -0.00158918
2155 -0.00167048
2156 -0.00162452
2157 -0.0015465
2158 -0.00158778
2159 -0.00159907
2160 -0.00145924
2161 -0.0014241
2162 -0.00140563
2163 -0.00143832
2164 -0.00145736
2165 -0.00142702
2166 -0.00125653
2167 -0.00132042
2168 -0.00126579
2169 -0.00120601
2170 -0.00107947
2171 -0.00110179
2172 -0.00110644
2173 -0.00114188
2174 -0.00112328
2175 -0.00112393
2176 -0.00114757
2177 -0.00110915
2178 -0.00109693
2179 -0.00116134
2180 -0.00123483
2181 -0.0012705
2182 -0.00124767
2183 -0.00126994
2184 -0.00129756
2185 -0.00132903
2186 -0.00133008
2187 -0.00130773
2188 -0.00137767
2189 -0.00138238
2190 -0.00140232
2191 -0.00144333
2192 -0.00151151
2193 -0.00163254
2194 -0.00164935
2195 -0.00161573
2196 -0.00164467
2197 -0.00159389
2198 -0.00158367
2199 -0.00164092
2200 -0.0016073
2201 -0.00164789
2202 -0.00165826
2203 -0.00172433
2204 -0.00168121
2205 -0.00163788
2206 -0.00154638
2207 -0.0016512
2208 -0.00165451
2209 -0.001582
2210 -0.00139531
2211 -0.00135574
2212 -0.00122058
2213 -0.00112671
2214 -0.00112244
2215 -0.0011276
2216 -0.00105098
2217 -0.00098151
2218 -0.000980556
2219 -0.000916183
2220 -0.000935435
2221 -0.000961244
2222 -0.000943422
2223 -0.00101316
2224 -0.00100794
2225 -0.00105691
2226 -0.00101629
2227 -0.00104409
2228 -0.000992894
2229 -0.000923693
2230 -0.000925183
2231 -0.000811756
2232 -0.000941813
2233 -0.000790715
2234 -0.000755489
2235 -0.000772506
2236 -0.000746161
2237 -0.000793755
2238 -0.000845671
2239 -0.000941813
2240 -0.000854552
2241 -0.000828654
2242 -0.000862598
2243 -0.000862509
2244 -0.000831574
2245 -0.000802338
2246 -0.000795424
2247 -0.000765622
2248 -0.000779748
2249 -0.000774831
2250 -0.000740856
2251 -0.000754297
2252 -0.000781834
2253 -0.000821173
2254 -0.000927955
2255 -0.000922114
2256 -0.00080955
2257 -0.000852615
2258 -0.00067243
2259 -0.000628114
2260 -0.000655919
2261 -0.000600159
2262 -0.0005247
2263 -0.000535548
2264 -0.000481009
2265 -0.000461191
2266 -0.00050813
2267 -0.00047949
2268 -0.000585437
2269 -0.00062421
2270 -0.000693262
2271 -0.000586271
2272 -0.000520289
2273 -0.000469744
2274 -0.000537753
2275 -0.000564158
2276 -0.000628918
2277 -0.00056684
2278 -0.000567913
2279 -0.0005804
2280 -0.000520527
2281 -0.000524372
2282 -0.000523895
2283 -0.000482261
2284 -0.000479788
2285 -0.000439405
2286 -0.000459939
2287 -0.00040248
2288 -0.000461251
2289 -0.000544339
2290 -0.000520408
2291 -0.000545263
2292 -0.000636071
2293 -0.000744224
2294 -0.000748754
2295 -0.000757575
2296 -0.00071317
2297 -0.000734597
2298 -0.000704855
2299 -0.00060609
2300 -0.000454277
2301 -0.000526309
2302 -0.000463247
2303 -0.00049758
2304 -0.000408471
2305 -0.000447541
2306 -0.00051254
2307 -0.000403762
2308 -0.000406682
2309 -0.000503063
2310 -0.000507832
2311 -0.000517398
2312 -0.000599384
2313 -0.000556231
2314 -0.000581354
2315 -0.000514716
2316 -0.000548869
2317 -0.000529468
2318 -0.000550032
2319 -0.000410914
2320 -0.000364006
2321 -0.000433743
2322 -0.000493288
2323 -0.000474662
2324 -0.000440896
2325 -0.000466347
2326 -0.000546724
2327 -0.000476837
2328 -0.000428557
2329 -0.000507802
2330 -0.000370979
2331 -0.000311911
2332 -0.000316232
2333 -0.00025931
2334 -0.000172853
2335 -0.00014773
2336 -0.000168532
2337 -0.000194579
2338 -0.00015676
2339 -0.000109255
2340 -9.61423e-05
2341 -4.39882e-05
2342 -0.000115633
2343 -0.000152647
2344 -8.50558e-05
2345 -3.28124e-05
2346 -1.08778e-05
2347 -5.3525e-05
2348 -0.000114441
2349 -0.000146657
2350 -0.000254601
2351 -0.000399619
2352 -0.000477105
2353 -0.000567108
2354 -0.000489771
2355 -0.000534892
2356 -0.000464201
2357 -0.000342458
2358 -0.000373751
2359 -0.000394821
2360 -0.000312656
2361 -0.000378698
2362 -0.000431538
2363 -0.000430495
2364 -0.000321031
2365 -0.000230074
2366 -0.000197113
2367 -0.000214309
2368 -0.00014165
2369 -0.000163615
2370 -0.000173926
2371 -0.000321895
2372 -0.000322282
2373 -0.000221878
2374 -0.000173002
2375 -0.000234425
2376 -0.000248075
2377 -0.000171751
2378 -4.75943e-05
2379 -0.000157803
2380 -0.000135422
2381 -0.00019747
2382 -0.000154793
2383 -0.000189573
2384 -0.000121891
2385 -0.000198245
2386 -0.000121444
2387 -0.000150383
2388 -0.000154078
2389 -0.000136405
2390 -0.000234485
2391 -0.000182658
2392 -0.000173956
2393 -0.000159323
2394 -0.000176907
2395 -0.000345349
2396 -0.000340074
2397 -0.000353664
2398 -0.00034225
2399 -0.000306129
2400 -0.000282764
2401 -0.000213146
2402 -0.000198185
2403 -0.000165224
2404 -7.60555e-05
2405 -6.51479e-05
2406 -5.94556e-05
2407 -4.8399e-05
2408 -2.19643e-05
2409 -9.20892e-05
2410 -0.000120521
2411 -0.000157446
2412 -0.000242949
2413 -0.000322282
2414 -0.000368446
2415 -0.000472069
2416 -0.000567764
2417 -0.000530839
2418 -0.000559896
2419 -0.000681043
2420 -0.000805646
2421 -0.000905693
2422 -0.000956595
2423 -0.00101823
2424 -0.00110048
2425 -0.00114912
2426 -0.00121421
2427 -0.00123411
2428 -0.00124013
2429 -0.0011259
2430 -0.0011034
2431 -0.00122845
2432 -0.001183
2433 -0.0011937
2434 -0.00130722
2435 -0.00126556
2436 -0.00131404
2437 -0.00137329
2438 -0.00135586
2439 -0.00150812
2440 -0.00151032
2441 -0.00148112
2442 -0.00146675
2443 -0.00144228
2444 -0.00144321
2445 -0.00133893
2446 -0.00145876
2447 -0.00142285
2448 -0.00139424
2449 -0.00132445
2450 -0.00130096
2451 -0.00132072
2452 -0.00133577
2453 -0.00127301
2454 -0.00115299
2455 -0.00114626
2456 -0.00110611
2457 -0.00104281
2458 -0.0011327
2459 -0.00110534
2460 -0.00103775
2461 -0.00109091
2462 -0.00115645
2463 -0.00115231
2464 -0.00116321
2465 -0.00116473
2466 -0.0012545
2467 -0.00124601
2468 -0.0012522
2469 -0.00125402
2470 -0.00122651
2471 -0.00128031
2472 -0.00124088
2473 -0.00130174
2474 -0.00128704
2475 -0.0013603
2476 -0.00128588
2477 -0.00125274
2478 -0.00114971
2479 -0.00113946
2480 -0.00112396
2481 -0.0012252
2482 -0.0011172
2483 -0.00114268
2484 -0.00108564
2485 -0.00109529
2486 -0.00116396
2487 -0.00127405
2488 -0.00128686
2489 -0.00137818
2490 -0.00139669
2491 -0.00148556
2492 -0.00134709
2493 -0.00136003
2494 -0.00128302
2495 -0.00131315
2496 -0.00131685
2497 -0.0012719
2498 -0.00114712
2499 -0.0011465
2500 -0.00107151
2501 -0.00107619
2502 -0.00108314
2503 -0.00104126
2504 -0.00103375
2505 -0.0010705
2506 -0.00107169
2507 -0.00103995
2508 -0.00111052
2509 -0.00110009
2510 -0.00107425
2511 -0.00117624
2512 -0.00107947
2513 -0.00118032
2514 -0.00122955
2515 -0.00117466
2516 -0.00109798
2517 -0.00109199
2518 -0.00100061
2519 -0.000918776
2520 -0.000852883
2521 -0.000749141
2522 -0.000630975
2523 -0.000541627
2524 -0.000512153
2525 -0.000555038
2526 -0.000497639
2527 -0.000457674
2528 -0.00046435
2529 -0.000424296
2530 -0.000389904
2531 -0.000380814
2532 -0.000396073
2533 -0.000371307
2534 -0.000408381
2535 -0.000368416
2536 -0.000341207
2537 -0.000218213
2538 -0.00031358
2539 -0.000183076
2540 -0.000120431
2541 -0.000163347
2542 -0.000234038
2543 -0.000282913
2544 -0.000221819
2545 -0.000213236
2546 -0.000127316
2547 -0.000139326
2548 -3.70443e-05
2549 -4.72665e-05
2550 -6.33299e-05
2551 6.49691e-06
2552 -6.13928e-06
2553 -2.89679e-05
2554 -4.79817e-05
2555 -0.000102073
2556 -1.7643e-05
2557 -0.0001553
2558 -2.79248e-05
2559 1.24574e-05
2560 4.49419e-05
2561 4.85182e-05
2562 3.68953e-05
2563 7.51615e-05
2564 0.000166774
2565 9.18508e-05
2566 1.8239e-05
2567 5.24521e-06
2568 5.96046e-06
2569 3.75509e-06
2570 9.22084e-05
2571 0.000105441
2572 0.00016135
2573 0.000261366
2574 0.000254452
2575 0.000201881
2576 0.000235379
2577 0.000169575
2578 0.000329196
2579 0.00032413
2580 0.000284672
2581 0.000215709
2582 0.000286996
2583 0.000289559
2584 0.000296891
2585 0.000351965
2586 0.000512302
2587 0.00057894
2588 0.00068152
2589 0.000583589
2590 0.000583351
2591 0.000514507
2592 0.000576258
2593 0.000470996
2594 0.000407636
2595 0.000448644
2596 0.000500858
2597 0.000414014
2598 0.000355661
2599 0.000280797
2600 0.000226557
2601 0.000215352
2602 0.000205398
2603 0.000177145
2604 8.90493e-05
2605 4.48823e-05
2606 2.65241e-05
2607 2.60472e-05
2608 -3.23951e-05
2609 -9.9808e-05
2610 -0.000139832
2611 -0.000132769
2612 -0.000154912
2613 -0.000154346
2614 -0.000239342
2615 -0.000226319
2616 -0.000184685
2617 -0.000154734
2618 -0.000140429
2619 -0.000274599
2620 -0.0003483
2621 -0.000452965
2622 -0.000503272
2623 -0.000577152
2624 -0.000583053
2625 -0.000598162
2626 -0.000599474
2627 -0.000656873
2628 -0.000603259
2629 -0.000687569
2630 -0.000733793
2631 -0.000698447
2632 -0.000769675
2633 -0.0007447
2634 -0.000750124
2635 -0.000841975
2636 -0.000804156
2637 -0.000781536
2638 -0.000740886
2639 -0.000774473
2640 -0.00080651
2641 -0.000943244
2642 -0.00103208
2643 -0.00103295
2644 -0.00107759
2645 -0.00107431
2646 -0.00115359
2647 -0.000988424
2648 -0.000953555
2649 -0.000931472
2650 -0.000788361
2651 -0.000712842
2652 -0.000691235
2653 -0.000617534
2654 -0.000501454
2655 -0.000431597
2656 -0.000360101
2657 -0.000439197
2658 -0.000372887
2659 -0.000373125
2660 -0.000365406
2661 -0.000343174
2662 -0.000214458
2663 -0.000215977
2664 -0.000201553
2665 4.89354e-05
2666 -6.79493e-06
2667 -7.59959e-06
2668 0.00014329
2669 0.000104964
2670 0.000214875
2671 0.000142276
2672 0.000201941
2673 0.00027895
2674 0.000234604
2675 0.000230312
2676 0.000214756
2677 0.000278413
2678 0.000187337
2679 0.000198722
2680 0.000291824
2681 0.000398219
2682 0.000545502
2683 0.000457585
2684 0.000464082
2685 0.00045079
2686 0.000532866
2687 0.000436842
2688 0.000478685
2689 0.000482619
2690 0.000474453
2691 0.000511765
2692 0.00054872
2693 0.000604689
2694 0.00057435
2695 0.000536919
2696 0.000506341
2697 0.000377595
2698 0.000508487
2699 0.000448167
2700 0.000427663
2701 0.000336707
2702 0.000291467
2703 0.000292182
2704 0.000241399
2705 0.000137687
2706 9.07183e-05
2707 3.05772e-05
2708 8.28505e-05
2709 8.21948e-05
2710 0.000189245
2711 9.63807e-05
2712 5.50747e-05
2713 4.80413e-05
2714 3.42727e-05
2715 9.06587e-05
2716 0.000102103
2717 8.01086e-05
2718 8.22544e-05
2719 2.94447e-05
2720 4.52995e-06
2721 6.3777e-05
2722 5.38826e-05
2723 0.000102043
2724 0.00019908
2725 0.000180006
2726 0.000142097
2727 0.00017482
2728 0.000194132
2729 0.000170231
2730 0.000274301
2731 0.000232399
2732 0.000284851
2733 0.000332177
2734 0.000366628
2735 0.000347555
2736 0.000335574
2737 0.000485539
2738 0.000442028
2739 0.000355661
2740 0.000413477
2741 0.000399709
2742 0.000309229
2743 0.000392079
2744 0.000478566
2745 0.000523508
2746 0.000583827
2747 0.000589132
2748 0.000712574
2749 0.000659764
2750 0.000692725
2751 0.000672877
2752 0.000534236
2753 0.000487506
2754 0.000315845
2755 0.000244021
2756 0.000174105
2757 0.000144422
2758 0.000144422
2759 9.07779e-05
2760 -2.22921e-05
2761 -1.66893e-05
2762 -8.33869e-05
2763 -0.000102341
2764 1.77026e-05
2765 -1.18017e-05
2766 -3.66271e-05
2767 -6.01411e-05
2768 4.19021e-05
2769 9.76324e-05
2770 8.11219e-05
2771 6.13332e-05
2772 0.000150204
2773 0.000229001
2774 0.000232697
2775 0.00034982
2776 0.000412405
2777 0.000503838
2778 0.000589609
2779 0.000585735
2780 0.000559509
2781 0.000557661
2782 0.00061816
2783 0.000697911
2784 0.000675857
2785 0.000700653
2786 0.000730395
2787 0.000681818
2788 0.000696242
2789 0.000788331
2790 0.000877917
2791 0.000938296
2792 0.000944912
2793 0.00083518
2794 0.000783384
2795 0.000879526
2796 0.000832021
2797 0.000782788
2798 0.000876844
2799 0.000945687
2800 0.0008533
2801 0.000877142
2802 0.000789344
2803 0.000809312
2804 0.000697017
2805 0.000619352
2806 0.000608802
2807 0.000495255
2808 0.000516653
2809 0.000441432
2810 0.000447452
2811 0.000385344
2812 0.000340581
2813 0.000182331
2814 0.000117302
2815 0.000230849
2816 0.000187099
2817 8.37445e-05
2818 1.99676e-05
2819 -9.20296e-05
2820 -8.31485e-06
2821 -5.24223e-05
2822 -1.7941e-05
2823 9.85861e-05
2824 5.09024e-05
2825 1.99676e-05
2826 2.563e-05
2827 7.33137e-06
2828 4.58956e-06
2829 3.46303e-05
2830 6.19888e-06
2831 2.34246e-05
2832 -3.44515e-05
2833 -9.43244e-05
2834 -6.94394e-05
2835 -5.12004e-05
2836 -4.15742e-05
2837 -9.36985e-05
2838 -2.12193e-05
2839 -0.000122011
2840 -0.000150383
2841 -0.00018701
2842 -8.40724e-05
2843 -3.0756e-05
2844 4.01139e-05
2845 4.80413e-05
2846 4.78029e-05
2847 6.181e-05
2848 2.93255e-05
2849 8.91685e-05
2850 9.50098e-05
2851 6.21676e-05
2852 0.000122309
2853 0.000163615
2854 0.000152349
2855 9.10759e-05
2856 -3.03984e-06
2857 -0.000162035
2858 -0.000129968
2859 -0.000142694
2860 -8.63373e-05
2861 -6.87242e-05
2862 -2.39909e-05
2863 4.99487e-05
2864 4.92334e-05
2865 9.63807e-05
2866 3.37958e-05
2867 -0.000104547
2868 -9.56357e-05
2869 -7.82013e-05
2870 -4.12166e-05
2871 -2.02656e-05
2872 4.77433e-05
2873 3.41535e-05
2874 4.20213e-05
2875 3.61204e-05
2876 1.29342e-05
2877 -2.89083e-06
2878 3.45707e-06
2879 -4.93824e-05
2880 -3.57926e-05
2881 -4.19617e-05
2882 -5.97537e-05
2883 7.56979e-05
2884 0.000150919
2885 0.000130951
2886 8.20756e-05
2887 8.01086e-05
2888 1.7643e-05
2889 3.62396e-05
2890 8.34465e-07
2891 5.75781e-05
2892 -1.66297e-05
2893 -8.32379e-05
2894 -0.000182837
2895 -0.000216693
2896 -0.000339389
2897 -0.00033319
2898 -0.000536293
2899 -0.000634164
2900 -0.000626743
2901 -0.000789404
2902 -0.000758737
2903 -0.000770897
2904 -0.000703663
2905 -0.000717252
2906 -0.000761598
2907 -0.000762343
2908 -0.000748247
2909 -0.00084886
2910 -0.000928253
2911 -0.00102413
2912 -0.00103971
2913 -0.000918478
2914 -0.000951737
2915 -0.000944197
2916 -0.000843585
2917 -0.00075078
2918 -0.000701159
2919 -0.000696987
2920 -0.000571251
2921 -0.00053966
2922 -0.00061357
2923 -0.000511825
2924 -0.000509113
2925 -0.00042519
2926 -0.000384361
2927 -0.000446111
2928 -0.000345588
2929 -0.000318199
2930 -0.000334144
2931 -0.000244826
2932 -0.000248224
2933 -0.000161588
2934 -7.61449e-05
2935 -0.000111997
2936 -7.21216e-05
2937 -0.000125587
2938 -0.000220537
2939 -0.000228167
2940 -0.000230521
2941 -0.000400633
2942 -0.000303537
2943 -0.000364125
2944 -0.000319809
2945 -0.000365496
2946 -0.000274926
2947 -0.000325739
2948 -0.000291646
2949 -0.000264108
2950 -0.000262946
2951 -0.000334829
2952 -0.000388712
2953 -0.000386894
2954 -0.000340015
2955 -0.000444442
2956 -0.000462741
2957 -0.00049457
2958 -0.000433087
2959 -0.000484198
2960 -0.000565112
2961 -0.000545293
2962 -0.000638753
2963 -0.00063929
2964 -0.000620753
2965 -0.000543147
2966 -0.000528693
2967 -0.000382781
2968 -0.000410944
2969 -0.000354975
2970 -0.00042218
2971 -0.000365615
2972 -0.000319928
2973 -0.000273019
2974 -0.000277191
2975 -0.000349343
2976 -0.000335544
2977 -0.000284642
2978 -0.000297606
2979 -0.000180453
2980 -0.000163108
2981 -1.89543e-05
2982 -2.64347e-05
2983 -5.36442e-07
2984 0.000112891
2985 0.000197053
2986 0.000140429
2987 0.000151217
2988 9.20892e-05
2989 -1.75536e-05
2990 2.08616e-06
2991 -6.49393e-05
2992 -5.01871e-05
2993 -9.01222e-05
2994 -5.14388e-05
2995 -1.17719e-05
2996 -1.16229e-06
2997 9.71556e-06
2998 -4.44055e-05
2999 -2.0802e-05
3000 -4.96507e-05
3001 -0.000118911
3002 -0.000191957
3003 -0.000142694
3004 -0.000158668
3005 -0.000158757
3006 -0.000166744
3007 -0.000177801
3008 -0.00014624
3009 -7.11977e-05
3010 -4.24981e-05
3011 -6.16014e-05
3012 -4.3571e-05
3013 -8.88109e-06
3014 7.87377e-05
3015 0.000150144
3016 0.00026989
3017 0.000277281
3018 0.000400543
3019 0.000310242
3020 0.00022465
3021 0.000232399
3022 0.000213563
3023 0.000277877
3024 0.000256181
3025 0.000249803
3026 0.000197828
3027 0.00020802
3028 0.000231326
3029 0.000279665
3030 0.000226974
3031 0.000172794
3032 0.000160098
3033 0.000234365
3034 0.000216126
3035 0.000202954
3036 0.00010246
3037 7.59363e-05
3038 2.65241e-05
3039 -3.01003e-06
3040 -5.91278e-05
3041 -1.37091e-06
3042 0.000121951
3043 0.00012666
3044 0.000217557
3045 0.000147164
3046 0.000165462
3047 3.77297e-05
3048 0.000107706
3049 4.45247e-05
3050 -3.79682e-05
3051 -2.76864e-05
3052 1.53184e-05
3053 0.000112176
3054 0.000192225
3055 0.000224173
3056 0.000239789
3057 0.000255585
3058 0.00030911
3059 0.000318766
3060 0.000304163
3061 0.000231266
3062 0.000202119
3063 5.42998e-05
3064 -3.60608e-05
3065 -0.000130981
3066 -0.000192285
3067 -0.000270098
3068 -0.000272244
3069 -0.000292808
3070 -0.000218779
3071 -0.000234455
3072 -0.00016132
3073 -0.000182748
3074 -0.000137806
3075 -0.000140458
3076 -0.000175714
3077 -0.000130594
3078 -0.00018391
3079 -0.000205874
3080 -9.33707e-05
3081 -0.000154525
3082 -0.000123411
3083 -7.15554e-05
3084 -6.60717e-05
3085 -3.80874e-05
3086 3.34382e-05
3087 1.45435e-05
3088 -1.8388e-05
3089 3.43919e-05
3090 0.000109851
3091 4.47035e-05
3092 6.59227e-05
3093 0.000101328
3094 6.67572e-06
3095 8.63075e-05
3096 0.000213504
3097 0.000197291
3098 0.000122786
3099 0.000171125
3100 0.000113606
3101 0.00015986
3102 0.00014025
3103 0.000222623
3104 0.000289023
3105 0.000345826
3106 0.000315905
3107 0.000282943
3108 0.000194013
3109 0.000314891
3110 0.000325024
3111 0.000331938
3112 0.000367582
3113 0.000534773
3114 0.000529289
3115 0.000472128
3116 0.000523627
3117 0.000506759
3118 0.000594914
3119 0.000547409
3120 0.00052464
3121 0.000491738
3122 0.000627577
3123 0.000603259
3124 0.000706017
3125 0.000708342
3126 0.000747919
3127 0.000743389
3128 0.00071758
3129 0.000731528
3130 0.000699461
3131 0.000609756
3132 0.000649393
3133 0.000587404
3134 0.000595868
3135 0.000464976
3136 0.00043869
3137 0.000468135
3138 0.000454724
3139 0.000375152
3140 0.00039345
3141 0.000322759
3142 0.000191927
3143 0.000266016
3144 0.000269353
3145 0.000260234
3146 0.00029093
3147 0.000327945
3148 0.000380814
3149 0.000441432
3150 0.000565588
3151 0.000618696
3152 0.000575602
3153 0.000499189
3154 0.000577748
3155 0.000665426
3156 0.000634611
3157 0.00060761
3158 0.000734866
3159 0.000820696
3160 0.000853717
3161 0.000872493
3162 0.000911355
3163 0.000902593
3164 0.000857651
3165 0.00084728
3166 0.000822425
3167 0.000737488
3168 0.000676751
3169 0.000587106
3170 0.000666142
3171 0.000609577
3172 0.000608623
3173 0.000614047
3174 0.000667334
3175 0.000723362
3176 0.000738263
3177 0.000766158
3178 0.000695467
3179 0.000792146
3180 0.000699699
3181 0.000751317
3182 0.00074017
3183 0.000695109
3184 0.000718832
3185 0.000725627
3186 0.000636637
3187 0.000461996
3188 0.000472605
3189 0.0004614
3190 0.000490725
3191 0.000540197
3192 0.000426114
3193 0.000454426
3194 0.000482559
3195 0.000618756
3196 0.000647068
3197 0.000647068
3198 0.000782132
3199 0.000791252
3200 0.000775754
3201 0.000701785
3202 0.000659645
3203 0.000677466
3204 0.00064069
3205 0.000555754
3206 0.000486672
3207 0.000521421
3208 0.000605881
3209 0.000592947
3210 0.00053972
3211 0.00052911
3212 0.000432253
3213 0.000432014
3214 0.000420928
3215 0.000327826
3216 0.000402987
3217 0.000352263
3218 0.000328064
3219 0.000266731
3220 0.000241101
3221 0.000258267
3222 0.000301957
3223 0.000158846
3224 0.000275612
3225 0.000204384
3226 0.0001809
3227 0.000296474
3228 0.000198722
3229 0.000166893
3230 5.91278e-05
3231 0.000143528
3232 0.000145316
3233 0.000271618
3234 0.000317514
3235 0.000408471
3236 0.000441372
3237 0.000449955
3238 0.000494599
3239 0.000509739
3240 0.000598133
3241 0.000669777
3242 0.000713766
3243 0.000784576
3244 0.000859678
3245 0.000805974
3246 0.000808001
3247 0.000910878
3248 0.00096041
3249 0.00102234
3250 0.00104344
3251 0.00112957
3252 0.00105673
3253 0.0010789
3254 0.000975251
3255 0.000941753
3256 0.000866175
3257 0.000793695
3258 0.000767648
3259 0.000682294
3260 0.000541806
3261 0.000484586
3262 0.000510871
3263 0.000482976
3264 0.00056684
3265 0.000547469
3266 0.000517905
3267 0.000609577
3268 0.000582159
3269 0.000549257
3270 0.000606954
3271 0.000527382
3272 0.000532806
3273 0.000536144
3274 0.000483692
3275 0.000465333
3276 0.000474334
3277 0.000501633
3278 0.000599146
3279 0.000632524
3280 0.000673532
3281 0.000716209
3282 0.000733435
3283 0.000727177
3284 0.000677884
3285 0.000682414
3286 0.000661016
3287 0.000626326
3288 0.000448048
3289 0.00051266
3290 0.000588655
3291 0.000556231
3292 0.000570476
3293 0.00064832
3294 0.000597775
3295 0.000622153
3296 0.000734448
3297 0.000683665
3298 0.000651062
3299 0.000670552
3300 0.00060004
3301 0.000486672
3302 0.000558019
3303 0.000527382
3304 0.000341594
3305 0.000325799
3306 0.000250638
3307 0.000193596
3308 0.000231385
3309 0.000303924
3310 0.000251532
3311 0.000131249
3312 0.000226617
3313 0.000261009
3314 0.000266612
3315 0.000296652
3316 0.000403762
3317 0.000427604
3318 0.000421822
3319 0.000411391
3320 0.000418365
3321 0.000366569
3322 0.000412524
3323 0.000471473
3324 0.000410914
3325 0.000374854
3326 0.000378311
3327 0.000288129
3328 0.000252545
3329 0.000227451
3330 0.000179291
3331 0.000148535
3332 0.000228703
3333 0.000115693
3334 0.000125825
3335 9.85861e-05
3336 0.00010258
3337 0.000112593
3338 0.00012964
3339 8.07643e-05
3340 2.97427e-05
3341 -4.38094e-06
3342 8.73804e-05
3343 0.00013566
3344 -2.46167e-05
3345 -3.24547e-05
3346 -8.09431e-05
3347 -0.000137359
3348 -0.000152469
3349 -0.000163615
3350 -0.000188231
3351 -0.000313282
3352 -0.000392377
3353 -0.000409216
3354 -0.000403434
3355 -0.000329852
3356 -0.000261396
3357 -0.000174195
3358 -0.000167817
3359 -0.000143498
3360 -0.000166208
3361 -0.000208855
3362 -0.000202388
3363 -0.000258029
3364 -0.000248194
3365 -0.000274658
3366 -0.000333011
3367 -0.000349998
3368 -0.000276327
3369 -0.000295818
3370 -0.000246912
3371 -0.000269115
3372 -0.000462502
3373 -0.000498086
3374 -0.000497192
3375 -0.000417531
3376 -0.000458002
3377 -0.0004161
3378 -0.00047943
3379 -0.000496447
3380 -0.000460356
3381 -0.000443369
3382 -0.000486404
3383 -0.000548452
3384 -0.000481278
3385 -0.000550807
3386 -0.000623614
3387 -0.000721753
3388 -0.000696748
3389 -0.000835389
3390 -0.000776559
3391 -0.000749737
3392 -0.000778019
3393 -0.000693053
3394 -0.000683188
3395 -0.000846654
3396 -0.000996739
3397 -0.001028
3398 -0.00103399
3399 -0.000977904
3400 -0.000950992
3401 -0.00108153
3402 -0.00117034
3403 -0.00109184
3404 -0.00115427
3405 -0.00129059
3406 -0.00134635
3407 -0.00149831
3408 -0.00147659
3409 -0.0015814
3410 -0.00152689
3411 -0.00148526
3412 -0.00144693
3413 -0.00135514
3414 -0.00141567
3415 -0.00138494
3416 -0.00143555
3417 -0.0013341
3418 -0.00128368
3419 -0.00123382
3420 -0.00117281
3421 -0.00114107
3422 -0.00113699
3423 -0.00103116
3424 -0.0010232
3425 -0.00104982
3426 -0.000992447
3427 -0.000941664
3428 -0.000955731
3429 -0.000972718
3430 -0.000865757
3431 -0.000869036
3432 -0.000940531
3433 -0.000766337
3434 -0.000802189
3435 -0.000802219
3436 -0.000758857
3437 -0.000784755
3438 -0.000771552
3439 -0.000775248
3440 -0.000650078
3441 -0.000552744
3442 -0.000548899
3443 -0.000647277
3444 -0.000687927
3445 -0.000736684
3446 -0.000744879
3447 -0.000795156
3448 -0.00076583
3449 -0.000796854
3450 -0.000758111
3451 -0.000842512
3452 -0.00089103
3453 -0.000944912
3454 -0.00103962
3455 -0.00114739
3456 -0.00120434
3457 -0.00128403
3458 -0.00128704
3459 -0.00126103
3460 -0.00134107
3461 -0.00138533
3462 -0.0013335
3463 -0.00126606
3464 -0.00137505
3465 -0.00140217
3466 -0.00148991
3467 -0.0015561
3468 -0.00158796
3469 -0.00163457
3470 -0.00154755
3471 -0.00151798
3472 -0.00131464
3473 -0.00128156
3474 -0.00123993
3475 -0.00114968
3476 -0.00113359
3477 -0.00110954
3478 -0.000961363
3479 -0.00090012
3480 -0.000758052
3481 -0.000717074
3482 -0.000571162
3483 -0.000421226
3484 -0.00044179
3485 -0.000358254
3486 -0.000372887
3487 -0.000247061
3488 -0.000199348
3489 -4.86076e-05
3490 -0.000103861
3491 -2.29776e-05
3492 0.000186145
3493 0.000158072
3494 0.000201046
3495 0.000199318
3496 0.000145257
3497 0.000145495
3498 0.0003106
3499 0.000317335
