# rotation correlation for "bonds: name(#1) Ow and name(#2) Hw" in LiCl-10M/0-GPa/zif8-licl.nc
# step value
0 1
1 0.635898
2 0.586753
3 0.553203
4 0.526709
5 0.504867
6 0.486072
7 0.469548
8 0.454858
9 0.441794
10 0.429921
11 0.419091
12 0.409119
13 0.400014
14 0.391439
15 0.383594
16 0.376011
17 0.368986
18 0.362416
19 0.356159
20 0.350208
21 0.344745
22 0.339372
23 0.334253
24 0.329359
25 0.324658
26 0.320321
27 0.316114
28 0.311937
29 0.307979
30 0.30432
31 0.30068
32 0.29728
33 0.293945
34 0.290727
35 0.287779
36 0.284678
37 0.281896
38 0.279203
39 0.2764
40 0.273807
41 0.271264
42 0.268826
43 0.266343
44 0.264084
45 0.261704
46 0.259481
47 0.257454
48 0.255335
49 0.253282
50 0.251474
51 0.249604
52 0.247613
53 0.245807
54 0.24399
55 0.242256
56 0.24054
57 0.238923
58 0.237292
59 0.235655
60 0.234127
61 0.23274
62 0.231269
63 0.229838
64 0.228428
65 0.227113
66 0.225688
67 0.224359
68 0.223068
69 0.221822
70 0.220576
71 0.219325
72 0.21808
73 0.216956
74 0.215844
75 0.214676
76 0.213439
77 0.212293
78 0.211338
79 0.210209
80 0.209228
81 0.208197
82 0.207142
83 0.206121
84 0.205097
85 0.204125
86 0.20318
87 0.202058
88 0.201078
89 0.200255
90 0.199244
91 0.198354
92 0.197458
93 0.196523
94 0.195734
95 0.194889
96 0.193968
97 0.193203
98 0.192308
99 0.191588
100 0.190889
101 0.190119
102 0.189418
103 0.188668
104 0.188006
105 0.187286
106 0.186613
107 0.185878
108 0.185168
109 0.184506
110 0.183902
111 0.183269
112 0.182636
113 0.181908
114 0.18122
115 0.180507
116 0.179871
117 0.179174
118 0.178543
119 0.17785
120 0.177293
121 0.176676
122 0.176019
123 0.175464
124 0.174823
125 0.174125
126 0.17364
127 0.173025
128 0.172477
129 0.171892
130 0.171364
131 0.170798
132 0.170276
133 0.169683
134 0.16924
135 0.168659
136 0.168139
137 0.167561
138 0.167038
139 0.166486
140 0.166051
141 0.165486
142 0.164897
143 0.164351
144 0.163917
145 0.163517
146 0.163011
147 0.162519
148 0.162054
149 0.161597
150 0.161178
151 0.160757
152 0.160226
153 0.159803
154 0.159451
155 0.15897
156 0.158517
157 0.158216
158 0.157809
159 0.157423
160 0.156968
161 0.156445
162 0.156071
163 0.155618
164 0.155073
165 0.15463
166 0.154276
167 0.153825
168 0.153448
169 0.153064
170 0.152696
171 0.152317
172 0.151906
173 0.151526
174 0.151185
175 0.150828
176 0.150529
177 0.150107
178 0.149682
179 0.149246
180 0.148901
181 0.148642
182 0.148294
183 0.148048
184 0.147754
185 0.147477
186 0.147153
187 0.146871
188 0.146563
189 0.146136
190 0.145949
191 0.145664
192 0.145327
193 0.14501
194 0.14468
195 0.144409
196 0.144042
197 0.143857
198 0.143601
199 0.143255
200 0.142964
201 0.142626
202 0.142351
203 0.142011
204 0.14175
205 0.141367
206 0.140968
207 0.140726
208 0.140457
209 0.140197
210 0.139953
211 0.139662
212 0.139361
213 0.139186
214 0.138967
215 0.138719
216 0.138469
217 0.138218
218 0.137924
219 0.137694
220 0.137514
221 0.137182
222 0.136922
223 0.136741
224 0.136516
225 0.136237
226 0.136024
227 0.135846
228 0.13558
229 0.135276
230 0.135196
231 0.135023
232 0.134815
233 0.134544
234 0.134362
235 0.134155
236 0.134005
237 0.133702
238 0.133412
239 0.133214
240 0.133092
241 0.132809
242 0.132581
243 0.132346
244 0.13208
245 0.131774
246 0.131472
247 0.131246
248 0.131063
249 0.13087
250 0.130796
251 0.13059
252 0.13044
253 0.130089
254 0.129943
255 0.129686
256 0.129387
257 0.129267
258 0.129111
259 0.128982
260 0.128792
261 0.128566
262 0.128411
263 0.12822
264 0.127897
265 0.127703
266 0.127531
267 0.127433
268 0.127373
269 0.127103
270 0.126966
271 0.126776
272 0.12662
273 0.126466
274 0.126286
275 0.12609
276 0.125893
277 0.125676
278 0.125441
279 0.125265
280 0.125111
281 0.124893
282 0.124688
283 0.124688
284 0.124583
285 0.124404
286 0.124265
287 0.124083
288 0.124029
289 0.123876
290 0.123625
291 0.12355
292 0.123382
293 0.123276
294 0.123108
295 0.122935
296 0.122743
297 0.122547
298 0.122406
299 0.122273
300 0.122115
301 0.121922
302 0.121875
303 0.12168
304 0.121585
305 0.121431
306 0.121419
307 0.121393
308 0.12122
309 0.12101
310 0.120886
311 0.120737
312 0.120571
313 0.120397
314 0.120243
315 0.120059
316 0.120041
317 0.11991
318 0.119835
319 0.119662
320 0.119579
321 0.119439
322 0.119261
323 0.119102
324 0.118956
325 0.118796
326 0.118749
327 0.118595
328 0.118518
329 0.118448
330 0.118228
331 0.118124
332 0.117967
333 0.117861
334 0.117759
335 0.117618
336 0.117451
337 0.117385
338 0.117335
339 0.117113
340 0.11705
341 0.116933
342 0.116659
343 0.116539
344 0.116445
345 0.116229
346 0.116052
347 0.115994
348 0.115849
349 0.115735
350 0.115485
351 0.115421
352 0.115179
353 0.115102
354 0.114915
355 0.114774
356 0.114717
357 0.114479
358 0.114439
359 0.114312
360 0.114233
361 0.114183
362 0.114061
363 0.113879
364 0.113778
365 0.11358
366 0.113427
367 0.113396
368 0.113346
369 0.113255
370 0.113199
371 0.113158
372 0.113093
373 0.113003
374 0.112792
375 0.112592
376 0.11248
377 0.112341
378 0.112188
379 0.112067
380 0.112028
381 0.11185
382 0.111799
383 0.11168
384 0.111512
385 0.111377
386 0.111267
387 0.111195
388 0.111106
389 0.110991
390 0.110877
391 0.110689
392 0.110505
393 0.110453
394 0.110186
395 0.110085
396 0.109968
397 0.109781
398 0.109732
399 0.109565
400 0.109413
401 0.109357
402 0.109159
403 0.109085
404 0.10892
405 0.108825
406 0.108607
407 0.108523
408 0.108304
409 0.108198
410 0.108155
411 0.108034
412 0.107986
413 0.107851
414 0.107837
415 0.107673
416 0.107511
417 0.107547
418 0.107402
419 0.107268
420 0.107183
421 0.107084
422 0.106967
423 0.10693
424 0.106782
425 0.106777
426 0.106732
427 0.106617
428 0.106441
429 0.106303
430 0.106241
431 0.10607
432 0.106026
433 0.105966
434 0.105867
435 0.105776
436 0.105658
437 0.105513
438 0.10543
439 0.105313
440 0.105131
441 0.105034
442 0.105008
443 0.104887
444 0.104807
445 0.104649
446 0.104574
447 0.10448
448 0.104338
449 0.104208
450 0.104143
451 0.104032
452 0.103994
453 0.103919
454 0.103861
455 0.103796
456 0.103706
457 0.103594
458 0.103547
459 0.103489
460 0.103463
461 0.103296
462 0.103192
463 0.103095
464 0.10307
465 0.10309
466 0.103067
467 0.102933
468 0.102893
469 0.102758
470 0.102715
471 0.102692
472 0.10256
473 0.102449
474 0.102337
475 0.102159
476 0.102016
477 0.10199
478 0.101828
479 0.101736
480 0.101632
481 0.101624
482 0.101561
483 0.101416
484 0.1014
485 0.10124
486 0.101176
487 0.101121
488 0.100994
489 0.100953
490 0.100955
491 0.100816
492 0.100713
493 0.100626
494 0.10047
495 0.100389
496 0.100294
497 0.100186
498 0.100124
499 0.100018
500 0.0999131
501 0.0998982
502 0.0998212
503 0.0996796
504 0.099707
505 0.0996609
506 0.099586
507 0.099504
508 0.0994509
509 0.0993006
510 0.0991846
511 0.0991333
512 0.099059
513 0.0989867
514 0.0989918
515 0.0989658
516 0.0989674
517 0.0988744
518 0.098846
519 0.0986644
520 0.0986772
521 0.0983689
522 0.0982992
523 0.0982784
524 0.0981256
525 0.0980535
526 0.0979686
527 0.0980159
528 0.0979261
529 0.0978835
530 0.0977374
531 0.0976273
532 0.0976988
533 0.097612
534 0.0975703
535 0.0975322
536 0.0974103
537 0.0973408
538 0.0973212
539 0.0972468
540 0.0972195
541 0.0972601
542 0.0971133
543 0.0970654
544 0.0968844
545 0.0969189
546 0.0968164
547 0.0967446
548 0.0966232
549 0.0965663
550 0.0964662
551 0.0963842
552 0.0963929
553 0.0963269
554 0.0962171
555 0.0961996
556 0.0961014
557 0.096002
558 0.0961331
559 0.0960651
560 0.0959844
561 0.0960137
562 0.0958629
563 0.0958053
564 0.0957626
565 0.0956836
566 0.0955907
567 0.0955534
568 0.095443
569 0.0953723
570 0.0953402
571 0.0952917
572 0.0951802
573 0.0951033
574 0.0950486
575 0.0949634
576 0.0948441
577 0.094707
578 0.0947217
579 0.094615
580 0.0945274
581 0.0945971
582 0.0945275
583 0.0944287
584 0.0944133
585 0.0944124
586 0.0942473
587 0.0943481
588 0.0942239
589 0.0941811
590 0.0941216
591 0.0939907
592 0.0938647
593 0.0938246
594 0.0938256
595 0.0937246
596 0.0937617
597 0.0936033
598 0.0934871
599 0.0934808
600 0.0934431
601 0.0934452
602 0.093425
603 0.0933654
604 0.0933434
605 0.0933303
606 0.0933416
607 0.0933405
608 0.0931896
609 0.0931007
610 0.0930522
611 0.0929286
612 0.0929414
613 0.0929082
614 0.0928702
615 0.0928881
616 0.0928819
617 0.0928578
618 0.092867
619 0.092727
620 0.0927005
621 0.0926815
622 0.0926392
623 0.0926539
624 0.0925138
625 0.0924413
626 0.0923541
627 0.0923132
628 0.0921555
629 0.0920967
630 0.0920464
631 0.0920659
632 0.0919446
633 0.0919766
634 0.0919224
635 0.0918539
636 0.0917452
637 0.0917411
638 0.0915998
639 0.09166
640 0.0915791
641 0.0915972
642 0.0914389
643 0.0913672
644 0.0912772
645 0.0912343
646 0.0910907
647 0.0910418
648 0.090985
649 0.090986
650 0.0910137
651 0.0909362
652 0.0909187
653 0.0907922
654 0.0907042
655 0.0906464
656 0.0905455
657 0.0904077
658 0.0902873
659 0.0902054
660 0.0901362
661 0.0901311
662 0.0898474
663 0.0898216
664 0.0897975
665 0.0897517
666 0.0896026
667 0.089575
668 0.0895291
669 0.0895327
670 0.0894343
671 0.0894265
672 0.0892741
673 0.0892051
674 0.0891117
675 0.0890493
676 0.0890906
677 0.089062
678 0.0889904
679 0.0888245
680 0.0887879
681 0.0887588
682 0.08855
683 0.0885733
684 0.0884537
685 0.0884178
686 0.0883374
687 0.0883335
688 0.0882687
689 0.0882264
690 0.0881405
691 0.0879928
692 0.0879811
693 0.0879562
694 0.087993
695 0.087931
696 0.0879491
697 0.0879797
698 0.0878687
699 0.087821
700 0.0876617
701 0.087716
702 0.0875947
703 0.0876176
704 0.0876433
705 0.0875522
706 0.0875884
707 0.0874725
708 0.0874522
709 0.087303
710 0.0873123
711 0.0873159
712 0.0872435
713 0.0872156
714 0.0872626
715 0.0870546
716 0.0869159
717 0.086951
718 0.0868723
719 0.0867825
720 0.086637
721 0.0866415
722 0.0864437
723 0.0863072
724 0.0862818
725 0.0861335
726 0.0861261
727 0.0861028
728 0.0860652
729 0.0860112
730 0.085982
731 0.0859154
732 0.0858276
733 0.0859554
734 0.0859535
735 0.0858496
736 0.0859489
737 0.0859094
738 0.0858826
739 0.0858778
740 0.0858366
741 0.0858631
742 0.085904
743 0.0858652
744 0.0858011
745 0.0858441
746 0.0858541
747 0.085813
748 0.0858275
749 0.0858073
750 0.085792
751 0.085778
752 0.0857711
753 0.0857562
754 0.0856931
755 0.0857174
756 0.0856467
757 0.0856563
758 0.0856425
759 0.0856422
760 0.0855032
761 0.0854879
762 0.0854729
763 0.0853746
764 0.0853493
765 0.085185
766 0.0852019
767 0.0851505
768 0.0851156
769 0.0849547
770 0.0849456
771 0.0847393
772 0.0847725
773 0.0847814
774 0.0847411
775 0.0847563
776 0.0846911
777 0.0847152
778 0.0846885
779 0.0846522
780 0.0845857
781 0.0844906
782 0.0844233
783 0.0843582
784 0.084282
785 0.0842077
786 0.0841482
787 0.0840334
788 0.0840534
789 0.0840051
790 0.0840812
791 0.0840325
792 0.0839543
793 0.0840468
794 0.084053
795 0.0839332
796 0.0838966
797 0.083921
798 0.0839084
799 0.0837677
800 0.0836719
801 0.0835907
802 0.0834857
803 0.083572
804 0.0834132
805 0.0833796
806 0.0833141
807 0.0832784
808 0.083164
809 0.0831727
810 0.0831007
811 0.0829965
812 0.0829539
813 0.0829846
814 0.0829319
815 0.0829419
816 0.0828583
817 0.0828206
818 0.0828318
819 0.0828575
820 0.0827418
821 0.0827122
822 0.0826179
823 0.082698
824 0.0826025
825 0.0825318
826 0.0826038
827 0.0825666
828 0.0825487
829 0.0825047
830 0.0824549
831 0.082423
832 0.0823082
833 0.0823745
834 0.0822561
835 0.0821648
836 0.0821034
837 0.0821582
838 0.082076
839 0.0818982
840 0.0818433
841 0.0817516
842 0.0815831
843 0.0814407
844 0.0813817
845 0.0813875
846 0.0812579
847 0.0812364
848 0.0811931
849 0.0809876
850 0.0809841
851 0.0809519
852 0.0808928
853 0.0807565
854 0.0806648
855 0.0805908
856 0.0805229
857 0.080481
858 0.0804505
859 0.0804124
860 0.0804235
861 0.0802355
862 0.0802009
863 0.0800967
864 0.0800276
865 0.0800095
866 0.0799717
867 0.0798458
868 0.0798238
869 0.0798399
870 0.0798321
871 0.0797203
872 0.0796449
873 0.0796474
874 0.0795157
875 0.0795102
876 0.0795157
877 0.0794259
878 0.0793813
879 0.0792913
880 0.0793234
881 0.0792883
882 0.0791781
883 0.0792737
884 0.0791326
885 0.0791398
886 0.0791509
887 0.0791382
888 0.0791356
889 0.0790946
890 0.0790512
891 0.0791103
892 0.0791261
893 0.0791073
894 0.0789781
895 0.0790143
896 0.0789059
897 0.0789659
898 0.0788094
899 0.0787798
900 0.0788738
901 0.0787582
902 0.0786716
903 0.0786823
904 0.0786812
905 0.0786244
906 0.0785756
907 0.0785618
908 0.0785698
909 0.078604
910 0.078596
911 0.0785919
912 0.0786036
913 0.0785907
914 0.0785488
915 0.078446
916 0.0783928
917 0.0783866
918 0.0783627
919 0.0783153
920 0.0782773
921 0.0782718
922 0.0781728
923 0.0780851
924 0.0781373
925 0.0781649
926 0.0781806
927 0.0780822
928 0.0781267
929 0.0780249
930 0.0779999
931 0.0779636
932 0.0779952
933 0.0779498
934 0.0779471
935 0.0778008
936 0.0778674
937 0.0777279
938 0.0776866
939 0.0775858
940 0.0775636
941 0.0776507
942 0.0775368
943 0.0776214
944 0.0775533
945 0.0774314
946 0.0773814
947 0.0773368
948 0.0772398
949 0.0771211
950 0.077023
951 0.0768902
952 0.0768732
953 0.0768715
954 0.0766978
955 0.0766703
956 0.0766472
957 0.0765582
958 0.0765754
959 0.0764397
960 0.0765758
961 0.0764021
962 0.0763215
963 0.0763318
964 0.0763229
965 0.0762147
966 0.0761078
967 0.0761122
968 0.0760324
969 0.0761383
970 0.0760413
971 0.0759305
972 0.075881
973 0.0759268
974 0.0758333
975 0.0756845
976 0.0757374
977 0.0757226
978 0.0757031
979 0.0756794
980 0.0757235
981 0.0756962
982 0.075627
983 0.0755953
984 0.0755793
985 0.0754988
986 0.075394
987 0.0753176
988 0.0753133
989 0.0752244
990 0.0752575
991 0.07522
992 0.0751382
993 0.0750805
994 0.0751007
995 0.0750405
996 0.0750329
997 0.0749614
998 0.0749457
999 0.0749332
1000 0.0749456
1001 0.0750411
1002 0.0749568
1003 0.0749729
1004 0.0749744
1005 0.074966
1006 0.074967
1007 0.0749133
1008 0.0748521
1009 0.0748651
1010 0.0747591
1011 0.0748292
1012 0.0746846
1013 0.0746129
1014 0.074538
1015 0.0744374
1016 0.0744104
1017 0.0744362
1018 0.0743135
1019 0.0743213
1020 0.0742404
1021 0.0741292
1022 0.0740263
1023 0.0740076
1024 0.0740244
1025 0.0740194
1026 0.0739096
1027 0.0738963
1028 0.0737508
1029 0.0736705
1030 0.0735456
1031 0.0734856
1032 0.0734386
1033 0.0732944
1034 0.0732198
1035 0.0732713
1036 0.0732521
1037 0.0732363
1038 0.0731851
1039 0.0731063
1040 0.0731412
1041 0.0730799
1042 0.073067
1043 0.0730254
1044 0.072963
1045 0.0729245
1046 0.0729448
1047 0.0729609
1048 0.0729504
1049 0.0729071
1050 0.0728938
1051 0.0728729
1052 0.0728762
1053 0.0728449
1054 0.0727541
1055 0.072773
1056 0.0726972
1057 0.0726786
1058 0.0726088
1059 0.0726538
1060 0.0726221
1061 0.0725857
1062 0.07253
1063 0.0724836
1064 0.072431
1065 0.0723634
1066 0.0722242
1067 0.0722168
1068 0.0721436
1069 0.0721552
1070 0.072194
1071 0.0721037
1072 0.072035
1073 0.0720909
1074 0.0719922
1075 0.0719919
1076 0.0719075
1077 0.0719202
1078 0.0720119
1079 0.0719842
1080 0.0719486
1081 0.0720057
1082 0.0719484
1083 0.0718741
1084 0.0718767
1085 0.07179
1086 0.0717816
1087 0.0717502
1088 0.0717915
1089 0.0717878
1090 0.071889
1091 0.0718437
1092 0.0718731
1093 0.0719205
1094 0.0718416
1095 0.0719589
1096 0.0719528
1097 0.0718168
1098 0.0718497
1099 0.0718703
1100 0.071869
1101 0.0718457
1102 0.0718008
1103 0.0717886
1104 0.0716193
1105 0.0716721
1106 0.0716461
1107 0.0715575
1108 0.071571
1109 0.0715688
1110 0.0715941
1111 0.0716142
1112 0.0714973
1113 0.0715532
1114 0.0715103
1115 0.0714581
1116 0.0713807
1117 0.0712873
1118 0.0712619
1119 0.0713406
1120 0.0711353
1121 0.0712254
1122 0.0711266
1123 0.0711116
1124 0.0710104
1125 0.0710132
1126 0.0711008
1127 0.0709437
1128 0.0709496
1129 0.0709645
1130 0.0709536
1131 0.070862
1132 0.0708708
1133 0.0707891
1134 0.0707362
1135 0.070775
1136 0.0706723
1137 0.0706117
1138 0.0706235
1139 0.07059
1140 0.0705397
1141 0.0705732
1142 0.0705804
1143 0.0705659
1144 0.0705479
1145 0.0705202
1146 0.070419
1147 0.0703564
1148 0.0702723
1149 0.0702936
1150 0.0702099
1151 0.0701045
1152 0.0700824
1153 0.0699984
1154 0.0699111
1155 0.0698565
1156 0.0697541
1157 0.0697063
1158 0.0697192
1159 0.0697045
1160 0.0697292
1161 0.0696809
1162 0.0696498
1163 0.0695923
1164 0.0695447
1165 0.0695763
1166 0.0695689
1167 0.0694553
1168 0.069454
1169 0.0694137
1170 0.069491
1171 0.0694277
1172 0.0694227
1173 0.0694165
1174 0.0694618
1175 0.0694985
1176 0.0693462
1177 0.0693945
1178 0.0692977
1179 0.0693319
1180 0.0693894
1181 0.0693473
1182 0.0692705
1183 0.0692571
1184 0.0692356
1185 0.0692179
1186 0.0692171
1187 0.0691624
1188 0.0691512
1189 0.0691811
1190 0.0690591
1191 0.0690902
1192 0.068944
1193 0.068962
1194 0.0689971
1195 0.0690572
1196 0.0689746
1197 0.0689507
1198 0.0689664
1199 0.0689167
1200 0.0690347
1201 0.068948
1202 0.0689245
1203 0.0689215
1204 0.0689784
1205 0.068997
1206 0.068929
1207 0.0689046
1208 0.0688891
1209 0.0687442
1210 0.0687993
1211 0.0687485
1212 0.0687442
1213 0.0686082
1214 0.0686586
1215 0.0686944
1216 0.0686566
1217 0.0687005
1218 0.0687881
1219 0.0686539
1220 0.0686874
1221 0.0686517
1222 0.0686882
1223 0.0686967
1224 0.0685189
1225 0.0684671
1226 0.0684258
1227 0.068419
1228 0.0684111
1229 0.0683877
1230 0.0682821
1231 0.0683108
1232 0.0682814
1233 0.0682569
1234 0.0681893
1235 0.0681534
1236 0.0681308
1237 0.068193
1238 0.0680767
1239 0.0679977
1240 0.0678653
1241 0.0677694
1242 0.0677628
1243 0.0677451
1244 0.0676885
1245 0.0676597
1246 0.0675728
1247 0.0675724
1248 0.0675748
1249 0.0675309
1250 0.0675808
1251 0.0675324
1252 0.0674208
1253 0.067405
1254 0.0674262
1255 0.0673378
1256 0.0673226
1257 0.0672683
1258 0.0672302
1259 0.0671093
1260 0.0669481
1261 0.0669039
1262 0.0669855
1263 0.0669384
1264 0.0669513
1265 0.0669559
1266 0.066998
1267 0.067006
1268 0.0670989
1269 0.0669919
1270 0.0670162
1271 0.06692
1272 0.0670297
1273 0.0669994
1274 0.0669773
1275 0.0669917
1276 0.066932
1277 0.0669047
1278 0.0669565
1279 0.066913
1280 0.0668997
1281 0.0669096
1282 0.0668113
1283 0.066759
1284 0.0667964
1285 0.0667352
1286 0.0668708
1287 0.0668678
1288 0.0668954
1289 0.0668862
1290 0.0668762
1291 0.0669157
1292 0.0668665
1293 0.0668308
1294 0.0669326
1295 0.0669248
1296 0.0670238
1297 0.0670821
1298 0.0669574
1299 0.0669931
1300 0.0669752
1301 0.0670968
1302 0.0671697
1303 0.067132
1304 0.0671378
1305 0.0671485
1306 0.0671915
1307 0.067169
1308 0.067116
1309 0.0671037
1310 0.0671041
1311 0.0671023
1312 0.0670826
1313 0.0670043
1314 0.0670761
1315 0.0669751
1316 0.0669403
1317 0.0669344
1318 0.0668606
1319 0.0668572
1320 0.0666781
1321 0.0666612
1322 0.066631
1323 0.0665825
1324 0.0666733
1325 0.0665739
1326 0.0665542
1327 0.0663229
1328 0.0663858
1329 0.0664704
1330 0.0664175
1331 0.0663992
1332 0.0663536
1333 0.0663077
1334 0.0662508
1335 0.0662392
1336 0.0662345
1337 0.0660909
1338 0.0660303
1339 0.0659952
1340 0.0660064
1341 0.0660369
1342 0.0659277
1343 0.0659909
1344 0.0658466
1345 0.0657901
1346 0.0659258
1347 0.0658799
1348 0.0659051
1349 0.0658506
1350 0.0659533
1351 0.0659941
1352 0.0659058
1353 0.0659186
1354 0.0659022
1355 0.0659294
1356 0.0658727
1357 0.0658089
1358 0.0658097
1359 0.0659083
1360 0.0658752
1361 0.0657577
1362 0.0656932
1363 0.0657618
1364 0.0657467
1365 0.065649
1366 0.0656739
1367 0.0656198
1368 0.0656311
1369 0.0655865
1370 0.0655797
1371 0.065603
1372 0.0655895
1373 0.0654764
1374 0.065393
1375 0.06548
1376 0.0654695
1377 0.0653201
1378 0.0652708
1379 0.0652279
1380 0.0652116
1381 0.0651496
1382 0.0651611
1383 0.0650231
1384 0.0649856
1385 0.0649987
1386 0.0649391
1387 0.0648941
1388 0.0648751
1389 0.0647895
1390 0.0648305
1391 0.064786
1392 0.0647686
1393 0.0648438
1394 0.0648504
1395 0.0648043
1396 0.0647131
1397 0.0648063
1398 0.0647219
1399 0.0647582
1400 0.0646749
1401 0.0645659
1402 0.0644214
1403 0.0644048
1404 0.0644448
1405 0.0643493
1406 0.064436
1407 0.0643483
1408 0.0643386
1409 0.0643326
1410 0.0643221
1411 0.064348
1412 0.0643013
1413 0.064274
1414 0.0642603
1415 0.0642818
1416 0.064308
1417 0.0641623
1418 0.064209
1419 0.064141
1420 0.0640746
1421 0.064097
1422 0.0641114
1423 0.0641358
1424 0.0641198
1425 0.0639781
1426 0.0639902
1427 0.0639384
1428 0.063926
1429 0.063799
1430 0.0637824
1431 0.0637088
1432 0.0637021
1433 0.0635765
1434 0.063653
1435 0.063591
1436 0.063541
1437 0.0635449
1438 0.0634703
1439 0.063386
1440 0.0632963
1441 0.0632503
1442 0.063206
1443 0.0631641
1444 0.0632528
1445 0.0631233
1446 0.0632361
1447 0.0631786
1448 0.0632035
1449 0.0631971
1450 0.063177
1451 0.0631943
1452 0.06316
1453 0.0631204
1454 0.063098
1455 0.0630505
1456 0.0630569
1457 0.0630374
1458 0.0629321
1459 0.0628151
1460 0.062836
1461 0.0627319
1462 0.0627139
1463 0.062724
1464 0.0626774
1465 0.0626829
1466 0.0625919
1467 0.0625455
1468 0.0625823
1469 0.0625265
1470 0.0624399
1471 0.0624905
1472 0.0626336
1473 0.0625387
1474 0.0625075
1475 0.0625125
1476 0.062533
1477 0.0624227
1478 0.0624456
1479 0.0624971
1480 0.0625224
1481 0.0624663
1482 0.062395
1483 0.0622858
1484 0.0623173
1485 0.0623207
1486 0.062279
1487 0.0623659
1488 0.0622249
1489 0.0622937
1490 0.06221
1491 0.0622204
1492 0.0621404
1493 0.0621808
1494 0.0622151
1495 0.0622323
1496 0.0621951
1497 0.0620572
1498 0.062083
1499 0.0620375
1500 0.061944
1501 0.0619582
1502 0.0619857
1503 0.0620187
1504 0.0618773
1505 0.0618833
1506 0.0618641
1507 0.0619242
1508 0.0619152
1509 0.0619062
1510 0.0619405
1511 0.0618665
1512 0.0619089
1513 0.0619448
1514 0.0619289
1515 0.0618532
1516 0.0618333
1517 0.0617972
1518 0.0616996
1519 0.061649
1520 0.0616803
1521 0.0616902
1522 0.0616329
1523 0.0616099
1524 0.0616272
1525 0.0615548
1526 0.0614732
1527 0.0613222
1528 0.0612357
1529 0.0612088
1530 0.0612809
1531 0.0612091
1532 0.0611961
1533 0.0611451
1534 0.0611608
1535 0.0611901
1536 0.0611582
1537 0.0610895
1538 0.0612487
1539 0.0611356
1540 0.0610705
1541 0.0611684
1542 0.0610915
1543 0.0610529
1544 0.0610601
1545 0.0611161
1546 0.0611814
1547 0.06119
1548 0.0612693
1549 0.0612922
1550 0.0613158
1551 0.0613123
1552 0.0613708
1553 0.0613214
1554 0.0613448
1555 0.0614545
1556 0.0613225
1557 0.0613696
1558 0.0613894
1559 0.0613349
1560 0.061471
1561 0.0615034
1562 0.061497
1563 0.0614598
1564 0.0614594
1565 0.0614593
1566 0.0614516
1567 0.0613579
1568 0.0613323
1569 0.0613309
1570 0.0613713
1571 0.0612973
1572 0.0614132
1573 0.0613575
1574 0.0613165
1575 0.0612428
1576 0.0612727
1577 0.0611798
1578 0.0611311
1579 0.061143
1580 0.0611503
1581 0.0611067
1582 0.0611572
1583 0.0612019
1584 0.0611891
1585 0.0611692
1586 0.061179
1587 0.0611526
1588 0.0611527
1589 0.0611879
1590 0.0611581
1591 0.0612211
1592 0.0611179
1593 0.061023
1594 0.0610673
1595 0.0610585
1596 0.0609974
1597 0.0609972
1598 0.0609831
1599 0.0610559
1600 0.0609794
1601 0.060899
1602 0.0609598
1603 0.0609854
1604 0.0609519
1605 0.0610346
1606 0.0610783
1607 0.060908
1608 0.0611721
1609 0.0611561
1610 0.0609262
1611 0.0609708
1612 0.0610347
1613 0.0610261
1614 0.0609481
1615 0.0609615
1616 0.0608811
1617 0.0608584
1618 0.0607549
1619 0.0607585
1620 0.0607371
1621 0.0607315
1622 0.0606769
1623 0.0606948
1624 0.0607606
1625 0.0607343
1626 0.0607017
1627 0.0606329
1628 0.0605876
1629 0.0605589
1630 0.0605497
1631 0.0604417
1632 0.0605109
1633 0.0605004
1634 0.060563
1635 0.0605302
1636 0.0605683
1637 0.0605528
1638 0.0606057
1639 0.0605484
1640 0.0605061
1641 0.0604845
1642 0.0604571
1643 0.0604023
1644 0.0603681
1645 0.060289
1646 0.0602707
1647 0.0602413
1648 0.0602844
1649 0.0601964
1650 0.0601695
1651 0.0601365
1652 0.0601352
1653 0.0600879
1654 0.0599909
1655 0.0599816
1656 0.0600016
1657 0.0599687
1658 0.0599154
1659 0.0599518
1660 0.0599504
1661 0.0599382
1662 0.0599852
1663 0.0600204
1664 0.060082
1665 0.0600368
1666 0.0601152
1667 0.0600845
1668 0.0601773
1669 0.0602144
1670 0.0601336
1671 0.0601662
1672 0.0601537
1673 0.0602491
1674 0.0602157
1675 0.0601628
1676 0.0601561
1677 0.0602646
1678 0.0601909
1679 0.0601461
1680 0.0602005
1681 0.0601956
1682 0.0601047
1683 0.0601321
1684 0.0599943
1685 0.0599702
1686 0.0600409
1687 0.0599625
1688 0.0600713
1689 0.0600249
1690 0.0600015
1691 0.060096
1692 0.0602105
1693 0.0602418
1694 0.0602878
1695 0.0602585
1696 0.0601845
1697 0.0602084
1698 0.0602269
1699 0.0601826
1700 0.0601689
1701 0.060165
1702 0.0601619
1703 0.0600416
1704 0.059985
1705 0.0599493
1706 0.0600856
1707 0.0599962
1708 0.0599557
1709 0.059882
1710 0.0599155
1711 0.0598555
1712 0.0598827
1713 0.0599582
1714 0.0599346
1715 0.0598788
1716 0.0598893
1717 0.0599236
1718 0.0599313
1719 0.0598887
1720 0.0599798
1721 0.0599509
1722 0.0599167
1723 0.0599135
1724 0.0600456
1725 0.0599765
1726 0.0599496
1727 0.059965
1728 0.0599715
1729 0.0599714
1730 0.0599817
1731 0.0599311
1732 0.0599616
1733 0.0600095
1734 0.0599673
1735 0.0599455
1736 0.0598115
1737 0.0598437
1738 0.059893
1739 0.0599395
1740 0.0597894
1741 0.0596501
1742 0.0596944
1743 0.0596766
1744 0.059664
1745 0.0597579
1746 0.0597141
1747 0.0596139
1748 0.059646
1749 0.0596437
1750 0.0596226
1751 0.0596192
1752 0.0596493
1753 0.059611
1754 0.0595963
1755 0.0596735
1756 0.0595093
1757 0.0596395
1758 0.0596041
1759 0.0596129
1760 0.0596815
1761 0.0597457
1762 0.0596003
1763 0.0596319
1764 0.0595638
1765 0.0595458
1766 0.059475
1767 0.0595725
1768 0.0595032
1769 0.0594915
1770 0.0596306
1771 0.0596104
1772 0.0596524
1773 0.0596398
1774 0.0595171
1775 0.0594528
1776 0.0594414
1777 0.0593817
1778 0.0593767
1779 0.0593562
1780 0.0592801
1781 0.0592772
1782 0.059254
1783 0.0592461
1784 0.0591873
1785 0.0591708
1786 0.0592034
1787 0.0590969
1788 0.0590309
1789 0.0590827
1790 0.0589832
1791 0.0588405
1792 0.0588295
1793 0.0588813
1794 0.0588353
1795 0.0587093
1796 0.0587716
1797 0.0588846
1798 0.0588961
1799 0.0588218
1800 0.0587335
1801 0.0588261
1802 0.0588164
1803 0.0587643
1804 0.0587434
1805 0.0586774
1806 0.058519
1807 0.0586534
1808 0.0585188
1809 0.0585487
1810 0.0585366
1811 0.0585349
1812 0.0586128
1813 0.0586295
1814 0.0585366
1815 0.0586171
1816 0.0585479
1817 0.0585766
1818 0.0586757
1819 0.0586922
1820 0.0584926
1821 0.0584939
1822 0.0585116
1823 0.0584251
1824 0.0584188
1825 0.058361
1826 0.0582381
1827 0.0582544
1828 0.0582328
1829 0.058163
1830 0.0581483
1831 0.0580624
1832 0.0580369
1833 0.0579861
1834 0.0578527
1835 0.0579824
1836 0.0578782
1837 0.0579008
1838 0.0578296
1839 0.057749
1840 0.0576766
1841 0.057691
1842 0.0576757
1843 0.0576038
1844 0.0575867
1845 0.0574942
1846 0.0575148
1847 0.0574825
1848 0.0575678
1849 0.0576032
1850 0.0574583
1851 0.0575725
1852 0.0575255
1853 0.0575153
1854 0.0575138
1855 0.0574363
1856 0.0574203
1857 0.0573492
1858 0.0574106
1859 0.0573646
1860 0.0573506
1861 0.0571839
1862 0.0572642
1863 0.0572485
1864 0.0573056
1865 0.057204
1866 0.0571836
1867 0.0571774
1868 0.0571498
1869 0.0571061
1870 0.057101
1871 0.0572432
1872 0.0572159
1873 0.0572418
1874 0.0573033
1875 0.0572653
1876 0.0572978
1877 0.057301
1878 0.0571014
1879 0.0571249
1880 0.0570758
1881 0.0569777
1882 0.0569828
1883 0.0569296
1884 0.0568412
1885 0.0568703
1886 0.0568335
1887 0.0569378
1888 0.0570099
1889 0.0569675
1890 0.0570046
1891 0.056931
1892 0.0570163
1893 0.0569984
1894 0.0569654
1895 0.0568811
1896 0.0568041
1897 0.0567734
1898 0.0567565
1899 0.0566951
1900 0.0566782
1901 0.0567405
1902 0.0566045
1903 0.0565965
1904 0.0565938
1905 0.0566665
1906 0.056689
1907 0.0567921
1908 0.0567811
1909 0.0568097
1910 0.056784
1911 0.0568101
1912 0.0567881
1913 0.056793
1914 0.056709
1915 0.0566133
1916 0.0565652
1917 0.0566005
1918 0.0563957
1919 0.0563829
1920 0.05626
1921 0.0561674
1922 0.0560615
1923 0.0560514
1924 0.0559531
1925 0.0559257
1926 0.0559363
1927 0.0558938
1928 0.0557584
1929 0.0556257
1930 0.0555466
1931 0.0556045
1932 0.0556291
1933 0.0555877
1934 0.0556213
1935 0.0556298
1936 0.0555171
1937 0.0554867
1938 0.0554758
1939 0.0554374
1940 0.0553626
1941 0.0553257
1942 0.0553722
1943 0.0552945
1944 0.0551821
1945 0.0551364
1946 0.0551207
1947 0.0550604
1948 0.0550782
1949 0.055047
1950 0.0550053
1951 0.0549594
1952 0.0548703
1953 0.0548801
1954 0.0548889
1955 0.0548122
1956 0.0547031
1957 0.0546576
1958 0.0546316
1959 0.0545788
1960 0.0546139
1961 0.0546264
1962 0.054538
1963 0.0544797
1964 0.0545896
1965 0.0545825
1966 0.0547038
1967 0.0547642
1968 0.0547013
1969 0.0548058
1970 0.0547067
1971 0.0547053
1972 0.0547323
1973 0.0546232
1974 0.0545205
1975 0.0545541
1976 0.0545587
1977 0.0544454
1978 0.0544691
1979 0.0545152
1980 0.0544116
1981 0.0543592
1982 0.0543604
1983 0.0544853
1984 0.0543689
1985 0.0542347
1986 0.0541012
1987 0.0541221
1988 0.0541053
1989 0.0541637
1990 0.0541424
1991 0.0541862
1992 0.054256
1993 0.0543498
1994 0.0542666
1995 0.0541717
1996 0.0541848
1997 0.0540907
1998 0.0540148
1999 0.0541202
2000 0.0541251
2001 0.05407
2002 0.0540884
2003 0.0541613
2004 0.054095
2005 0.0540566
2006 0.053973
2007 0.0539937
2008 0.0540944
2009 0.0540565
2010 0.0540842
2011 0.054015
2012 0.0541253
2013 0.0540821
2014 0.0541307
2015 0.0541677
2016 0.0542855
2017 0.0542238
2018 0.0541624
2019 0.0541763
2020 0.054157
2021 0.054107
2022 0.0540355
2023 0.0540059
2024 0.0539563
2025 0.0539147
2026 0.0539343
2027 0.0538451
2028 0.0538106
2029 0.0538847
2030 0.053753
2031 0.0537107
2032 0.0537626
2033 0.053632
2034 0.0535983
2035 0.053612
2036 0.053682
2037 0.0537245
2038 0.0535467
2039 0.0535252
2040 0.0535403
2041 0.0534619
2042 0.0533748
2043 0.0532926
2044 0.0533312
2045 0.0533297
2046 0.0532758
2047 0.0532932
2048 0.053394
2049 0.0533425
2050 0.0534179
2051 0.0532948
2052 0.0534058
2053 0.0532862
2054 0.0532026
2055 0.0533094
2056 0.0533
2057 0.0532217
2058 0.0531393
2059 0.0531835
2060 0.0533024
2061 0.0532844
2062 0.0531651
2063 0.053092
2064 0.0530612
2065 0.0531339
2066 0.0531518
2067 0.0531383
2068 0.0532198
2069 0.0531746
2070 0.0531561
2071 0.05314
2072 0.0531151
2073 0.05316
2074 0.0532393
2075 0.0532628
2076 0.0532309
2077 0.053246
2078 0.0531936
2079 0.0533105
2080 0.0532873
2081 0.0531582
2082 0.0533054
2083 0.0532959
2084 0.0533578
2085 0.0533946
2086 0.0534237
2087 0.0534379
2088 0.0533988
2089 0.0533506
2090 0.0533481
2091 0.0533711
2092 0.0532392
2093 0.0533637
2094 0.0531946
2095 0.0532439
2096 0.0533782
2097 0.0533565
2098 0.0533727
2099 0.0533834
2100 0.053243
2101 0.0533086
2102 0.0533168
2103 0.0532001
2104 0.0532725
2105 0.0533434
2106 0.0533085
2107 0.0533165
2108 0.0533817
2109 0.0533427
2110 0.0533743
2111 0.0533611
2112 0.0533883
2113 0.0535496
2114 0.0535275
2115 0.0534566
2116 0.0534372
2117 0.0534453
2118 0.0534249
2119 0.0535413
2120 0.0535445
2121 0.0534462
2122 0.0535146
2123 0.0535889
2124 0.0536013
2125 0.0535703
2126 0.053603
2127 0.0536091
2128 0.0536089
2129 0.0536947
2130 0.053743
2131 0.0536652
2132 0.0535017
2133 0.053589
2134 0.0536516
2135 0.053584
2136 0.0535481
2137 0.0536532
2138 0.0536244
2139 0.0537208
2140 0.0537507
2141 0.0536932
2142 0.0536525
2143 0.05358
2144 0.0536624
2145 0.0537396
2146 0.0537675
2147 0.0537031
2148 0.0537555
2149 0.0537537
2150 0.0538538
2151 0.0538427
2152 0.0538317
2153 0.0539525
2154 0.0538862
2155 0.0538135
2156 0.0536762
2157 0.0537611
2158 0.0536913
2159 0.0537458
2160 0.0536543
2161 0.0536513
2162 0.0536771
2163 0.0535884
2164 0.0535529
2165 0.0536014
2166 0.0535121
2167 0.0535663
2168 0.0534866
2169 0.053297
2170 0.0532172
2171 0.0532724
2172 0.0532736
2173 0.0530961
2174 0.0531507
2175 0.0531498
2176 0.0530917
2177 0.0530684
2178 0.0530304
2179 0.0530013
2180 0.0529557
2181 0.0529633
2182 0.0528433
2183 0.052789
2184 0.052772
2185 0.0527663
2186 0.0527669
2187 0.0526218
2188 0.052595
2189 0.052587
2190 0.052651
2191 0.052502
2192 0.0524943
2193 0.0525718
2194 0.0525145
2195 0.0524718
2196 0.0524018
2197 0.0523607
2198 0.0522757
2199 0.0523058
2200 0.0522991
2201 0.0521567
2202 0.0521237
2203 0.0521442
2204 0.0521168
2205 0.052106
2206 0.0520898
2207 0.0519696
2208 0.0520687
2209 0.0519698
2210 0.0520415
2211 0.0519129
2212 0.0518314
2213 0.0517592
2214 0.051767
2215 0.0517387
2216 0.0517111
2217 0.0517138
2218 0.0516425
2219 0.0517852
2220 0.0516855
2221 0.0516927
2222 0.0516006
2223 0.0516921
2224 0.0516351
2225 0.0515922
2226 0.0516012
2227 0.051609
2228 0.0516231
2229 0.0515138
2230 0.0515037
2231 0.0516357
2232 0.0515972
2233 0.0516245
2234 0.0515887
2235 0.0514699
2236 0.0513468
2237 0.0514202
2238 0.0513382
2239 0.0513535
2240 0.0513628
2241 0.0513535
2242 0.0514649
2243 0.0513847
2244 0.0513853
2245 0.0513429
2246 0.0513329
2247 0.0513715
2248 0.0513289
2249 0.0512524
2250 0.0513459
2251 0.0511669
2252 0.0513171
2253 0.0513051
2254 0.0512716
2255 0.0511953
2256 0.0511691
2257 0.0511559
2258 0.0510247
2259 0.0510744
2260 0.0510327
2261 0.0510443
2262 0.0510054
2263 0.0510284
2264 0.0509666
2265 0.0509046
2266 0.0509188
2267 0.0508826
2268 0.0509819
2269 0.0509554
2270 0.0509024
2271 0.0509281
2272 0.0509328
2273 0.0509206
2274 0.0509707
2275 0.0508898
2276 0.0508465
2277 0.0508358
2278 0.0508884
2279 0.0508747
2280 0.0508758
2281 0.0508928
2282 0.0509291
2283 0.0508473
2284 0.0507652
2285 0.0508794
2286 0.0508609
2287 0.0508177
2288 0.0508975
2289 0.0508881
2290 0.0509406
2291 0.0508903
2292 0.0508039
2293 0.0508148
2294 0.0507604
2295 0.0508022
2296 0.0507442
2297 0.0508218
2298 0.0508561
2299 0.0507894
2300 0.0507149
2301 0.0507334
2302 0.0507096
2303 0.0506811
2304 0.0507587
2305 0.0507758
2306 0.0507513
2307 0.0507976
2308 0.0507913
2309 0.0507733
2310 0.0506806
2311 0.0506902
2312 0.0506381
2313 0.0505998
2314 0.0506328
2315 0.0507665
2316 0.0507051
2317 0.0506673
2318 0.0506372
2319 0.0505609
2320 0.050513
2321 0.0506048
2322 0.0505269
2323 0.0505722
2324 0.0505185
2325 0.0505206
2326 0.050556
2327 0.0504707
2328 0.0504047
2329 0.0504854
2330 0.0504746
2331 0.0505967
2332 0.0505323
2333 0.0505378
2334 0.0506324
2335 0.0506143
2336 0.0506233
2337 0.0507576
2338 0.0507246
2339 0.0507222
2340 0.0508149
2341 0.0507954
2342 0.0508382
2343 0.0508269
2344 0.0507453
2345 0.0509421
2346 0.0508687
2347 0.0508509
2348 0.0508876
2349 0.0508434
2350 0.0508417
2351 0.0507725
2352 0.0507835
2353 0.0507501
2354 0.0508286
2355 0.0509213
2356 0.050842
2357 0.0508566
2358 0.0507624
2359 0.0507154
2360 0.0506837
2361 0.0507314
2362 0.0506213
2363 0.0506216
2364 0.0505837
2365 0.0505852
2366 0.0505285
2367 0.0505464
2368 0.050579
2369 0.050574
2370 0.0505472
2371 0.0503474
2372 0.0502842
2373 0.05042
2374 0.0503752
2375 0.0504059
2376 0.0504497
2377 0.0505106
2378 0.0504554
2379 0.0505269
2380 0.0506325
2381 0.0505976
2382 0.0505962
2383 0.0506526
2384 0.0506579
2385 0.05067
2386 0.0506281
2387 0.0506762
2388 0.0506542
2389 0.050608
2390 0.0505451
2391 0.0505555
2392 0.0506257
2393 0.0506293
2394 0.0505853
2395 0.0505401
2396 0.050554
2397 0.0505742
2398 0.0504782
2399 0.0504858
2400 0.0504507
2401 0.0504949
2402 0.0503342
2403 0.0503893
2404 0.0502476
2405 0.0502273
2406 0.0501478
2407 0.0502439
2408 0.0501629
2409 0.0502641
2410 0.0501148
2411 0.0500894
2412 0.0500774
2413 0.0498821
2414 0.0498754
2415 0.0497726
2416 0.0498993
2417 0.0497737
2418 0.0498062
2419 0.0498035
2420 0.0498148
2421 0.049788
2422 0.0498451
2423 0.0498064
2424 0.0497842
2425 0.0498189
2426 0.0497494
2427 0.0498129
2428 0.0497143
2429 0.0497566
2430 0.049845
2431 0.0497275
2432 0.0497531
2433 0.0497705
2434 0.0498244
2435 0.0497386
2436 0.0497962
2437 0.0498641
2438 0.0497889
2439 0.0498153
2440 0.0497097
2441 0.0497137
2442 0.0495958
2443 0.0496323
2444 0.0494902
2445 0.049561
2446 0.0495754
2447 0.0495849
2448 0.0495877
2449 0.0494698
2450 0.0495078
2451 0.0495623
2452 0.0496227
2453 0.0495988
2454 0.0496256
2455 0.049598
2456 0.0496193
2457 0.049599
2458 0.0495726
2459 0.049482
2460 0.0494431
2461 0.0494556
2462 0.0494072
2463 0.0493851
2464 0.0492751
2465 0.0492635
2466 0.049337
2467 0.0493657
2468 0.0493903
2469 0.0492849
2470 0.0492962
2471 0.0493184
2472 0.0493442
2473 0.0492931
2474 0.0492761
2475 0.0492682
2476 0.0492145
2477 0.0494105
2478 0.0494467
2479 0.049438
2480 0.049426
2481 0.0495102
2482 0.0495803
2483 0.049597
2484 0.0496742
2485 0.0497578
2486 0.0497383
2487 0.0497858
2488 0.0497165
2489 0.0498469
2490 0.0498152
2491 0.0497903
2492 0.0498899
2493 0.0498801
2494 0.0499356
2495 0.0500067
2496 0.0499741
2497 0.0500884
2498 0.0500889
2499 0.0502036
2500 0.0502399
2501 0.0501562
2502 0.0500149
2503 0.050078
2504 0.050065
2505 0.0499995
2506 0.0501596
2507 0.05008
2508 0.0501164
2509 0.050124
2510 0.0502141
2511 0.0502
2512 0.0503319
2513 0.0502944
2514 0.0503217
2515 0.0503573
2516 0.0503082
2517 0.0502796
2518 0.0502228
2519 0.0502967
2520 0.0502129
2521 0.0501033
2522 0.0500195
2523 0.0499868
2524 0.0499727
2525 0.0499451
2526 0.0499803
2527 0.0497643
2528 0.0496782
2529 0.0497609
2530 0.0497967
2531 0.049687
2532 0.0496894
2533 0.0495511
2534 0.0494475
2535 0.0495118
2536 0.0494616
2537 0.0494719
2538 0.0493651
2539 0.0494083
2540 0.0494294
2541 0.0493185
2542 0.04946
2543 0.0493999
2544 0.0492896
2545 0.0492501
2546 0.049167
2547 0.0491838
2548 0.0491793
2549 0.0491636
2550 0.0492927
2551 0.0491161
2552 0.0491049
2553 0.0489805
2554 0.0489126
2555 0.0488853
2556 0.0490109
2557 0.0490089
2558 0.0490741
2559 0.0489793
2560 0.048989
2561 0.0489229
2562 0.0489482
2563 0.0489249
2564 0.0490294
2565 0.0490285
2566 0.0489798
2567 0.048935
2568 0.0489222
2569 0.048972
2570 0.0488662
2571 0.0489126
2572 0.048965
2573 0.0488178
2574 0.048891
2575 0.0488151
2576 0.048813
2577 0.048883
2578 0.0488319
2579 0.0487594
2580 0.0486602
2581 0.048825
2582 0.0487496
2583 0.0488372
2584 0.0488395
2585 0.0488328
2586 0.0488771
2587 0.0488585
2588 0.0487986
2589 0.0487902
2590 0.0487356
2591 0.048876
2592 0.048861
2593 0.0488988
2594 0.0488143
2595 0.0487609
2596 0.0486545
2597 0.0487145
2598 0.0486338
2599 0.0486852
2600 0.0486123
2601 0.0486974
2602 0.0486199
2603 0.0485545
2604 0.0486154
2605 0.0486582
2606 0.0485989
2607 0.0486289
2608 0.0485812
2609 0.0485038
2610 0.0483657
2611 0.0483217
2612 0.0483198
2613 0.0483416
2614 0.0483008
2615 0.048287
2616 0.0483138
2617 0.0483308
2618 0.0482358
2619 0.0481901
2620 0.0481685
2621 0.0481235
2622 0.0481743
2623 0.0481623
2624 0.0482334
2625 0.0482047
2626 0.0481612
2627 0.0480306
2628 0.0480995
2629 0.0480666
2630 0.0480472
2631 0.0480048
2632 0.0480073
2633 0.0479453
2634 0.0480097
2635 0.0479342
2636 0.0480097
2637 0.0479372
2638 0.0479932
2639 0.0480508
2640 0.0479603
2641 0.0479483
2642 0.0479771
2643 0.0480182
2644 0.0480215
2645 0.0480834
2646 0.0479918
2647 0.0480182
2648 0.0480548
2649 0.048022
2650 0.0479437
2651 0.0479527
2652 0.0481059
2653 0.0480903
2654 0.0480613
2655 0.0480712
2656 0.0481191
2657 0.048054
2658 0.0477533
2659 0.0478822
2660 0.0477873
2661 0.047721
2662 0.0476423
2663 0.0476701
2664 0.0476292
2665 0.0477409
2666 0.0476628
2667 0.0476415
2668 0.0476863
2669 0.0477199
2670 0.0477208
2671 0.0477125
2672 0.0476056
2673 0.0475752
2674 0.0474846
2675 0.047453
2676 0.0473846
2677 0.0473501
2678 0.0472651
2679 0.0473225
2680 0.0472449
2681 0.0472426
2682 0.0472736
2683 0.0473363
2684 0.0472838
2685 0.0473073
2686 0.0473042
2687 0.0473896
2688 0.0473051
2689 0.0472202
2690 0.0473411
2691 0.0473133
2692 0.0472528
2693 0.0473399
2694 0.0472631
2695 0.0473128
2696 0.0472708
2697 0.0472247
2698 0.0473379
2699 0.047173
2700 0.0472357
2701 0.0471187
2702 0.047213
2703 0.0471743
2704 0.0471576
2705 0.0471696
2706 0.0471328
2707 0.04729
2708 0.0471644
2709 0.047229
2710 0.0473492
2711 0.0473228
2712 0.0472836
2713 0.0472168
2714 0.0472579
2715 0.0472324
2716 0.0472625
2717 0.047268
2718 0.047262
2719 0.0472571
2720 0.0472424
2721 0.0471551
2722 0.0471658
2723 0.0472108
2724 0.0472923
2725 0.047237
2726 0.0471686
2727 0.0472063
2728 0.0472529
2729 0.047251
2730 0.0473174
2731 0.0473113
2732 0.0473024
2733 0.0472984
2734 0.0473345
2735 0.0473167
2736 0.0472415
2737 0.0472536
2738 0.0472166
2739 0.047218
2740 0.0472179
2741 0.0472301
2742 0.0472243
2743 0.0470909
2744 0.0471466
2745 0.0471933
2746 0.0471546
2747 0.0472462
2748 0.0471979
2749 0.0471565
2750 0.0472987
2751 0.0471976
2752 0.0472628
2753 0.0473168
2754 0.0473292
2755 0.0472407
2756 0.0472454
2757 0.0473074
2758 0.0471863
2759 0.0471932
2760 0.0472418
2761 0.047204
2762 0.0471818
2763 0.0471803
2764 0.0472039
2765 0.0473107
2766 0.0471771
2767 0.0471842
2768 0.0471988
2769 0.0472272
2770 0.0472282
2771 0.0472505
2772 0.0473089
2773 0.0472292
2774 0.0472921
2775 0.0471632
2776 0.0470867
2777 0.0471796
2778 0.0471244
2779 0.0469964
2780 0.047061
2781 0.0470606
2782 0.0471982
2783 0.0472018
2784 0.0472704
2785 0.0471824
2786 0.0472282
2787 0.0473096
2788 0.0472403
2789 0.0472434
2790 0.0471951
2791 0.0471776
2792 0.0471909
2793 0.0472301
2794 0.0472784
2795 0.0472327
2796 0.0472444
2797 0.0472742
2798 0.0472067
2799 0.0471762
2800 0.0472693
2801 0.0472543
2802 0.047291
2803 0.0472953
2804 0.0472187
2805 0.0471694
2806 0.0471981
2807 0.0472025
2808 0.0470916
2809 0.0471193
2810 0.0471207
2811 0.0471362
2812 0.0471367
2813 0.0470373
2814 0.0470803
2815 0.0470319
2816 0.0471665
2817 0.0471627
2818 0.047074
2819 0.0469928
2820 0.0469373
2821 0.0469238
2822 0.0470581
2823 0.0469826
2824 0.0468707
2825 0.0468631
2826 0.0468341
2827 0.046788
2828 0.0467997
2829 0.0468099
2830 0.0468417
2831 0.0468232
2832 0.0467486
2833 0.0467432
2834 0.0467287
2835 0.0466539
2836 0.0467175
2837 0.0466921
2838 0.0466839
2839 0.04672
2840 0.0467261
2841 0.0467404
2842 0.046744
2843 0.0467374
2844 0.0466907
2845 0.0465901
2846 0.0466139
2847 0.0465627
2848 0.0466048
2849 0.0465351
2850 0.0465005
2851 0.046481
2852 0.0464666
2853 0.0465769
2854 0.0465787
2855 0.0465621
2856 0.0466073
2857 0.0465633
2858 0.0465633
2859 0.0466506
2860 0.046747
2861 0.0467046
2862 0.0465763
2863 0.0466841
2864 0.0466534
2865 0.0465271
2866 0.0464754
2867 0.0464904
2868 0.0465639
2869 0.0465908
2870 0.0465548
2871 0.0464846
2872 0.0464363
2873 0.0463495
2874 0.0462623
2875 0.046321
2876 0.0462021
2877 0.0461687
2878 0.0460827
2879 0.0461419
2880 0.0461093
2881 0.0462069
2882 0.0461815
2883 0.0462058
2884 0.0461947
2885 0.0462872
2886 0.0463302
2887 0.0465018
2888 0.0465275
2889 0.0465952
2890 0.0466213
2891 0.0465742
2892 0.046708
2893 0.0466971
2894 0.046694
2895 0.0467
2896 0.0467644
2897 0.0466794
2898 0.0466521
2899 0.0466768
2900 0.0466294
2901 0.0466786
2902 0.046754
2903 0.0467296
2904 0.0465969
2905 0.0465704
2906 0.0466099
2907 0.0466055
2908 0.0465392
2909 0.0465654
2910 0.046415
2911 0.0465297
2912 0.0464473
2913 0.0463394
2914 0.0462908
2915 0.0463254
2916 0.0462189
2917 0.0461562
2918 0.0463043
2919 0.0463223
2920 0.0463172
2921 0.0462781
2922 0.0461571
2923 0.0461398
2924 0.0461893
2925 0.0461094
2926 0.046049
2927 0.0461772
2928 0.046077
2929 0.0460302
2930 0.045908
2931 0.0458627
2932 0.0459034
2933 0.0459089
2934 0.0458483
2935 0.0457836
2936 0.0457819
2937 0.0457619
2938 0.045709
2939 0.0457073
2940 0.0456187
2941 0.0456121
2942 0.0456055
2943 0.0454452
2944 0.0454925
2945 0.0454955
2946 0.045486
2947 0.0453039
2948 0.0454723
2949 0.0454786
2950 0.0455196
2951 0.0454574
2952 0.0455031
2953 0.0455613
2954 0.045557
2955 0.0455106
2956 0.0455509
2957 0.0454999
2958 0.0455645
2959 0.0454678
2960 0.0454628
2961 0.0454127
2962 0.0453522
2963 0.0454462
2964 0.0451806
2965 0.0452707
2966 0.0451812
2967 0.0452607
2968 0.0452614
2969 0.0452083
2970 0.0452076
2971 0.0452317
2972 0.0452281
2973 0.0451822
2974 0.0452247
2975 0.0452147
2976 0.0452986
2977 0.0453218
2978 0.0452058
2979 0.0452219
2980 0.0452623
2981 0.0451736
2982 0.0451328
2983 0.0450905
2984 0.0450335
2985 0.0450183
2986 0.0450057
2987 0.0449936
2988 0.0448929
2989 0.0448733
2990 0.0448554
2991 0.0448208
2992 0.0450003
2993 0.0449582
2994 0.0450104
2995 0.0450205
2996 0.044962
2997 0.0448273
2998 0.0448287
2999 0.0448526
3000 0.0448931
3001 0.0447313
3002 0.0446845
3003 0.0446287
3004 0.0446658
3005 0.044504
3006 0.0445247
3007 0.0443911
3008 0.0444688
3009 0.0444626
3010 0.0443936
3011 0.0443233
3012 0.0443797
3013 0.0441637
3014 0.04424
3015 0.0443256
3016 0.0443777
3017 0.0443002
3018 0.0441566
3019 0.0441599
3020 0.0442135
3021 0.0442383
3022 0.0441859
3023 0.0441821
3024 0.0441302
3025 0.0442465
3026 0.044163
3027 0.0440707
3028 0.0441613
3029 0.044225
3030 0.0442333
3031 0.0441269
3032 0.0442863
3033 0.0441826
3034 0.0442236
3035 0.0441952
3036 0.044238
3037 0.044195
3038 0.0442431
3039 0.0442128
3040 0.0441379
3041 0.0443239
3042 0.0442256
3043 0.0443639
3044 0.0442384
3045 0.0442816
3046 0.0441584
3047 0.0440521
3048 0.0440698
3049 0.0441002
3050 0.0439878
3051 0.0440648
3052 0.0439944
3053 0.0439662
3054 0.0440145
3055 0.0439771
3056 0.0438581
3057 0.0438557
3058 0.0438426
3059 0.0438341
3060 0.0438858
3061 0.0437834
3062 0.0437554
3063 0.0437779
3064 0.0437364
3065 0.0438474
3066 0.0439923
3067 0.044011
3068 0.0439077
3069 0.0439559
3070 0.0439325
3071 0.0439235
3072 0.0439437
3073 0.0439667
3074 0.0439861
3075 0.0440213
3076 0.0439647
3077 0.0439734
3078 0.0440128
3079 0.0439545
3080 0.0439126
3081 0.0438736
3082 0.0439515
3083 0.0439
3084 0.0438961
3085 0.0437421
3086 0.0437815
3087 0.0438017
3088 0.0438084
3089 0.0436879
3090 0.0436283
3091 0.0436001
3092 0.0436854
3093 0.0437248
3094 0.0436519
3095 0.0437145
3096 0.0436508
3097 0.0435376
3098 0.0435685
3099 0.0435461
3100 0.043557
3101 0.0435712
3102 0.0435651
3103 0.0435632
3104 0.0435267
3105 0.0435111
3106 0.0434327
3107 0.0434082
3108 0.0434101
3109 0.0434697
3110 0.0434437
3111 0.04359
3112 0.0435622
3113 0.0435935
3114 0.0435608
3115 0.043583
3116 0.0436087
3117 0.0436001
3118 0.0436329
3119 0.0436404
3120 0.0436926
3121 0.0436507
3122 0.0436801
3123 0.0436176
3124 0.0437492
3125 0.0437394
3126 0.0437494
3127 0.043724
3128 0.0438554
3129 0.0438772
3130 0.043927
3131 0.0439937
3132 0.0439879
3133 0.0440127
3134 0.0438897
3135 0.0440164
3136 0.0439998
3137 0.0439889
3138 0.0439198
3139 0.0439345
3140 0.0440882
3141 0.0439488
3142 0.0439158
3143 0.0439396
3144 0.0439102
3145 0.0439577
3146 0.0440356
3147 0.0439606
3148 0.04395
3149 0.0439056
3150 0.0438945
3151 0.0438704
3152 0.043898
3153 0.0438878
3154 0.0439531
3155 0.0439658
3156 0.0441425
3157 0.0440959
3158 0.044008
3159 0.0440566
3160 0.0439905
3161 0.0440003
3162 0.0440071
3163 0.0440025
3164 0.0440111
3165 0.0438545
3166 0.0439306
3167 0.0440016
3168 0.0440043
3169 0.0440471
3170 0.0439897
3171 0.0440553
3172 0.0440708
3173 0.0439733
3174 0.043953
3175 0.0439976
3176 0.0438854
3177 0.043846
3178 0.0438315
3179 0.0439504
3180 0.0439043
3181 0.0438934
3182 0.0438608
3183 0.0438976
3184 0.043761
3185 0.0438043
3186 0.043815
3187 0.0437741
3188 0.0437894
3189 0.0437447
3190 0.0437518
3191 0.0437277
3192 0.0436964
3193 0.0436981
3194 0.0436153
3195 0.0435138
3196 0.0434766
3197 0.0434989
3198 0.043366
3199 0.0434196
3200 0.0434008
3201 0.0434575
3202 0.043398
3203 0.0433795
3204 0.0433177
3205 0.0433438
3206 0.0432169
3207 0.0432335
3208 0.0432502
3209 0.0432422
3210 0.0433352
3211 0.0433683
3212 0.0432864
3213 0.043345
3214 0.0433109
3215 0.0433578
3216 0.0433373
3217 0.0434157
3218 0.04342
3219 0.0434255
3220 0.0434017
3221 0.0432904
3222 0.0433879
3223 0.0433508
3224 0.0433974
3225 0.043492
3226 0.0434369
3227 0.0434111
3228 0.043436
3229 0.0434677
3230 0.0434328
3231 0.043343
3232 0.0434047
3233 0.0433261
3234 0.0433282
3235 0.0432069
3236 0.0432338
3237 0.0431889
3238 0.043249
3239 0.0431913
3240 0.04311
3241 0.0430872
3242 0.0431394
3243 0.043164
3244 0.0432093
3245 0.0431561
3246 0.0431494
3247 0.0431769
3248 0.0431107
3249 0.0430979
3250 0.043146
3251 0.043245
3252 0.043318
3253 0.0432318
3254 0.0432908
3255 0.0432631
3256 0.0432531
3257 0.043118
3258 0.0433331
3259 0.0433618
3260 0.0433277
3261 0.0434199
3262 0.043521
3263 0.043449
3264 0.0434653
3265 0.0435618
3266 0.0435933
3267 0.0435944
3268 0.0435976
3269 0.0436422
3270 0.0436692
3271 0.0436512
3272 0.043703
3273 0.0436525
3274 0.0436686
3275 0.0438163
3276 0.0437989
3277 0.0437591
3278 0.0437006
3279 0.0436851
3280 0.0436488
3281 0.043611
3282 0.0436202
3283 0.0436496
3284 0.0434891
3285 0.0434548
3286 0.0434954
3287 0.0434783
3288 0.043308
3289 0.0433755
3290 0.0433533
3291 0.0431634
3292 0.0432279
3293 0.0431567
3294 0.0431316
3295 0.043255
3296 0.0430249
3297 0.0429831
3298 0.0430089
3299 0.0428927
3300 0.042918
3301 0.0427406
3302 0.0428143
3303 0.0428106
3304 0.0427265
3305 0.0426641
3306 0.0426899
3307 0.0427513
3308 0.0426564
3309 0.0427672
3310 0.0425981
3311 0.0424464
3312 0.0426012
3313 0.0425308
3314 0.0426151
3315 0.0425652
3316 0.0425728
3317 0.0425988
3318 0.0425687
3319 0.0424368
3320 0.0424839
3321 0.042452
3322 0.0425767
3323 0.042544
3324 0.042644
3325 0.0427386
3326 0.0427117
3327 0.0426082
3328 0.0426779
3329 0.0426461
3330 0.0425521
3331 0.0425629
3332 0.0424907
3333 0.0425434
3334 0.0424978
3335 0.0424864
3336 0.0424579
3337 0.0424657
3338 0.0424226
3339 0.0423784
3340 0.0422885
3341 0.0422399
3342 0.0422657
3343 0.042147
3344 0.0421261
3345 0.0420281
3346 0.0419371
3347 0.0419335
3348 0.0418156
3349 0.0417529
3350 0.0417868
3351 0.0418333
3352 0.0418172
3353 0.0418344
3354 0.041812
3355 0.0417024
3356 0.0417422
3357 0.0417379
3358 0.0417612
3359 0.0416102
3360 0.0418413
3361 0.0418637
3362 0.0419199
3363 0.0418847
3364 0.0419587
3365 0.0418858
3366 0.0418561
3367 0.0417653
3368 0.0417985
3369 0.0418287
3370 0.041859
3371 0.0417798
3372 0.0418222
3373 0.0417342
3374 0.0418085
3375 0.0416982
3376 0.0416368
3377 0.0416451
3378 0.0416335
3379 0.0416319
3380 0.0416017
3381 0.0415552
3382 0.0415182
3383 0.0415798
3384 0.0414915
3385 0.0414886
3386 0.0415425
3387 0.0415046
3388 0.0414
3389 0.0413293
3390 0.041366
3391 0.0412841
3392 0.0413168
3393 0.0413218
3394 0.0413848
3395 0.0415045
3396 0.041433
3397 0.0414487
3398 0.0414273
3399 0.0414253
3400 0.0415697
3401 0.0414558
3402 0.0416183
3403 0.0415474
3404 0.0415062
3405 0.0415279
3406 0.0413946
3407 0.0415194
3408 0.0415432
3409 0.0415626
3410 0.0414983
3411 0.0414829
3412 0.0413849
3413 0.041456
3414 0.0414053
3415 0.0414861
3416 0.0414191
3417 0.0414448
3418 0.0415394
3419 0.0415805
3420 0.0416334
3421 0.0417691
3422 0.0417273
3423 0.0417477
3424 0.0417511
3425 0.0416279
3426 0.0416224
3427 0.0415912
3428 0.0416647
3429 0.0417759
3430 0.0416093
3431 0.0417333
3432 0.0417027
3433 0.0418146
3434 0.0417949
3435 0.0418702
3436 0.0418119
3437 0.0418195
3438 0.0418478
3439 0.0418695
3440 0.0419106
3441 0.04182
3442 0.0417502
3443 0.0417452
3444 0.0418099
3445 0.0419083
3446 0.041822
3447 0.0418736
3448 0.0418667
3449 0.04185
3450 0.0417705
3451 0.0417834
3452 0.0415931
3453 0.0417597
3454 0.0417519
3455 0.041653
3456 0.0416412
3457 0.0416691
3458 0.0416505
3459 0.0417119
3460 0.0417629
3461 0.0417614
3462 0.0417183
3463 0.0417634
3464 0.0417969
3465 0.0418048
3466 0.0418177
3467 0.0418741
3468 0.0418445
3469 0.0418034
3470 0.0418449
3471 0.0419952
3472 0.0421091
3473 0.0420732
3474 0.0421551
3475 0.0420311
3476 0.0420828
3477 0.0420361
3478 0.0420687
3479 0.0422044
3480 0.0420733
3481 0.0420985
3482 0.0421787
3483 0.0421634
3484 0.0421336
3485 0.0422298
3486 0.0422028
3487 0.0421594
3488 0.0420097
3489 0.0419827
3490 0.0419375
3491 0.0419654
3492 0.041863
3493 0.0418121
3494 0.0418332
3495 0.041828
3496 0.0418618
