# rotation correlation for "bonds: name(#1) Ow and name(#2) Hw" in LiCl-10M/0-GPa/bulk.nc
# step value
0 1
1 0.789161
2 0.747281
3 0.713434
4 0.690069
5 0.671905
6 0.656365
7 0.642254
8 0.62906
9 0.616622
10 0.604897
11 0.593936
12 0.583494
13 0.573732
14 0.564363
15 0.555447
16 0.546863
17 0.538652
18 0.530652
19 0.522937
20 0.515504
21 0.508364
22 0.501457
23 0.494711
24 0.488268
25 0.481646
26 0.475463
27 0.469404
28 0.463475
29 0.457759
30 0.452134
31 0.446643
32 0.441299
33 0.436134
34 0.430945
35 0.426003
36 0.421171
37 0.416354
38 0.411621
39 0.406911
40 0.402369
41 0.397903
42 0.393575
43 0.389272
44 0.385034
45 0.38095
46 0.376942
47 0.373048
48 0.369096
49 0.365252
50 0.361487
51 0.357715
52 0.354082
53 0.350482
54 0.346976
55 0.343379
56 0.340008
57 0.336617
58 0.333205
59 0.330095
60 0.326888
61 0.323736
62 0.320657
63 0.317516
64 0.314529
65 0.311496
66 0.308535
67 0.305694
68 0.302891
69 0.300024
70 0.297279
71 0.294485
72 0.291824
73 0.289187
74 0.286455
75 0.283786
76 0.281244
77 0.278742
78 0.276109
79 0.273722
80 0.271225
81 0.268842
82 0.266497
83 0.264151
84 0.261927
85 0.259648
86 0.257444
87 0.255238
88 0.252996
89 0.250825
90 0.248649
91 0.24653
92 0.244426
93 0.242297
94 0.240346
95 0.238373
96 0.236362
97 0.234397
98 0.232489
99 0.230628
100 0.228731
101 0.22683
102 0.224932
103 0.223078
104 0.22134
105 0.219514
106 0.217784
107 0.216021
108 0.214255
109 0.212578
110 0.210939
111 0.209351
112 0.207583
113 0.205945
114 0.204242
115 0.20264
116 0.201064
117 0.199421
118 0.197882
119 0.196322
120 0.194779
121 0.193314
122 0.19183
123 0.190424
124 0.188885
125 0.187495
126 0.186026
127 0.184629
128 0.183152
129 0.181639
130 0.180279
131 0.178977
132 0.177574
133 0.17624
134 0.174767
135 0.173483
136 0.172082
137 0.170799
138 0.169523
139 0.168135
140 0.166826
141 0.165549
142 0.164376
143 0.163244
144 0.162011
145 0.16097
146 0.15976
147 0.158645
148 0.157465
149 0.156319
150 0.155229
151 0.154089
152 0.153019
153 0.151937
154 0.150941
155 0.149805
156 0.148752
157 0.147744
158 0.146712
159 0.145683
160 0.144639
161 0.143638
162 0.142666
163 0.141629
164 0.140658
165 0.13976
166 0.138751
167 0.137841
168 0.136895
169 0.135927
170 0.134865
171 0.133845
172 0.132967
173 0.131957
174 0.131039
175 0.130148
176 0.129138
177 0.128206
178 0.127307
179 0.126455
180 0.125613
181 0.124689
182 0.123827
183 0.123046
184 0.122118
185 0.121171
186 0.120431
187 0.119556
188 0.118784
189 0.117954
190 0.117134
191 0.116437
192 0.11564
193 0.114874
194 0.114083
195 0.113313
196 0.112599
197 0.111828
198 0.111052
199 0.110359
200 0.109573
201 0.108903
202 0.108217
203 0.1075
204 0.106744
205 0.106069
206 0.105356
207 0.104724
208 0.104113
209 0.103423
210 0.102652
211 0.102038
212 0.101453
213 0.100784
214 0.100179
215 0.0995102
216 0.0989113
217 0.0982639
218 0.0976275
219 0.0970181
220 0.0964077
221 0.0957383
222 0.0951418
223 0.0944728
224 0.0938311
225 0.0933262
226 0.0927694
227 0.0922413
228 0.0915919
229 0.0910287
230 0.0903991
231 0.0898373
232 0.0892271
233 0.08872
234 0.0881667
235 0.087596
236 0.0870988
237 0.0865569
238 0.0860478
239 0.0854904
240 0.0849481
241 0.0844558
242 0.0840241
243 0.0834984
244 0.0829546
245 0.0825047
246 0.0819818
247 0.0814638
248 0.0809059
249 0.080431
250 0.0799931
251 0.0796111
252 0.0791681
253 0.0786318
254 0.0781904
255 0.0778584
256 0.0774063
257 0.077038
258 0.0765349
259 0.0760255
260 0.0756229
261 0.0752532
262 0.0747833
263 0.0743708
264 0.0738821
265 0.0735109
266 0.0732639
267 0.0728639
268 0.0724455
269 0.0720249
270 0.0715348
271 0.0711814
272 0.0708143
273 0.070456
274 0.0700023
275 0.0695286
276 0.0691108
277 0.0687068
278 0.0684331
279 0.0679928
280 0.0676637
281 0.0672494
282 0.0668123
283 0.0663959
284 0.0659948
285 0.0656134
286 0.0652277
287 0.0648816
288 0.0645058
289 0.0641526
290 0.0638838
291 0.0635711
292 0.063188
293 0.0628996
294 0.0626062
295 0.0622076
296 0.061897
297 0.0615738
298 0.0612218
299 0.0608945
300 0.0604856
301 0.0601285
302 0.0598486
303 0.0595012
304 0.0592152
305 0.0588297
306 0.0585048
307 0.0582698
308 0.058022
309 0.0577623
310 0.057521
311 0.0571607
312 0.056851
313 0.0565456
314 0.0562801
315 0.0560269
316 0.0556865
317 0.0554613
318 0.0552084
319 0.054915
320 0.0545267
321 0.0542031
322 0.0539474
323 0.0536683
324 0.0533418
325 0.0531588
326 0.052775
327 0.0526128
328 0.0522787
329 0.0519596
330 0.0516571
331 0.0514309
332 0.0512013
333 0.0509363
334 0.0507746
335 0.0505278
336 0.0502189
337 0.0500194
338 0.0498002
339 0.0496082
340 0.049459
341 0.0492378
342 0.04905
343 0.0486865
344 0.0484453
345 0.0481241
346 0.0479135
347 0.0476838
348 0.0474657
349 0.0471005
350 0.0468412
351 0.0466407
352 0.0463355
353 0.0460004
354 0.0457407
355 0.0454679
356 0.0452272
357 0.0449581
358 0.0448436
359 0.0445545
360 0.044396
361 0.0441654
362 0.0439555
363 0.0437229
364 0.0434191
365 0.0432364
366 0.0430253
367 0.0427732
368 0.0426236
369 0.0424097
370 0.042179
371 0.0419952
372 0.0417162
373 0.041465
374 0.0413986
375 0.0411589
376 0.0409442
377 0.0407302
378 0.0405337
379 0.0404488
380 0.0403548
381 0.0401769
382 0.0399747
383 0.0398272
384 0.0396969
385 0.0395151
386 0.0392813
387 0.03914
388 0.0389482
389 0.0388747
390 0.0386491
391 0.0385581
392 0.0382969
393 0.0380998
394 0.0379874
395 0.0377726
396 0.0376016
397 0.0374283
398 0.0372609
399 0.0370145
400 0.0367845
401 0.0365677
402 0.0363365
403 0.036236
404 0.0360182
405 0.0359856
406 0.0358127
407 0.0356317
408 0.0354608
409 0.0353402
410 0.0352175
411 0.0350949
412 0.0349283
413 0.0347763
414 0.034616
415 0.0344372
416 0.034281
417 0.0340605
418 0.0338825
419 0.0336557
420 0.0334623
421 0.0333213
422 0.0330818
423 0.0329587
424 0.0328577
425 0.0327227
426 0.0325568
427 0.0324318
428 0.0323524
429 0.0322576
430 0.0321528
431 0.0319746
432 0.0318508
433 0.0316833
434 0.0315104
435 0.0313361
436 0.0311744
437 0.0309898
438 0.0308794
439 0.0307712
440 0.030574
441 0.0305096
442 0.0304146
443 0.0302404
444 0.030197
445 0.0300058
446 0.0298509
447 0.0297259
448 0.0295699
449 0.0294709
450 0.0294038
451 0.0292378
452 0.0290878
453 0.0289516
454 0.0287822
455 0.0287107
456 0.0285468
457 0.0284656
458 0.0282913
459 0.028202
460 0.028134
461 0.027984
462 0.0278738
463 0.0277328
464 0.027692
465 0.0275499
466 0.0274231
467 0.0273102
468 0.0271165
469 0.0269418
470 0.0268884
471 0.026733
472 0.0265984
473 0.0265063
474 0.0263684
475 0.0262548
476 0.0261478
477 0.0260099
478 0.0259004
479 0.0257538
480 0.0256844
481 0.0255515
482 0.0254671
483 0.0253108
484 0.0252458
485 0.0251626
486 0.0250684
487 0.0249352
488 0.0248088
489 0.0247013
490 0.0245991
491 0.0245165
492 0.0244761
493 0.0243844
494 0.0243773
495 0.0242975
496 0.0242655
497 0.024157
498 0.0240688
499 0.0239948
500 0.0239353
501 0.0237945
502 0.0236726
503 0.023546
504 0.0234717
505 0.0234357
506 0.0233121
507 0.0231973
508 0.0229993
509 0.0229083
510 0.022756
511 0.0225555
512 0.0224186
513 0.0223969
514 0.0223466
515 0.0222154
516 0.02211
517 0.0220098
518 0.0218882
519 0.0218126
520 0.0217801
521 0.0217555
522 0.02169
523 0.0215863
524 0.0215006
525 0.0213816
526 0.0213152
527 0.0213031
528 0.0212138
529 0.0210795
530 0.0210301
531 0.0209051
532 0.0207226
533 0.0206175
534 0.0206034
535 0.0205702
536 0.0204198
537 0.020287
538 0.0202009
539 0.0200405
540 0.0200255
541 0.0198131
542 0.0198779
543 0.0197165
544 0.0195673
545 0.0194545
546 0.0194305
547 0.0194065
548 0.0192703
549 0.0191363
550 0.0190504
551 0.0189566
552 0.0188563
553 0.0186411
554 0.0185922
555 0.0184988
556 0.0184644
557 0.0183311
558 0.0182538
559 0.0181382
560 0.0179958
561 0.0178838
562 0.0178176
563 0.0177605
564 0.0176997
565 0.0176075
566 0.0175663
567 0.0174003
568 0.0174336
569 0.0173863
570 0.017305
571 0.0172432
572 0.0171337
573 0.0170215
574 0.0169363
575 0.016826
576 0.0167603
577 0.0167553
578 0.0167116
579 0.0165658
580 0.016536
581 0.0164214
582 0.016334
583 0.0162234
584 0.0160791
585 0.0160139
586 0.0159414
587 0.0159352
588 0.0159181
589 0.0158564
590 0.0157883
591 0.0157323
592 0.0156876
593 0.0156105
594 0.0155435
595 0.0155218
596 0.0154359
597 0.0153732
598 0.015305
599 0.0153269
600 0.0152962
601 0.0152401
602 0.0151853
603 0.0150538
604 0.0150369
605 0.0151033
606 0.0150984
607 0.0151162
608 0.0150295
609 0.0150481
610 0.0149649
611 0.0149491
612 0.0149515
613 0.014968
614 0.0148887
615 0.0148895
616 0.014755
617 0.0147724
618 0.0146555
619 0.0145774
620 0.0145028
621 0.0144725
622 0.0144702
623 0.0143737
624 0.0142834
625 0.0142838
626 0.0142212
627 0.014158
628 0.0141174
629 0.0141696
630 0.0140964
631 0.0140755
632 0.0141755
633 0.0140677
634 0.0141062
635 0.0139832
636 0.0139958
637 0.0140154
638 0.0139089
639 0.0139109
640 0.0138487
641 0.0138189
642 0.0137215
643 0.013736
644 0.0136549
645 0.0135767
646 0.013492
647 0.0134644
648 0.0132987
649 0.0132874
650 0.0131598
651 0.013138
652 0.0130437
653 0.0129714
654 0.0129356
655 0.012947
656 0.0129833
657 0.0129049
658 0.0128862
659 0.0128777
660 0.0128366
661 0.0128028
662 0.0128266
663 0.0127942
664 0.0128054
665 0.012777
666 0.0127298
667 0.0126346
668 0.0125363
669 0.0124553
670 0.0124606
671 0.0123807
672 0.0123001
673 0.0122899
674 0.012283
675 0.0122313
676 0.0121624
677 0.0121817
678 0.0121661
679 0.0121484
680 0.0122054
681 0.01217
682 0.0121503
683 0.0121189
684 0.0120998
685 0.0120562
686 0.0120256
687 0.0119242
688 0.0118846
689 0.0118701
690 0.0117763
691 0.0117322
692 0.0116433
693 0.0116289
694 0.0115573
695 0.011482
696 0.0113645
697 0.011329
698 0.0113667
699 0.0113072
700 0.0113086
701 0.0111902
702 0.0111223
703 0.0111567
704 0.0111647
705 0.011108
706 0.0110757
707 0.0110537
708 0.0110693
709 0.0111161
710 0.011043
711 0.0110804
712 0.0110128
713 0.0110688
714 0.0110722
715 0.0110207
716 0.0109429
717 0.0109614
718 0.010966
719 0.0109926
720 0.0109838
721 0.0109822
722 0.0108759
723 0.0110234
724 0.0109358
725 0.0108941
726 0.010883
727 0.0108817
728 0.010743
729 0.010792
730 0.0107764
731 0.0106782
732 0.0106579
733 0.0106355
734 0.0106518
735 0.0106408
736 0.0106635
737 0.0105804
738 0.0104939
739 0.0104986
740 0.0105402
741 0.0105863
742 0.0105304
743 0.0104482
744 0.0104502
745 0.010487
746 0.010353
747 0.0102971
748 0.0102814
749 0.0102868
750 0.0102986
751 0.0102331
752 0.0102144
753 0.0101711
754 0.0101202
755 0.0101485
756 0.0101131
757 0.0101682
758 0.0101566
759 0.0100637
760 0.00999409
761 0.00999922
762 0.00995404
763 0.00993478
764 0.00994754
765 0.00985479
766 0.00986665
767 0.00989497
768 0.00981265
769 0.00980455
770 0.00974518
771 0.00967884
772 0.00965136
773 0.00963598
774 0.00959247
775 0.00958467
776 0.00952876
777 0.00941873
778 0.0094381
779 0.00938076
780 0.00935102
781 0.00923592
782 0.00927156
783 0.00925827
784 0.00931203
785 0.00930154
786 0.00921744
787 0.00906199
788 0.00904721
789 0.00897229
790 0.00887471
791 0.00880677
792 0.00876397
793 0.00869131
794 0.00867444
795 0.00864375
796 0.00859022
797 0.00851423
798 0.00848037
799 0.00842524
800 0.00836492
801 0.00836664
802 0.00824559
803 0.0082202
804 0.0082013
805 0.00824016
806 0.00815457
807 0.00805157
808 0.00808585
809 0.00800151
810 0.00797951
811 0.00792348
812 0.00785959
813 0.00779355
814 0.00776923
815 0.00769186
816 0.00758195
817 0.00757432
818 0.00754333
819 0.00761443
820 0.00757545
821 0.00758195
822 0.00752532
823 0.00746834
824 0.00752401
825 0.00744879
826 0.00746632
827 0.00733346
828 0.00736028
829 0.00735521
830 0.00729692
831 0.00731587
832 0.00730002
833 0.00729793
834 0.00729382
835 0.00727493
836 0.00720263
837 0.00712818
838 0.00715399
839 0.00713027
840 0.00703967
841 0.00701833
842 0.00700843
843 0.00700897
844 0.00703001
845 0.00700092
846 0.00695276
847 0.00697833
848 0.00693101
849 0.0069164
850 0.00689268
851 0.0069533
852 0.00688738
853 0.00693375
854 0.00683838
855 0.00685
856 0.00684512
857 0.00679404
858 0.00684279
859 0.00684321
860 0.00680614
861 0.0068112
862 0.00676352
863 0.00675637
864 0.00670236
865 0.00669986
866 0.00662494
867 0.00651062
868 0.00638837
869 0.00640804
870 0.00637722
871 0.00637501
872 0.00631458
873 0.00624859
874 0.00611997
875 0.00615925
876 0.00625879
877 0.00617737
878 0.00618184
879 0.00614649
880 0.00612611
881 0.00600374
882 0.00599927
883 0.00589788
884 0.00586832
885 0.00582391
886 0.00576729
887 0.0056299
888 0.00557137
889 0.00547367
890 0.00543469
891 0.00532597
892 0.00534314
893 0.00530535
894 0.0052284
895 0.00526828
896 0.00522482
897 0.00519913
898 0.00514919
899 0.0052011
900 0.00514543
901 0.00507522
902 0.00508797
903 0.00513589
904 0.00506526
905 0.00497067
906 0.00495535
907 0.00491381
908 0.00488418
909 0.00483245
910 0.00479501
911 0.00468862
912 0.00465864
913 0.00460947
914 0.00456351
915 0.00449109
916 0.00453436
917 0.00445616
918 0.00440323
919 0.00437766
920 0.00443935
921 0.00432491
922 0.0043143
923 0.00431961
924 0.00435352
925 0.00432903
926 0.00428617
927 0.00421602
928 0.00420833
929 0.004219
930 0.00422722
931 0.00431812
932 0.0042485
933 0.00419515
934 0.00413281
935 0.00414646
936 0.00416887
937 0.00417632
938 0.00415218
939 0.00420529
940 0.00423962
941 0.00423086
942 0.00421649
943 0.00429493
944 0.00429016
945 0.00425297
946 0.00423932
947 0.00424123
948 0.00422752
949 0.00428295
950 0.00428569
951 0.00421506
952 0.00426608
953 0.00427759
954 0.0042901
955 0.00428385
956 0.00423366
957 0.00417268
958 0.00416744
959 0.00409597
960 0.0041064
961 0.00405431
962 0.00398529
963 0.00398308
964 0.00393927
965 0.00385368
966 0.00384384
967 0.00384158
968 0.00390625
969 0.00391257
970 0.00389552
971 0.00398827
972 0.0039264
973 0.00383127
974 0.003878
975 0.00375289
976 0.00372213
977 0.00370574
978 0.00376493
979 0.00366604
980 0.00373286
981 0.00376725
982 0.00372136
983 0.00372446
984 0.00363785
985 0.00369489
986 0.00371283
987 0.00374854
988 0.00376928
989 0.00382721
990 0.00372899
991 0.00368631
992 0.00367332
993 0.00364584
994 0.00366956
995 0.0037145
996 0.00372952
997 0.00374329
998 0.0037263
999 0.00379485
1000 0.00381899
1001 0.0038563
1002 0.00384611
1003 0.00382185
1004 0.00391912
1005 0.00389647
1006 0.00387383
1007 0.00399536
1008 0.00393713
1009 0.00399005
1010 0.00399697
1011 0.00402194
1012 0.00397009
1013 0.00400627
1014 0.00397807
1015 0.00405979
1016 0.00401485
1017 0.00403118
1018 0.00402552
1019 0.00401282
1020 0.0039894
1021 0.00394577
1022 0.00394785
1023 0.00398237
1024 0.00397104
1025 0.00390428
1026 0.00390995
1027 0.0038259
1028 0.00384885
1029 0.00379044
1030 0.00385845
1031 0.00389355
1032 0.00396955
1033 0.00398046
1034 0.00398505
1035 0.00392646
1036 0.00380808
1037 0.00377023
1038 0.00380927
1039 0.00372314
1040 0.00368387
1041 0.00368166
1042 0.00367534
1043 0.00358123
1044 0.00359112
1045 0.00348961
1046 0.00336564
1047 0.00340569
1048 0.0033356
1049 0.00328308
1050 0.00331497
1051 0.00326616
1052 0.00331402
1053 0.00333202
1054 0.00336426
1055 0.00332111
1056 0.00332612
1057 0.00337487
1058 0.00328106
1059 0.00336677
1060 0.0034349
1061 0.00348073
1062 0.00346923
1063 0.0033868
1064 0.00342262
1065 0.00346678
1066 0.00343204
1067 0.00346226
1068 0.00342757
1069 0.00341785
1070 0.00336295
1071 0.00338584
1072 0.00342453
1073 0.00338125
1074 0.00335217
1075 0.00331491
1076 0.00330091
1077 0.00330746
1078 0.00311744
1079 0.00312448
1080 0.00310141
1081 0.00322592
1082 0.0031994
1083 0.00321746
1084 0.00318062
1085 0.00318104
1086 0.00312954
1087 0.00311947
1088 0.00309795
1089 0.00313145
1090 0.00308573
1091 0.00310922
1092 0.00312787
1093 0.00312877
1094 0.00296813
1095 0.00291759
1096 0.00294739
1097 0.00291795
1098 0.00288421
1099 0.00283235
1100 0.00288296
1101 0.00275987
1102 0.00269723
1103 0.00271553
1104 0.00265574
1105 0.00263202
1106 0.00254565
1107 0.00254476
1108 0.00252318
1109 0.00245124
1110 0.00243902
1111 0.00243789
1112 0.00245303
1113 0.00232363
1114 0.00229949
1115 0.00225401
1116 0.00230938
1117 0.00230837
1118 0.00238138
1119 0.0023753
1120 0.00237978
1121 0.00241131
1122 0.00234103
1123 0.00235033
1124 0.00233471
1125 0.00230461
1126 0.00228435
1127 0.00227213
1128 0.00233322
1129 0.00230139
1130 0.00226092
1131 0.00226367
1132 0.00221574
1133 0.00222582
1134 0.00218672
1135 0.00219291
1136 0.00215518
1137 0.00219774
1138 0.00216693
1139 0.00212711
1140 0.00221503
1141 0.00211316
1142 0.00207657
1143 0.00209367
1144 0.00205863
1145 0.00212252
1146 0.00208372
1147 0.00203735
1148 0.00203878
1149 0.00201297
1150 0.00202942
1151 0.00204021
1152 0.00194705
1153 0.00196475
1154 0.00191474
1155 0.00189179
1156 0.00184721
1157 0.00196272
1158 0.00194204
1159 0.00191361
1160 0.00188768
1161 0.00185686
1162 0.00183439
1163 0.00179362
1164 0.00175083
1165 0.00177056
1166 0.00179386
1167 0.00172365
1168 0.00171101
1169 0.00176615
1170 0.00180954
1171 0.00179911
1172 0.00183159
1173 0.00185245
1174 0.00189668
1175 0.00184429
1176 0.00179499
1177 0.00183576
1178 0.00186986
1179 0.00183159
1180 0.00185192
1181 0.00185549
1182 0.00192249
1183 0.0018515
1184 0.00183684
1185 0.00194895
1186 0.00197273
1187 0.00199521
1188 0.00193465
1189 0.00199282
1190 0.00200677
1191 0.0019629
1192 0.00197643
1193 0.00191808
1194 0.00189739
1195 0.00199646
1196 0.00196832
1197 0.00198758
1198 0.0019635
1199 0.00192583
1200 0.00190288
1201 0.00191611
1202 0.00187492
1203 0.00188357
1204 0.00182843
1205 0.00184703
1206 0.00185609
1207 0.00191092
1208 0.00189471
1209 0.00182289
1210 0.0019089
1211 0.00188714
1212 0.00185716
1213 0.00183409
1214 0.0018478
1215 0.00185227
1216 0.00182343
1217 0.00185239
1218 0.0018121
1219 0.00174558
1220 0.00161403
1221 0.00160885
1222 0.00160748
1223 0.00167471
1224 0.00168633
1225 0.00174993
1226 0.00167
1227 0.00179803
1228 0.00175482
1229 0.00180089
1230 0.00175756
1231 0.00175083
1232 0.00166416
1233 0.00170726
1234 0.00168771
1235 0.00166309
1236 0.00163943
1237 0.00167221
1238 0.00167084
1239 0.00164515
1240 0.00158662
1241 0.00162452
1242 0.00160825
1243 0.00161266
1244 0.00153577
1245 0.00151372
1246 0.00157613
1247 0.00158554
1248 0.0016489
1249 0.0015986
1250 0.00165009
1251 0.00168908
1252 0.00165141
1253 0.00180233
1254 0.00177205
1255 0.00179189
1256 0.00186241
1257 0.00184721
1258 0.00178361
1259 0.00175846
1260 0.0018208
1261 0.0018242
1262 0.00184149
1263 0.001764
1264 0.00182128
1265 0.0017966
1266 0.00185335
1267 0.00184548
1268 0.00193954
1269 0.00194728
1270 0.00185794
1271 0.00189859
1272 0.00192767
1273 0.00192249
1274 0.00197846
1275 0.00193346
1276 0.00201333
1277 0.0020045
1278 0.00190747
1279 0.00201029
1280 0.00196934
1281 0.00184673
1282 0.00176078
1283 0.00174731
1284 0.00172663
1285 0.00170827
1286 0.00172246
1287 0.00164074
1288 0.00164068
1289 0.00158721
1290 0.00158697
1291 0.00164449
1292 0.00162405
1293 0.00164855
1294 0.00159091
1295 0.00153154
1296 0.00150532
1297 0.00148016
1298 0.00146639
1299 0.00146139
1300 0.00143051
1301 0.00132829
1302 0.00133735
1303 0.00135016
1304 0.00131255
1305 0.00124609
1306 0.00128037
1307 0.00132918
1308 0.00129163
1309 0.00116885
1310 0.00114644
1311 0.00112861
1312 0.00110978
1313 0.00116658
1314 0.00117606
1315 0.00114083
1316 0.00107384
1317 0.00112778
1318 0.00115758
1319 0.00107008
1320 0.00103968
1321 0.00107718
1322 0.00100827
1323 0.000999212
1324 0.00102985
1325 0.000943184
1326 0.000978589
1327 0.000970483
1328 0.000929356
1329 0.000885665
1330 0.000835299
1331 0.000827789
1332 0.00090313
1333 0.000852525
1334 0.000838935
1335 0.000816405
1336 0.0008412
1337 0.000783503
1338 0.00089711
1339 0.00079
1340 0.000741303
1341 0.000824392
1342 0.000790894
1343 0.000706613
1344 0.000765264
1345 0.000685155
1346 0.000631332
1347 0.000571668
1348 0.000601828
1349 0.00057745
1350 0.000632703
1351 0.000598729
1352 0.00064671
1353 0.000619352
1354 0.000588715
1355 0.000589371
1356 0.000582874
1357 0.000636578
1358 0.000690877
1359 0.000690818
1360 0.000733137
1361 0.000736535
1362 0.000715017
1363 0.000778675
1364 0.000763893
1365 0.000743091
1366 0.000773787
1367 0.000711203
1368 0.000795841
1369 0.000807226
1370 0.000705421
1371 0.000781775
1372 0.000763893
1373 0.000801146
1374 0.000866652
1375 0.000962675
1376 0.000945628
1377 0.00100797
1378 0.000962794
1379 0.000916839
1380 0.000956833
1381 0.000945449
1382 0.000956655
1383 0.00101697
1384 0.00106275
1385 0.00109237
1386 0.00113815
1387 0.00111037
1388 0.00118208
1389 0.00122416
1390 0.00120866
1391 0.00120848
1392 0.00125009
1393 0.00134438
1394 0.00136507
1395 0.00127232
1396 0.00125891
1397 0.00123507
1398 0.00134397
1399 0.00134331
1400 0.00127047
1401 0.00127882
1402 0.0012846
1403 0.0011844
1404 0.00112474
1405 0.00116807
1406 0.00111365
1407 0.0011493
1408 0.00112164
1409 0.00120538
1410 0.00122917
1411 0.00114536
1412 0.00124282
1413 0.00121999
1414 0.00121272
1415 0.00129765
1416 0.00122732
1417 0.00118226
1418 0.00120866
1419 0.00123096
1420 0.00135088
1421 0.00135392
1422 0.00137907
1423 0.00138974
1424 0.00136596
1425 0.00144786
1426 0.00139809
1427 0.00140321
1428 0.00131983
1429 0.00131422
1430 0.00131822
1431 0.00135225
1432 0.00132239
1433 0.00124121
1434 0.00121289
1435 0.00118685
1436 0.00112402
1437 0.00114453
1438 0.00115746
1439 0.00113922
1440 0.00116616
1441 0.00116056
1442 0.0010922
1443 0.00110972
1444 0.00109142
1445 0.00114131
1446 0.00114185
1447 0.00117165
1448 0.0011692
1449 0.00119221
1450 0.00117701
1451 0.00130546
1452 0.00126952
1453 0.00123692
1454 0.00130117
1455 0.00124466
1456 0.00140691
1457 0.00139898
1458 0.0013684
1459 0.00131923
1460 0.00129378
1461 0.00122732
1462 0.00137717
1463 0.00125313
1464 0.00130934
1465 0.00121355
1466 0.00127441
1467 0.00122207
1468 0.00132132
1469 0.00117165
1470 0.00111818
1471 0.001113
1472 0.00104034
1473 0.00112319
1474 0.00100714
1475 0.00106812
1476 0.00101697
1477 0.00097841
1478 0.000876844
1479 0.000939548
1480 0.000866055
1481 0.000859201
1482 0.000920415
1483 0.000940323
1484 0.000971079
1485 0.000970483
1486 0.000936508
1487 0.000900626
1488 0.000878155
1489 0.000935495
1490 0.000919461
1491 0.000882804
1492 0.00092417
1493 0.00100189
1494 0.0010162
1495 0.00100517
1496 0.000954866
1497 0.00100833
1498 0.00103468
1499 0.00096947
1500 0.000957549
1501 0.00100207
1502 0.00086987
1503 0.000922859
1504 0.00101167
1505 0.000967741
1506 0.000954449
1507 0.000979483
1508 0.00102454
1509 0.000899911
1510 0.000908434
1511 0.000982821
1512 0.00097847
1513 0.00102574
1514 0.00106281
1515 0.0011217
1516 0.00120109
1517 0.00123084
1518 0.00118977
1519 0.00117075
1520 0.00118816
1521 0.00120538
1522 0.00123554
1523 0.00127077
1524 0.00126195
1525 0.00127405
1526 0.00130898
1527 0.00138092
1528 0.00143826
1529 0.0013963
1530 0.00146335
1531 0.00144708
1532 0.00148034
1533 0.00154924
1534 0.00160152
1535 0.00157595
1536 0.00153583
1537 0.00140071
1538 0.00148869
1539 0.00157052
1540 0.00153291
1541 0.0014503
1542 0.00140393
1543 0.00136054
1544 0.00129056
1545 0.00138772
1546 0.00131077
1547 0.00139248
1548 0.00133312
1549 0.00135887
1550 0.00137269
1551 0.00143909
1552 0.00142503
1553 0.00140476
1554 0.00132775
1555 0.00128812
1556 0.00124902
1557 0.00121516
1558 0.00110096
1559 0.0010857
1560 0.000978887
1561 0.00101089
1562 0.000946701
1563 0.000953555
1564 0.000952125
1565 0.000937164
1566 0.000939548
1567 0.000922143
1568 0.000798643
1569 0.000773787
1570 0.000747561
1571 0.000725269
1572 0.000727415
1573 0.000703156
1574 0.000684083
1575 0.000636756
1576 0.000679731
1577 0.000669301
1578 0.000707984
1579 0.000682533
1580 0.000729203
1581 0.000644922
1582 0.000595272
1583 0.000552773
1584 0.000614643
1585 0.00057739
1586 0.000548959
1587 0.000627398
1588 0.000694513
1589 0.000655353
1590 0.000679791
1591 0.0007388
1592 0.000787437
1593 0.000751138
1594 0.000715733
1595 0.000709057
1596 0.000550926
1597 0.000490546
1598 0.000408649
1599 0.000427842
1600 0.000391006
1601 0.000386059
1602 0.00044167
1603 0.000296593
1604 0.000322342
1605 0.000329912
1606 0.000308216
1607 0.000284553
1608 0.000248551
1609 0.000207126
1610 0.000190437
1611 0.000191033
1612 0.000175059
1613 0.000114024
1614 7.03335e-05
1615 7.50422e-05
1616 0.000153124
1617 0.000179529
1618 0.000110924
1619 0.000211
1620 0.000283062
1621 0.000296474
1622 0.000273347
1623 0.000302374
1624 0.000241101
1625 0.000369191
1626 0.000390887
1627 0.000428796
1628 0.000401616
1629 0.000439167
1630 0.00043118
1631 0.000317395
1632 0.000351012
1633 0.000338256
1634 0.000347197
1635 0.00028944
1636 0.000302255
1637 0.000232399
1638 0.000222683
1639 0.000131905
1640 0.000144422
1641 5.78761e-05
1642 4.14252e-05
1643 3.24249e-05
1644 1.77622e-05
1645 1.09673e-05
1646 1.18017e-05
1647 0.000121653
1648 0.000189245
1649 0.000229895
1650 0.000232041
1651 0.000241816
1652 0.000275612
1653 0.000309169
1654 0.000219464
1655 0.00029093
1656 0.000358045
1657 0.000429988
1658 0.000421703
1659 0.000408709
1660 0.000440836
1661 0.000509262
1662 0.00037992
1663 0.000400364
1664 0.000381291
1665 0.000342369
1666 0.000400007
1667 0.000354648
1668 0.000371695
1669 0.000477076
1670 0.000471652
1671 0.000505507
1672 0.000521362
1673 0.000607312
1674 0.000636935
1675 0.000592113
1676 0.000648439
1677 0.000715554
1678 0.000704944
1679 0.000721693
1680 0.000542879
1681 0.000647962
1682 0.000694633
1683 0.000772595
1684 0.000835359
1685 0.000873864
1686 0.000805855
1687 0.000837386
1688 0.00074625
1689 0.000822425
1690 0.000862718
1691 0.000782192
1692 0.00089395
1693 0.000907242
1694 0.00104332
1695 0.00105071
1696 0.00114489
1697 0.00114918
1698 0.00104225
1699 0.00106013
1700 0.00111622
1701 0.00118566
1702 0.00114942
1703 0.00116295
1704 0.00126028
1705 0.00125909
1706 0.00124437
1707 0.00128436
1708 0.00129634
1709 0.0012157
1710 0.00119412
1711 0.00122648
1712 0.00121278
1713 0.00121695
1714 0.00122839
1715 0.00120533
1716 0.00116456
1717 0.00113189
1718 0.00116384
1719 0.00116837
1720 0.00123119
1721 0.00110191
1722 0.00101346
1723 0.00101608
1724 0.00103754
1725 0.00104707
1726 0.00112486
1727 0.0011313
1728 0.00110549
1729 0.00106376
1730 0.00107032
1731 0.00110799
1732 0.00116456
1733 0.00117147
1734 0.00122064
1735 0.00119013
1736 0.00123793
1737 0.0012747
1738 0.00125694
1739 0.00128406
1740 0.00129598
1741 0.00125974
1742 0.00136244
1743 0.00133359
1744 0.00136775
1745 0.00145704
1746 0.00148904
1747 0.00152028
1748 0.00150836
1749 0.00143057
1750 0.00141352
1751 0.00156522
1752 0.0015347
1753 0.00159699
1754 0.00146157
1755 0.00151479
1756 0.00156546
1757 0.00156134
1758 0.00149959
1759 0.00151455
1760 0.00155914
1761 0.00154322
1762 0.00150728
1763 0.00151485
1764 0.00151676
1765 0.0015322
1766 0.00150681
1767 0.00155067
1768 0.00155509
1769 0.00154281
1770 0.00156438
1771 0.00149614
1772 0.0015226
1773 0.00156432
1774 0.00161022
1775 0.00162345
1776 0.00167674
1777 0.00175738
1778 0.00173521
1779 0.00177485
1780 0.00176382
1781 0.00185347
1782 0.00188148
1783 0.00198722
1784 0.00202376
1785 0.0020237
1786 0.00215209
1787 0.00216305
1788 0.00215328
1789 0.00212705
1790 0.00209367
1791 0.00209445
1792 0.00212801
1793 0.00209409
1794 0.00221479
1795 0.00212562
1796 0.00215304
1797 0.00223219
1798 0.00216413
1799 0.00215572
1800 0.00217324
1801 0.00222152
1802 0.00223958
1803 0.00227612
1804 0.00228047
1805 0.00223261
1806 0.00223637
1807 0.00220877
1808 0.0021835
1809 0.00208658
1810 0.00219393
1811 0.00210208
1812 0.002101
1813 0.00212878
1814 0.00208408
1815 0.00213403
1816 0.00210094
1817 0.00210929
1818 0.0020411
1819 0.00201946
1820 0.00212312
1821 0.00205064
1822 0.00197494
1823 0.00192642
1824 0.00195426
1825 0.0019294
1826 0.00178939
1827 0.00178117
1828 0.0017451
1829 0.0017978
1830 0.00170922
1831 0.00163591
1832 0.0016191
1833 0.00161582
1834 0.00158453
1835 0.00155908
1836 0.00151736
1837 0.00144345
1838 0.0015142
1839 0.00137186
1840 0.00148118
1841 0.00151885
1842 0.0014078
1843 0.00144726
1844 0.0015012
1845 0.0015021
1846 0.00157619
1847 0.00149184
1848 0.00149417
1849 0.00144285
1850 0.00140029
1851 0.00147945
1852 0.0015136
1853 0.00159305
1854 0.00158399
1855 0.00161833
1856 0.00165552
1857 0.00171942
1858 0.00175583
1859 0.00184458
1860 0.00191158
1861 0.00187081
1862 0.00181633
1863 0.00179559
1864 0.00167876
1865 0.00175703
1866 0.00170761
1867 0.0017463
1868 0.00175768
1869 0.0017879
1870 0.00173479
1871 0.00170916
1872 0.00170201
1873 0.00165766
1874 0.00169218
1875 0.00162959
1876 0.00164086
1877 0.00157541
1878 0.00161391
1879 0.0016616
1880 0.0017128
1881 0.00171262
1882 0.00169301
1883 0.00174373
1884 0.00178677
1885 0.0017634
1886 0.00170165
1887 0.00163382
1888 0.00155544
1889 0.00153965
1890 0.00153118
1891 0.00145388
1892 0.00143063
1893 0.00146425
1894 0.00146681
1895 0.00148439
1896 0.00144541
1897 0.00137472
1898 0.00132871
1899 0.00130612
1900 0.00134283
1901 0.00139254
1902 0.00140625
1903 0.00140488
1904 0.00146002
1905 0.00145894
1906 0.00148731
1907 0.00149024
1908 0.00151616
1909 0.00146759
1910 0.00148869
1911 0.00136274
1912 0.00132775
1913 0.00131553
1914 0.00126916
1915 0.00126123
1916 0.0012244
1917 0.00122607
1918 0.00114733
1919 0.00112319
1920 0.00115842
1921 0.00109869
1922 0.00106037
1923 0.00108063
1924 0.00109303
1925 0.00107193
1926 0.00100434
1927 0.000973284
1928 0.00103772
1929 0.000955105
1930 0.000949204
1931 0.000914037
1932 0.000977993
1933 0.0010106
1934 0.000999868
1935 0.000942528
1936 0.000923693
1937 0.000985444
1938 0.000969768
1939 0.000867903
1940 0.000855029
1941 0.000895619
1942 0.000736415
1943 0.000877678
1944 0.000878692
1945 0.000907362
1946 0.000967026
1947 0.00102544
1948 0.000958383
1949 0.000955522
1950 0.00102234
1951 0.000980794
1952 0.00101793
1953 0.00103855
1954 0.000958502
1955 0.000997543
1956 0.00106484
1957 0.00108123
1958 0.000953794
1959 0.000957072
1960 0.000929356
1961 0.000944614
1962 0.000850677
1963 0.000880361
1964 0.00088352
1965 0.000954568
1966 0.00099349
1967 0.0010103
1968 0.000967622
1969 0.000997126
1970 0.000923872
1971 0.000846326
1972 0.000820696
1973 0.000851035
1974 0.000831127
1975 0.000869453
1976 0.000796139
1977 0.000739515
1978 0.000761449
1979 0.000769734
1980 0.000779092
1981 0.000773013
1982 0.000839949
1983 0.00080514
1984 0.0008412
1985 0.000928104
1986 0.000893712
1987 0.000819445
1988 0.000840485
1989 0.0007388
1990 0.000777841
1991 0.000764251
1992 0.000732481
1993 0.000744343
1994 0.000810981
1995 0.000823855
1996 0.000855565
1997 0.00085181
1998 0.000862539
1999 0.000867903
2000 0.000751734
2001 0.000760674
2002 0.000746131
2003 0.000781
2004 0.000809371
2005 0.000809193
2006 0.000841677
2007 0.000881076
2008 0.000843585
2009 0.000831783
2010 0.000864863
2011 0.000921369
2012 0.000916183
2013 0.000896275
2014 0.000913322
2015 0.000838161
2016 0.000768602
2017 0.000738263
2018 0.000711381
2019 0.000794291
2020 0.00089103
2021 0.000816941
2022 0.000858307
2023 0.000873327
2024 0.000818849
2025 0.000745058
2026 0.000772178
2027 0.000837743
2028 0.000820518
2029 0.000795841
2030 0.000821352
2031 0.000786424
2032 0.000733137
2033 0.000605285
2034 0.000710487
2035 0.000685513
2036 0.000718892
2037 0.000778556
2038 0.000853658
2039 0.000841677
2040 0.000850141
2041 0.000802577
2042 0.000864506
2043 0.00077045
2044 0.00077188
2045 0.000828564
2046 0.000785172
2047 0.000755072
2048 0.000849009
2049 0.000853181
2050 0.000836909
2051 0.000845671
2052 0.000939906
2053 0.000913739
2054 0.000856698
2055 0.000846505
2056 0.000789523
2057 0.000808477
2058 0.000794172
2059 0.000843346
2060 0.000729859
2061 0.000735879
2062 0.00077194
2063 0.000873446
2064 0.000874043
2065 0.000874341
2066 0.000887513
2067 0.000820696
2068 0.000779033
2069 0.000804305
2070 0.000804663
2071 0.000818431
2072 0.000805974
2073 0.000839472
2074 0.000842512
2075 0.00086087
2076 0.000858247
2077 0.000730276
2078 0.000774682
2079 0.000768125
2080 0.000738978
2081 0.000728309
2082 0.000747144
2083 0.000690401
2084 0.000632107
2085 0.000692487
2086 0.000703931
2087 0.00065577
2088 0.000644624
2089 0.000643611
2090 0.000627279
2091 0.000521123
2092 0.000509739
2093 0.000442207
2094 0.000491679
2095 0.00057435
2096 0.000527918
2097 0.000574529
2098 0.000480473
2099 0.000430763
2100 0.000474334
2101 0.000359833
2102 0.000339985
2103 0.000354767
2104 0.000392675
2105 0.000451326
2106 0.000452697
2107 0.000379443
2108 0.000365794
2109 0.000388443
2110 0.00044328
2111 0.000450969
2112 0.000532806
2113 0.00054276
2114 0.000572145
2115 0.000626087
2116 0.000652432
2117 0.000567675
2118 0.000597417
2119 0.000628829
2120 0.00058955
2121 0.000607133
2122 0.000598311
2123 0.00058794
2124 0.000574708
2125 0.00054419
2126 0.000518143
2127 0.000584483
2128 0.000496328
2129 0.000614166
2130 0.000613689
2131 0.000618637
2132 0.000704646
2133 0.000700235
2134 0.000733078
2135 0.000641823
2136 0.000678062
2137 0.000555396
2138 0.000576258
2139 0.000600696
2140 0.000591099
2141 0.000566959
2142 0.00061965
2143 0.000537515
2144 0.000602841
2145 0.000687659
2146 0.000748515
2147 0.000773072
2148 0.000758231
2149 0.000639141
2150 0.000730574
2151 0.000713289
2152 0.000890791
2153 0.000829697
2154 0.00091511
2155 0.000821471
2156 0.000869811
2157 0.000915885
2158 0.00104487
2159 0.00100774
2160 0.00100273
2161 0.00107139
2162 0.00107056
2163 0.00115025
2164 0.00103283
2165 0.000999689
2166 0.00104463
2167 0.000980318
2168 0.00105047
2169 0.00103897
2170 0.00114161
2171 0.00112027
2172 0.00108051
2173 0.001109
2174 0.00115693
2175 0.00117558
2176 0.00112045
2177 0.00108039
2178 0.000990391
2179 0.00105214
2180 0.000980079
2181 0.00108248
2182 0.00105089
2183 0.00100136
2184 0.00105435
2185 0.000939488
2186 0.00100601
2187 0.0010587
2188 0.00103188
2189 0.00105488
2190 0.000988483
2191 0.000965476
2192 0.000937045
2193 0.000971675
2194 0.000944316
2195 0.000887811
2196 0.000847399
2197 0.000815511
2198 0.000714898
2199 0.000685215
2200 0.000679672
2201 0.00064975
2202 0.00061059
2203 0.000584602
2204 0.000574827
2205 0.000542939
2206 0.000470638
2207 0.000391126
2208 0.000364006
2209 0.000375152
2210 0.000325918
2211 0.000208437
2212 0.000257492
2213 0.000291526
2214 0.000243723
2215 0.000301421
2216 0.00021857
2217 0.000197291
2218 0.000235438
2219 0.000135541
2220 0.000166178
2221 0.000135481
2222 0.000143826
2223 0.000140071
2224 2.72989e-05
2225 -8.63969e-05
2226 -0.000123143
2227 -0.000123709
2228 -0.000226468
2229 -0.000181675
2230 -0.000159651
2231 -0.000196517
2232 -0.000223786
2233 -0.000135064
2234 -0.000205547
2235 -0.000212967
2236 -0.000267982
2237 -0.000308335
2238 -0.000316739
2239 -0.000214249
2240 -0.00021863
2241 -0.0001674
2242 -0.000234663
2243 -0.000168413
2244 -0.000135154
2245 -0.000109911
2246 -0.000122666
2247 -0.000147313
2248 -6.07967e-05
2249 -0.000120282
2250 5.09024e-05
2251 5.82337e-05
2252 -7.80821e-06
2253 -1.79112e-05
2254 -9.08971e-05
2255 -1.75536e-05
2256 0.000167489
2257 9.81688e-05
2258 0.000170588
2259 9.82881e-05
2260 5.88894e-05
2261 0.000136554
2262 0.000137568
2263 0.000228703
2264 0.000226259
2265 0.000174522
2266 7.84397e-05
2267 4.94719e-05
2268 8.45194e-05
2269 5.98431e-05
2270 7.84397e-05
2271 0.000169158
2272 0.000138521
2273 0.000194669
2274 0.000140131
2275 2.26498e-06
2276 4.55976e-05
2277 -3.59118e-05
2278 2.39015e-05
2279 -1.54078e-05
2280 -0.000115722
2281 -4.88162e-05
2282 -0.000122637
2283 -0.000106364
2284 -0.000148475
2285 -0.000114709
2286 -8.30889e-05
2287 -1.88649e-05
2288 -4.95017e-05
2289 -9.91225e-05
2290 -0.000195771
2291 -0.00014028
2292 -0.000258863
2293 -0.000263989
2294 -0.000319511
2295 -0.000357896
2296 -0.000269771
2297 -0.000461042
2298 -0.000369579
2299 -0.000392675
2300 -0.000377774
2301 -0.000404179
2302 -0.000407547
2303 -0.000354201
2304 -0.000515193
2305 -0.000432312
2306 -0.000491798
2307 -0.000578851
2308 -0.000624418
2309 -0.000616282
2310 -0.000665516
2311 -0.000720859
2312 -0.000836879
2313 -0.000770032
2314 -0.000918061
2315 -0.000996381
2316 -0.00103679
2317 -0.0010832
2318 -0.00120416
2319 -0.00118992
2320 -0.00124148
2321 -0.00126624
2322 -0.00138965
2323 -0.00151199
2324 -0.00148568
2325 -0.00150111
2326 -0.00145438
2327 -0.00148758
2328 -0.00148264
2329 -0.00153592
2330 -0.00157115
2331 -0.00156108
2332 -0.00159198
2333 -0.00148618
2334 -0.00161195
2335 -0.00169656
2336 -0.00186792
2337 -0.00175005
2338 -0.00174406
2339 -0.00176334
2340 -0.00179642
2341 -0.00183454
2342 -0.00185683
2343 -0.00186902
2344 -0.00193816
2345 -0.00181511
2346 -0.00181991
2347 -0.00172538
2348 -0.00175828
2349 -0.00179616
2350 -0.00168127
2351 -0.00180921
2352 -0.00181305
2353 -0.00179747
2354 -0.00179434
2355 -0.00183031
2356 -0.00183356
2357 -0.00182566
2358 -0.00167781
2359 -0.00174192
2360 -0.00188363
2361 -0.00182033
2362 -0.00200325
2363 -0.00187352
2364 -0.00196254
2365 -0.00192815
2366 -0.00195426
2367 -0.00198111
2368 -0.00199604
2369 -0.00196773
2370 -0.00197923
2371 -0.00192454
2372 -0.00198111
2373 -0.00204241
2374 -0.00206584
2375 -0.00206664
2376 -0.00202662
2377 -0.0020889
2378 -0.00216213
2379 -0.00211936
2380 -0.00212386
2381 -0.00204924
2382 -0.00211406
2383 -0.00205866
2384 -0.00197133
2385 -0.00204796
2386 -0.00224149
2387 -0.00220469
2388 -0.00220495
2389 -0.00217775
2390 -0.00220487
2391 -0.0021576
2392 -0.00220382
2393 -0.00217041
2394 -0.00210464
2395 -0.00213334
2396 -0.00212309
2397 -0.00208408
2398 -0.00214139
2399 -0.00215268
2400 -0.00200304
2401 -0.00215483
2402 -0.00211439
2403 -0.00206718
2404 -0.00198126
2405 -0.00209725
2406 -0.00209075
2407 -0.00207201
2408 -0.00215885
2409 -0.00210759
2410 -0.00203022
2411 -0.00198749
2412 -0.00199145
2413 -0.00197199
2414 -0.00203487
2415 -0.00210744
2416 -0.00208434
2417 -0.00213274
2418 -0.00214893
2419 -0.00208718
2420 -0.00208917
2421 -0.00215295
2422 -0.00219509
2423 -0.00216287
2424 -0.00218529
2425 -0.00221735
2426 -0.00210792
2427 -0.00213847
2428 -0.00210464
2429 -0.0021489
2430 -0.00219241
2431 -0.00217515
2432 -0.00214177
2433 -0.00220105
2434 -0.00224549
2435 -0.00223929
2436 -0.00217468
2437 -0.00223219
2438 -0.0022386
2439 -0.002215
2440 -0.0021424
2441 -0.00218007
2442 -0.00225458
2443 -0.00224894
2444 -0.00223982
2445 -0.00225207
2446 -0.00218272
2447 -0.00215951
2448 -0.00216502
2449 -0.00210273
2450 -0.00216135
2451 -0.00209177
2452 -0.00212538
2453 -0.00215203
2454 -0.00205585
2455 -0.00200847
2456 -0.00193581
2457 -0.00201255
2458 -0.00194687
2459 -0.00196064
2460 -0.00195861
2461 -0.00197801
2462 -0.00199074
2463 -0.00199699
2464 -0.00204864
2465 -0.00200263
2466 -0.00200287
2467 -0.00199607
2468 -0.00203577
2469 -0.0020541
2470 -0.00208396
2471 -0.00200659
2472 -0.00202742
2473 -0.00197673
2474 -0.00191769
2475 -0.0018692
2476 -0.00183803
2477 -0.00185362
2478 -0.00188917
2479 -0.0018073
2480 -0.00175115
2481 -0.00179347
2482 -0.00165915
2483 -0.00164321
2484 -0.0015099
2485 -0.0016045
2486 -0.00155011
2487 -0.0016053
2488 -0.00157422
2489 -0.00163314
2490 -0.00162247
2491 -0.00164923
2492 -0.00172967
2493 -0.0016385
2494 -0.00175431
2495 -0.00174075
2496 -0.00172061
2497 -0.00164196
2498 -0.00177872
2499 -0.00176954
2500 -0.00177065
2501 -0.00184172
2502 -0.0019123
2503 -0.00186363
2504 -0.00194627
2505 -0.00202796
2506 -0.00199592
2507 -0.00203654
2508 -0.00199363
2509 -0.00198501
2510 -0.00198311
2511 -0.00197157
2512 -0.0020875
2513 -0.0020799
2514 -0.0021297
2515 -0.00214651
2516 -0.0021539
2517 -0.0022521
2518 -0.00219384
2519 -0.00219387
2520 -0.00222519
2521 -0.0022566
2522 -0.0022918
2523 -0.00228503
2524 -0.00222492
2525 -0.00223339
2526 -0.00222749
2527 -0.00224429
2528 -0.002184
2529 -0.00212795
2530 -0.00214386
2531 -0.00208303
2532 -0.00210866
2533 -0.00207669
2534 -0.00219262
2535 -0.00207737
2536 -0.00209549
2537 -0.00204724
2538 -0.00196287
2539 -0.00191432
2540 -0.00181428
2541 -0.00182888
2542 -0.00180465
2543 -0.00178468
2544 -0.00163186
2545 -0.00161803
2546 -0.00155967
2547 -0.00148022
2548 -0.00145909
2549 -0.00146037
2550 -0.00149485
2551 -0.0015142
2552 -0.00143114
2553 -0.00147343
2554 -0.00144428
2555 -0.00136667
2556 -0.00133494
2557 -0.00130537
2558 -0.00130221
2559 -0.00131193
2560 -0.00126863
2561 -0.00128162
2562 -0.00125763
2563 -0.00120917
2564 -0.00119019
2565 -0.00118861
2566 -0.00116974
2567 -0.00123966
2568 -0.00114644
2569 -0.00115886
2570 -0.00115812
2571 -0.00103155
2572 -0.00100601
2573 -0.00110805
2574 -0.00106403
2575 -0.00102031
2576 -0.00102925
2577 -0.00101781
2578 -0.000955611
2579 -0.00100839
2580 -0.00108796
2581 -0.00100106
2582 -0.00106764
2583 -0.00106791
2584 -0.00103396
2585 -0.00112936
2586 -0.00104222
2587 -0.00105768
2588 -0.00104377
2589 -0.00109756
2590 -0.00110373
2591 -0.00115049
2592 -0.00120294
2593 -0.00118035
2594 -0.00116464
2595 -0.00104317
2596 -0.00100076
2597 -0.0010992
2598 -0.0010674
2599 -0.00102219
2600 -0.000961781
2601 -0.00095427
2602 -0.000931472
2603 -0.000959486
2604 -0.000937939
2605 -0.000960141
2606 -0.000921994
2607 -0.000884652
2608 -0.000851572
2609 -0.000782579
2610 -0.000694484
2611 -0.000659734
2612 -0.000562966
2613 -0.000603646
2614 -0.000573575
2615 -0.000464559
2616 -0.000360578
2617 -0.000453591
2618 -0.000433028
2619 -0.000478953
2620 -0.000451952
2621 -0.000507951
2622 -0.000475079
2623 -0.000532389
2624 -0.00058344
2625 -0.000512809
2626 -0.000582933
2627 -0.000627816
2628 -0.000525326
2629 -0.000518948
2630 -0.000608951
2631 -0.000516891
2632 -0.000545293
2633 -0.000606686
2634 -0.000610799
2635 -0.000608027
2636 -0.000615209
2637 -0.000666499
2638 -0.000601798
2639 -0.000665337
2640 -0.000736713
2641 -0.000863492
2642 -0.000857264
2643 -0.000855058
2644 -0.000913203
2645 -0.000760794
2646 -0.000809282
2647 -0.000801414
2648 -0.000907809
2649 -0.000986874
2650 -0.000974864
2651 -0.00106508
2652 -0.00113517
2653 -0.00106877
2654 -0.00102752
2655 -0.000952065
2656 -0.000913084
2657 -0.00102895
2658 -0.00109589
2659 -0.0011389
2660 -0.00112903
2661 -0.00109717
2662 -0.00111297
2663 -0.00116998
2664 -0.00109902
2665 -0.00111121
2666 -0.00101867
2667 -0.000994712
2668 -0.00109637
2669 -0.000994146
2670 -0.0010581
2671 -0.00108019
2672 -0.00095582
2673 -0.000965625
2674 -0.000909448
2675 -0.000944465
2676 -0.000833184
2677 -0.000873297
2678 -0.000822037
2679 -0.000798583
2680 -0.000760734
2681 -0.000808805
2682 -0.000873506
2683 -0.000861794
2684 -0.000882715
2685 -0.000792176
2686 -0.000727892
2687 -0.000665009
2688 -0.000676632
2689 -0.000588059
2690 -0.000617176
2691 -0.000638127
2692 -0.000534058
2693 -0.000628859
2694 -0.000532687
2695 -0.000553966
2696 -0.000624239
2697 -0.000545442
2698 -0.000600755
2699 -0.000506014
2700 -0.000573874
2701 -0.000502259
2702 -0.000507623
2703 -0.000430495
2704 -0.000494629
2705 -0.000495374
2706 -0.000576943
2707 -0.000513226
2708 -0.000569224
2709 -0.000580519
2710 -0.000636667
2711 -0.000651836
2712 -0.000546098
2713 -0.000547051
2714 -0.000540584
2715 -0.000571698
2716 -0.000580698
2717 -0.000478029
2718 -0.000557721
2719 -0.000566155
2720 -0.00050959
2721 -0.000496924
2722 -0.000522375
2723 -0.000515938
2724 -0.000555933
2725 -0.000509977
2726 -0.000465065
2727 -0.000487983
2728 -0.000467032
2729 -0.000505269
2730 -0.000532806
2731 -0.000503242
2732 -0.00042221
2733 -0.000358433
2734 -0.00042817
2735 -0.000350624
2736 -0.000375956
2737 -0.000336051
2738 -0.000378311
2739 -0.000306726
2740 -0.000310928
2741 -0.000268191
2742 -0.000433862
2743 -0.000331998
2744 -0.000351399
2745 -0.000352025
2746 -0.000348449
2747 -0.000346333
2748 -0.000351667
2749 -0.000319541
2750 -0.000212669
2751 -0.000320196
2752 -0.000256807
2753 -0.000307113
2754 -0.000245303
2755 -0.000330865
2756 -0.000305772
2757 -0.000338286
2758 -0.000356853
2759 -0.000356376
2760 -0.000382096
2761 -0.000347465
2762 -0.000402808
2763 -0.000429779
2764 -0.000335932
2765 -0.000400633
2766 -0.000286788
2767 -0.000332326
2768 -0.000331879
2769 -0.000304013
2770 -0.000292838
2771 -0.000318289
2772 -0.000216484
2773 -0.000302017
2774 -0.000324935
2775 -0.000379771
2776 -0.000331908
2777 -0.000291944
2778 -0.000351638
2779 -0.000410795
2780 -0.000424892
2781 -0.000410557
2782 -0.000380099
2783 -0.000418991
2784 -0.00038293
2785 -0.000325054
2786 -0.000308722
2787 -0.000374168
2788 -0.000404
2789 -0.00035578
2790 -0.00026989
2791 -0.000255376
2792 -0.000237286
2793 -0.00029853
2794 -0.000304043
2795 -0.000331849
2796 -0.000310719
2797 -0.000334114
2798 -0.000416011
2799 -0.000408977
2800 -0.000384063
2801 -0.000296474
2802 -0.000336826
2803 -0.000409842
2804 -0.000318915
2805 -0.000324398
2806 -0.000296831
2807 -0.000256628
2808 -0.000341892
2809 -0.000239104
2810 -0.000205725
2811 -0.000225365
2812 -0.00019896
2813 -0.000151038
2814 -0.000170946
2815 -0.000193149
2816 -0.000153929
2817 -7.06911e-05
2818 5.60284e-06
2819 7.83801e-05
2820 4.61936e-05
2821 7.74264e-05
2822 -1.93715e-06
2823 1.17421e-05
2824 -7.39098e-06
2825 -7.12276e-05
2826 8.52942e-05
2827 7.70688e-05
2828 5.28097e-05
2829 3.12924e-05
2830 -4.67896e-06
2831 -1.48714e-05
2832 -2.89977e-05
2833 -4.74751e-05
2834 -7.90358e-05
2835 -6.36578e-05
2836 3.01003e-05
2837 8.96454e-05
2838 8.76784e-05
2839 -2.44677e-05
2840 5.01275e-05
2841 -0.000145853
2842 -0.000165015
2843 -0.000245005
2844 -0.000167698
2845 -0.000176996
2846 -0.000157416
2847 -0.000203133
2848 -0.000243753
2849 -0.00015232
2850 -0.000168622
2851 -0.00018093
2852 -0.000208944
2853 -0.000154674
2854 -0.000218183
2855 -0.000208497
2856 -0.000119776
2857 -0.000144571
2858 -7.34925e-05
2859 -3.34084e-05
2860 -2.68221e-06
2861 -0.000107855
2862 -0.000172645
2863 -0.000278443
2864 -0.000255406
2865 -0.000261843
2866 -0.000118494
2867 -9.498e-05
2868 -0.000144601
2869 -0.000142753
2870 -0.000152618
2871 -5.51641e-05
2872 -0.000112176
2873 -5.34952e-05
2874 -0.000130445
2875 -0.00011301
2876 -0.000123173
2877 -3.58522e-05
2878 -2.2769e-05
2879 8.52346e-06
2880 -5.27501e-06
2881 -3.67761e-05
2882 -0.000132471
2883 -1.49608e-05
2884 -5.59688e-05
2885 4.01735e-05
2886 8.35657e-05
2887 9.09567e-05
2888 0.000249565
2889 0.000321209
2890 0.000360608
2891 0.000357091
2892 0.000404894
2893 0.000475705
2894 0.000461161
2895 0.000503063
2896 0.000503123
2897 0.000590861
2898 0.000608802
2899 0.000614524
2900 0.00061667
2901 0.000634134
2902 0.000631928
2903 0.000678122
2904 0.000663221
2905 0.000649691
2906 0.000671744
2907 0.000697434
2908 0.000757337
2909 0.000798643
2910 0.000722349
2911 0.000753522
2912 0.000727177
2913 0.000804901
2914 0.000897527
2915 0.000927329
2916 0.000902474
2917 0.000936091
2918 0.000859559
2919 0.000857115
2920 0.000863075
2921 0.000839233
2922 0.000790954
2923 0.000772476
2924 0.000821054
2925 0.000783384
2926 0.000830233
2927 0.000890136
2928 0.0008443
2929 0.000949919
2930 0.000941277
2931 0.000875771
2932 0.000832438
2933 0.000822425
2934 0.000808001
2935 0.000875592
2936 0.000871301
2937 0.000944257
2938 0.00105524
2939 0.00101948
2940 0.00100917
2941 0.00115508
2942 0.00116736
2943 0.00110394
2944 0.00115395
2945 0.00113225
2946 0.00114703
2947 0.00124031
2948 0.00126952
2949 0.00138175
2950 0.00142872
2951 0.0013718
2952 0.00132072
2953 0.00124645
2954 0.00129348
2955 0.00127208
2956 0.00121969
2957 0.00119263
2958 0.00119358
2959 0.00106937
2960 0.00111109
2961 0.00106412
2962 0.00109434
2963 0.00114745
2964 0.00114697
2965 0.00108212
2966 0.00111842
2967 0.00100952
2968 0.00107825
2969 0.00105029
2970 0.00110435
2971 0.00111431
2972 0.00112551
2973 0.00112438
2974 0.00116348
2975 0.00113392
2976 0.00111616
2977 0.00102043
2978 0.00109076
2979 0.00103718
2980 0.00104964
2981 0.000979364
2982 0.000926197
2983 0.00104189
2984 0.000995278
2985 0.000861049
2986 0.000744224
2987 0.000713587
2988 0.00066185
2989 0.000641167
2990 0.000645518
2991 0.0005458
2992 0.000667095
2993 0.000551581
2994 0.000493467
2995 0.000470519
2996 0.00044173
2997 0.000427127
2998 0.000522137
2999 0.000487804
3000 0.000447333
3001 0.000522316
3002 0.000445247
3003 0.000479519
3004 0.000468791
3005 0.00047636
3006 0.000583529
3007 0.000470281
3008 0.000413299
3009 0.000449359
3010 0.000442207
3011 0.000350773
3012 0.000395119
3013 0.000392079
3014 0.000463188
3015 0.000461459
3016 0.00052464
3017 0.000448883
3018 0.000607073
3019 0.000489712
3020 0.000458956
3021 0.000512481
3022 0.0005247
3023 0.000605285
3024 0.000690222
3025 0.000651598
3026 0.000725806
3027 0.000681996
3028 0.000763178
3029 0.000748456
3030 0.000801325
3031 0.000828147
3032 0.000844657
3033 0.00082624
3034 0.000813127
3035 0.000798047
3036 0.000748336
3037 0.000677228
3038 0.000790775
3039 0.000776887
3040 0.000777066
3041 0.000763535
3042 0.000705481
3043 0.000625968
3044 0.00056982
3045 0.000551224
3046 0.000489354
3047 0.000428855
3048 0.000426292
3049 0.000407815
3050 0.000319421
3051 0.000195801
3052 0.000189185
3053 0.000224173
3054 0.000291646
3055 0.00019592
3056 0.000232875
3057 0.000331581
3058 0.00030148
3059 0.000308931
3060 0.000431716
3061 0.000361741
3062 0.00039804
3063 0.000307381
3064 0.000242829
3065 0.000245571
3066 0.000261307
3067 0.000178814
3068 0.000117242
3069 0.00016582
3070 0.000222921
3071 0.000315607
3072 0.000274181
3073 0.000318766
3074 0.000260055
3075 0.000243545
3076 0.000209153
3077 0.000151098
3078 0.000200808
3079 0.000216424
3080 0.000259042
3081 0.000260055
3082 0.000257432
3083 0.000292957
3084 0.00013423
3085 0.000250518
3086 0.000265598
3087 0.000270009
3088 0.000298381
3089 0.000230372
3090 0.000216782
3091 0.000214398
3092 0.000192404
3093 0.000272751
3094 0.000315249
3095 0.000253797
3096 0.000197828
3097 0.000138104
3098 0.00011456
3099 1.14441e-05
3100 0.000106335
3101 -0.00010556
3102 -7.19428e-05
3103 -7.80821e-06
3104 -7.06613e-05
3105 6.43134e-05
3106 2.85506e-05
3107 0.000101745
3108 0.000166416
3109 0.000161707
3110 0.000112534
3111 0.000111461
3112 5.47171e-05
3113 6.65188e-05
3114 8.70228e-06
3115 6.90818e-05
3116 1.13249e-05
3117 -1.87159e-05
3118 1.72853e-05
3119 -0.00011766
3120 -8.31187e-05
3121 -7.30157e-06
3122 -0.000106931
3123 -4.77433e-05
3124 -9.35197e-05
3125 -0.000126898
3126 -9.0003e-05
3127 -6.69062e-05
3128 -9.498e-05
3129 -4.87268e-05
3130 -8.10325e-05
3131 -6.55949e-05
3132 -0.000109702
3133 -7.56979e-05
3134 -0.000142425
3135 -0.000322104
3136 -0.000208706
3137 -0.00016138
3138 -0.000132173
3139 -0.000223875
3140 -0.000247687
3141 -0.000324935
3142 -0.000275522
3143 -0.000194341
3144 -0.000202745
3145 -0.000204831
3146 -0.000321358
3147 -0.000340432
3148 -0.0002428
3149 -0.000320286
3150 -0.000183582
3151 -0.000226766
3152 -0.000233084
3153 -0.000266105
3154 -0.000246167
3155 -0.000308454
3156 -0.000271022
3157 -0.000329673
3158 -0.000267833
3159 -0.000207514
3160 -0.000266314
3161 -0.000302255
3162 -0.000260681
3163 -0.000175864
3164 -0.000324786
3165 -0.000415117
3166 -0.000353813
3167 -0.000404626
3168 -0.000394166
3169 -0.000470668
3170 -0.000507593
3171 -0.000477821
3172 -0.000609815
3173 -0.000642061
3174 -0.00070253
3175 -0.000678986
3176 -0.000624955
3177 -0.000759006
3178 -0.000637263
3179 -0.000621229
3180 -0.000581771
3181 -0.000533611
3182 -0.000550419
3183 -0.00052458
3184 -0.000597596
3185 -0.00067997
3186 -0.000669241
3187 -0.000545591
3188 -0.000586003
3189 -0.000570774
3190 -0.000565737
3191 -0.000569433
3192 -0.000557631
3193 -0.000487357
3194 -0.000594169
3195 -0.000570416
3196 -0.000584185
3197 -0.000450581
3198 -0.000466645
3199 -0.000450552
3200 -0.000482142
3201 -0.000431478
3202 -0.000414282
3203 -0.000467271
3204 -0.000530005
3205 -0.000460058
3206 -0.00050649
3207 -0.000625193
3208 -0.000573486
3209 -0.000667632
3210 -0.00070852
3211 -0.000692338
3212 -0.000769645
3213 -0.000762165
3214 -0.000746608
3215 -0.000725955
3216 -0.000711888
3217 -0.000621885
3218 -0.000623435
3219 -0.000634015
3220 -0.00058794
3221 -0.000304967
3222 -0.000299782
3223 -0.000281334
3224 -0.000100166
3225 -4.80115e-05
3226 -0.000138074
3227 -6.85453e-05
3228 -0.000152797
3229 -0.000133812
3230 -0.000116646
3231 -3.08156e-05
3232 8.15392e-05
3233 0.00017035
3234 0.000213861
3235 0.000149846
3236 0.00018698
3237 0.000203609
3238 0.00025332
3239 0.000348389
3240 0.000307918
3241 0.000326633
3242 0.000336111
3243 0.000444949
3244 0.000372767
3245 0.000437319
3246 0.000538826
3247 0.000551939
3248 0.000635564
3249 0.000646412
3250 0.000522673
3251 0.000671208
3252 0.000650704
3253 0.000609338
3254 0.000671327
3255 0.000587881
3256 0.000677109
3257 0.000644624
3258 0.000723183
3259 0.000755012
3260 0.00072068
3261 0.000700593
3262 0.000655174
3263 0.000674248
3264 0.000740826
3265 0.00073874
3266 0.000824988
3267 0.000882924
3268 0.000895619
3269 0.000893176
3270 0.000861883
3271 0.00091821
3272 0.000989258
3273 0.000878811
3274 0.000989139
3275 0.00102359
3276 0.00100368
3277 0.00110495
3278 0.000955582
3279 0.000940561
3280 0.00100946
3281 0.000964165
3282 0.0010165
3283 0.00103158
3284 0.00116682
3285 0.00110286
3286 0.00122297
3287 0.00130808
3288 0.00139785
3289 0.00137657
3290 0.00141943
3291 0.0013116
3292 0.00138074
3293 0.00134659
3294 0.00143945
3295 0.00153583
3296 0.00152141
3297 0.00154364
3298 0.00161916
3299 0.00162542
3300 0.00176239
3301 0.00167018
3302 0.00169921
3303 0.00174052
3304 0.00163424
3305 0.0016669
3306 0.00168079
3307 0.00175297
3308 0.00184661
3309 0.00174266
3310 0.00193262
3311 0.00186193
3312 0.00179875
3313 0.00179493
3314 0.00178677
3315 0.00170934
3316 0.00162292
3317 0.00173897
3318 0.00164455
3319 0.00168765
3320 0.00170845
3321 0.00168085
3322 0.00164014
3323 0.00161666
3324 0.00165504
3325 0.00156581
3326 0.00155771
3327 0.00148761
3328 0.00146067
3329 0.0015949
3330 0.00158995
3331 0.00159693
3332 0.00160748
3333 0.00165427
3334 0.00157624
3335 0.00167036
3336 0.00160819
3337 0.00152743
3338 0.00156945
3339 0.00158083
3340 0.0015136
3341 0.00151718
3342 0.0016163
3343 0.00167298
3344 0.00162321
3345 0.0016675
3346 0.00174671
3347 0.00177103
3348 0.00179511
3349 0.00183582
3350 0.00181967
3351 0.00181752
3352 0.00190681
3353 0.00190347
3354 0.001984
3355 0.00191587
3356 0.00189108
3357 0.00196654
3358 0.00197506
3359 0.00205135
3360 0.00199765
3361 0.00201321
3362 0.00195271
3363 0.00198746
3364 0.00200605
3365 0.00195229
3366 0.00202745
3367 0.00195539
3368 0.00194508
3369 0.00193578
3370 0.00190061
3371 0.00187021
3372 0.001827
3373 0.00179559
3374 0.00177908
3375 0.0017609
3376 0.00177824
3377 0.00166023
3378 0.00158346
3379 0.00149971
3380 0.00150633
3381 0.00151122
3382 0.00148296
3383 0.00150454
3384 0.00144041
3385 0.0013957
3386 0.00127846
3387 0.00130594
3388 0.00133801
3389 0.00127715
3390 0.00130355
3391 0.00118214
3392 0.00123614
3393 0.00112122
3394 0.00110668
3395 0.00107062
3396 0.00103009
3397 0.000889421
3398 0.000829935
3399 0.000871599
3400 0.000867307
3401 0.000882864
3402 0.000863314
3403 0.00095439
3404 0.000826538
3405 0.000854433
3406 0.00090754
3407 0.000985384
3408 0.000875473
3409 0.000852108
3410 0.00085181
3411 0.000884354
3412 0.00086087
3413 0.000804126
3414 0.000840545
3415 0.000757515
3416 0.000773549
3417 0.000810981
3418 0.000791073
3419 0.000794649
3420 0.000763953
3421 0.000800967
3422 0.000754714
3423 0.000824392
3424 0.000717759
3425 0.000578642
3426 0.00054884
3427 0.000603318
3428 0.000476301
3429 0.000422299
3430 0.000387907
3431 0.0003106
3432 0.000374496
3433 0.0003739
3434 0.000407219
3435 0.000373363
3436 0.000448048
3437 0.000423014
3438 0.000484049
3439 0.000387847
3440 0.000423729
3441 0.000457883
3442 0.000385046
3443 0.000330091
3444 0.000343859
3445 0.000378728
3446 0.000380874
3447 0.000395298
3448 0.00051713
3449 0.000571907
3450 0.000537753
3451 0.000578284
3452 0.000447929
3453 0.000524521
3454 0.000451863
3455 0.000420272
3456 0.000370443
3457 0.000386298
3458 0.000269532
3459 0.000327528
3460 0.000282824
3461 0.000293136
3462 0.000357807
3463 0.000347435
3464 0.000360012
3465 0.000313878
3466 0.000349104
3467 0.000432134
3468 0.000406742
3469 0.000412881
3470 0.00045222
3471 0.000409186
3472 0.000441551
3473 0.000545204
3474 0.000519633
3475 0.000471056
3476 0.000550866
3477 0.000584304
3478 0.000442982
3479 0.000465751
3480 0.000603259
3481 0.000629425
3482 0.000814855
3483 0.000828326
3484 0.000877202
3485 0.00087142
3486 0.000792742
3487 0.000860155
3488 0.000903189
3489 0.000885844
3490 0.000891984
3491 0.000997603
3492 0.000980675
3493 0.000891864
3494 0.000894964
3495 0.000732303
3496 0.000740111
3497 0.000837684
3498 0.000988781
3499 0.00108033
