# rotation correlation for "bonds: name(#1) Ow and name(#2) Hw" in LiCl-1M/0-GPa/bulk.nc
# step value
0 0.999999
1 0.778909
2 0.712464
3 0.660777
4 0.622049
5 0.590745
6 0.563141
7 0.537798
8 0.51407
9 0.492099
10 0.471339
11 0.451927
12 0.433567
13 0.416227
14 0.399728
15 0.38424
16 0.369504
17 0.355468
18 0.342267
19 0.329556
20 0.317412
21 0.305725
22 0.294643
23 0.284084
24 0.273982
25 0.264251
26 0.254891
27 0.245963
28 0.237471
29 0.229216
30 0.221269
31 0.213668
32 0.206379
33 0.199487
34 0.192737
35 0.186393
36 0.180138
37 0.174177
38 0.168431
39 0.162991
40 0.157654
41 0.152423
42 0.147519
43 0.142805
44 0.1381
45 0.13361
46 0.129377
47 0.125246
48 0.121277
49 0.117392
50 0.113698
51 0.110189
52 0.106708
53 0.103422
54 0.100225
55 0.0971465
56 0.094155
57 0.0913068
58 0.0884437
59 0.0858422
60 0.0832679
61 0.0808066
62 0.0784079
63 0.0760468
64 0.073768
65 0.0716771
66 0.0694975
67 0.0674346
68 0.0654014
69 0.0634781
70 0.0615739
71 0.0597335
72 0.0580433
73 0.056251
74 0.0546128
75 0.0529324
76 0.0513802
77 0.0498196
78 0.048416
79 0.0470325
80 0.0456794
81 0.0443751
82 0.0430523
83 0.0418152
84 0.0405757
85 0.0393672
86 0.0382286
87 0.0371414
88 0.0360542
89 0.0350969
90 0.0340612
91 0.0330614
92 0.0321909
93 0.0312526
94 0.0303704
95 0.0296346
96 0.0288876
97 0.0280237
98 0.0272228
99 0.0264602
100 0.0256563
101 0.0250405
102 0.0243879
103 0.0237423
104 0.0231742
105 0.0225832
106 0.022079
107 0.0215319
108 0.0209545
109 0.0204154
110 0.0200085
111 0.0194987
112 0.0190076
113 0.0185157
114 0.0180842
115 0.0176408
116 0.0171779
117 0.0168291
118 0.0164163
119 0.0160133
120 0.0155732
121 0.0151417
122 0.0147918
123 0.0144882
124 0.0141258
125 0.0137491
126 0.0134243
127 0.0130599
128 0.012719
129 0.0124587
130 0.0122058
131 0.0119847
132 0.0117972
133 0.0115355
134 0.0113419
135 0.0110456
136 0.0108453
137 0.0106602
138 0.0105042
139 0.0102475
140 0.010025
141 0.00982666
142 0.00959569
143 0.00938582
144 0.0090456
145 0.00881916
146 0.00855267
147 0.00841308
148 0.00823492
149 0.00800747
150 0.00782877
151 0.00762075
152 0.00737804
153 0.0072695
154 0.00708425
155 0.00695336
156 0.00681221
157 0.00658858
158 0.00647289
159 0.00633854
160 0.0061121
161 0.00602472
162 0.0058673
163 0.00567245
164 0.00547695
165 0.00546396
166 0.00526786
167 0.00520754
168 0.00515443
169 0.0051384
170 0.0049901
171 0.00491911
172 0.004852
173 0.00480223
174 0.00463575
175 0.00452775
176 0.00444406
177 0.00430858
178 0.00428635
179 0.00421315
180 0.00415415
181 0.00408614
182 0.00401223
183 0.00392765
184 0.0038349
185 0.00369799
186 0.00370723
187 0.00368983
188 0.00356799
189 0.00354546
190 0.00346142
191 0.00344974
192 0.00341755
193 0.00331402
194 0.00321221
195 0.00318837
196 0.00315934
197 0.0030874
198 0.00302184
199 0.00295997
200 0.0028975
201 0.00288385
202 0.00289088
203 0.00279027
204 0.00263125
205 0.00263608
206 0.00251865
207 0.00246954
208 0.00236601
209 0.00228763
210 0.00227207
211 0.00228482
212 0.00230467
213 0.00224507
214 0.00219911
215 0.00216681
216 0.00213248
217 0.00207847
218 0.00199753
219 0.00196934
220 0.00193524
221 0.00193149
222 0.00193197
223 0.00185424
224 0.00181907
225 0.00184399
226 0.0017764
227 0.00173295
228 0.00173521
229 0.0017646
230 0.00172251
231 0.00178379
232 0.00170034
233 0.0017463
234 0.00166672
235 0.00169677
236 0.00172353
237 0.00175214
238 0.00179124
239 0.00179207
240 0.00176978
241 0.00179493
242 0.00173682
243 0.00168639
244 0.00175446
245 0.0017615
246 0.0017966
247 0.00177276
248 0.00175858
249 0.00170898
250 0.0016821
251 0.00161195
252 0.00162756
253 0.00154853
254 0.00145644
255 0.00158703
256 0.00159883
257 0.00158054
258 0.00150162
259 0.00154757
260 0.00152647
261 0.00149256
262 0.0014112
263 0.00143528
264 0.00134897
265 0.00135648
266 0.00133449
267 0.00139004
268 0.00143325
269 0.00142092
270 0.00139356
271 0.00148302
272 0.00148547
273 0.00140595
274 0.00144905
275 0.00146306
276 0.00143462
277 0.00145459
278 0.00147092
279 0.00142348
280 0.0013563
281 0.00136477
282 0.00134367
283 0.00130647
284 0.00126588
285 0.0012235
286 0.00125211
287 0.00123119
288 0.00122029
289 0.00119233
290 0.00120509
291 0.00119263
292 0.00111133
293 0.00108773
294 0.001077
295 0.00110871
296 0.00114185
297 0.00111824
298 0.00107461
299 0.00109714
300 0.00108176
301 0.00105208
302 0.00101554
303 0.000948429
304 0.00104666
305 0.000982761
306 0.00106913
307 0.000943422
308 0.000920534
309 0.000962973
310 0.000991404
311 0.00097841
312 0.000893056
313 0.000943661
314 0.000997722
315 0.000988543
316 0.000853539
317 0.000830531
318 0.000843108
319 0.000765681
320 0.000650704
321 0.000500441
322 0.000410914
323 0.000396848
324 0.000410795
325 0.000415266
326 0.000414133
327 0.000413835
328 0.000475168
329 0.000496328
330 0.000490725
331 0.000396132
332 0.000314832
333 0.000357747
334 0.000443578
335 0.000480175
336 0.000425756
337 0.000394344
338 0.000318408
339 0.000330865
340 0.000305295
341 0.000369132
342 0.000357628
343 0.000385344
344 0.00044173
345 0.000453711
346 0.000429749
347 0.000361085
348 0.000362754
349 0.000301242
350 0.000301242
351 0.00024879
352 0.000281394
353 0.000172615
354 0.000147462
355 0.000138819
356 1.14441e-05
357 -6.52671e-06
358 -6.78301e-05
359 -0.000107944
360 -0.000267148
361 -0.000257403
362 -0.000267535
363 -0.000391573
364 -0.000402927
365 -0.000410974
366 -0.000451356
367 -0.000448227
368 -0.000408798
369 -0.00041604
370 -0.000439674
371 -0.000498921
372 -0.000477731
373 -0.000546575
374 -0.000622779
375 -0.000633389
376 -0.000683486
377 -0.000667155
378 -0.000660896
379 -0.000654846
380 -0.000669569
381 -0.000664175
382 -0.000702977
383 -0.000641435
384 -0.000650793
385 -0.000710219
386 -0.000733852
387 -0.000785083
388 -0.000824869
389 -0.00083369
390 -0.000866175
391 -0.000806421
392 -0.000831157
393 -0.000858217
394 -0.000818372
395 -0.000802994
396 -0.000808209
397 -0.000831515
398 -0.000790745
399 -0.000726521
400 -0.000731885
401 -0.00077641
402 -0.000726461
403 -0.000723749
404 -0.000659078
405 -0.000638843
406 -0.000672579
407 -0.000674337
408 -0.000652313
409 -0.000680983
410 -0.000672728
411 -0.000731528
412 -0.000690669
413 -0.000621349
414 -0.000729412
415 -0.000767589
416 -0.000812232
417 -0.000845701
418 -0.000839651
419 -0.000850171
420 -0.000789493
421 -0.000787526
422 -0.000768632
423 -0.000691384
424 -0.000655711
425 -0.000687629
426 -0.000678718
427 -0.000686258
428 -0.000594705
429 -0.000613481
430 -0.000540733
431 -0.00050506
432 -0.000408918
433 -0.00032559
434 -0.000335634
435 -0.000256062
436 -0.000242561
437 -0.000241876
438 -0.000217199
439 -0.000143588
440 -0.000100434
441 3.96371e-05
442 4.60148e-05
443 1.01328e-06
444 4.76837e-07
445 -9.74536e-06
446 -2.59876e-05
447 -6.06775e-05
448 -1.69873e-06
449 -5.89192e-05
450 -1.35005e-05
451 -1.33812e-05
452 9.97186e-05
453 9.91225e-05
454 0.00014478
455 0.000234187
456 0.000232577
457 0.000244975
458 0.00022608
459 0.000333309
460 0.000263155
461 0.000274301
462 0.000252366
463 0.000250876
464 0.000265658
465 0.000402331
466 0.000438571
467 0.000382423
468 0.000346661
469 0.000375926
470 0.000305414
471 0.000326693
472 0.000291467
473 0.000344992
474 0.000303388
475 0.000340879
476 0.0003227
477 0.000346661
478 0.000407517
479 0.000402927
480 0.000339687
481 0.000201344
482 0.000125349
483 7.14064e-05
484 2.64645e-05
485 9.04202e-05
486 0.000193954
487 0.00011307
488 0.000142038
489 0.000169754
490 0.000218809
491 0.000224173
492 0.000267446
493 0.000252366
494 0.000188887
495 0.000162303
496 0.000134289
497 0.00014782
498 0.000126958
499 0.000110388
500 9.59039e-05
501 9.63807e-05
502 0.000111282
503 0.000108898
504 7.84993e-05
505 3.1054e-05
506 7.67112e-05
507 0.000113308
508 0.000111878
509 0.000118136
510 0.000161409
511 0.000154257
512 0.000154674
513 0.000182688
514 0.000139296
515 0.000196934
516 0.000209928
517 0.000256717
518 0.000290513
519 0.000199378
520 7.93338e-05
521 6.60419e-05
522 0.000113726
523 0.000169992
524 0.000169754
525 9.03606e-05
526 5.77569e-05
527 9.42349e-05
528 0.000225246
529 0.000200987
530 0.000137925
531 0.00023222
532 0.000111938
533 6.76513e-05
534 7.03335e-05
535 3.43323e-05
536 -4.35114e-05
537 1.88351e-05
538 -5.09918e-05
539 -5.53429e-05
540 -4.45545e-05
541 -0.00015974
542 -7.07805e-05
543 -0.000100791
544 -8.32975e-05
545 1.37091e-06
546 -8.96752e-05
547 4.35114e-06
548 4.76241e-05
549 1.87159e-05
550 -5.53131e-05
551 -2.67923e-05
552 -1.508e-05
553 -2.17259e-05
554 1.8537e-05
555 7.53999e-05
556 0.000179887
557 0.000108898
558 0.000135422
559 0.000194669
560 0.000192761
561 0.000152051
562 0.000188291
563 0.000182092
564 0.00016588
565 0.000219703
566 0.000245929
567 0.000296831
568 0.000261009
569 0.000277281
570 0.000260353
571 0.000237107
572 0.000227988
573 0.000222802
574 0.000161111
575 0.000149727
576 0.000130773
577 7.39694e-05
578 9.89437e-06
579 -7.92742e-06
580 -9.95398e-06
581 4.74453e-05
582 -2.98023e-05
583 -2.77162e-06
584 3.83258e-05
585 4.57168e-05
586 4.31538e-05
587 -6.88434e-06
588 2.02656e-06
589 -6.13034e-05
590 -1.69873e-06
591 4.39286e-05
592 6.42538e-05
593 1.84774e-06
594 -6.24657e-05
595 -0.000144541
596 -0.000180751
597 -0.000139713
598 -0.000195205
599 -0.000191212
600 -0.000255793
601 -0.000183672
602 -0.000231206
603 -0.000264913
604 -0.000255585
605 -0.000290364
606 -0.000282198
607 -0.00026539
608 -0.00037688
609 -0.000317097
610 -0.000264615
611 -0.000184327
612 -0.000190616
613 -0.000191182
614 -0.000141412
615 -3.46303e-05
616 5.68628e-05
617 4.95911e-05
618 7.689e-05
619 0.000114381
620 0.000180244
621 0.000201404
622 0.000232875
623 0.000218987
624 0.000292361
625 0.000301898
626 0.000291288
627 0.00033313
628 0.000355005
629 0.000333309
630 0.000326812
631 0.000322938
632 0.000322819
633 0.000348091
634 0.000397027
635 0.000334918
636 0.00031811
637 0.000192165
638 0.000226557
639 0.000270724
640 0.000329316
641 0.000228584
642 0.000207663
643 0.000218272
644 0.000209391
645 0.000202954
646 0.000114918
647 0.000153124
648 0.000101388
649 0.000184774
650 0.000136733
651 0.000125945
652 8.63075e-05
653 0.00017488
654 0.000126719
655 0.000188589
656 0.000124574
657 0.000153661
658 0.000110984
659 6.75321e-05
660 -1.87159e-05
661 6.02603e-05
662 0.000127137
663 7.99298e-05
664 8.01682e-05
665 0.000128984
666 0.000203729
667 0.00013876
668 0.000198245
669 0.000226438
670 0.000269473
671 0.000284374
672 0.000322104
673 0.000398695
674 0.000457287
675 0.000532746
676 0.0005548
677 0.000587046
678 0.000529826
679 0.000527918
680 0.000561118
681 0.000586748
682 0.000589132
683 0.000596344
684 0.000534415
685 0.000501931
686 0.000458539
687 0.000386477
688 0.000434756
689 0.00040096
690 0.00040251
691 0.000432372
692 0.000391722
693 0.000391304
694 0.000447869
695 0.000407398
696 0.000482678
697 0.000454068
698 0.000487268
699 0.000469208
700 0.000379205
701 0.000266314
702 0.000278592
703 0.00030005
704 0.000264764
705 0.000237942
706 0.00017786
707 0.000145435
708 0.000201106
709 0.000182867
710 0.000253975
711 0.000177324
712 0.000139952
713 0.000167131
714 0.000138044
715 0.000210226
716 0.000222147
717 0.000295281
718 0.000320613
719 0.000348747
720 0.000311553
721 0.000302792
722 0.000348747
723 0.000345767
724 0.000315964
725 0.000327229
726 0.000297487
727 0.000292242
728 0.000314891
729 0.000344515
730 0.000294209
731 0.000312269
732 0.000312686
733 0.0002895
734 0.000188231
735 0.000121236
736 0.000116289
737 3.92199e-05
738 9.78708e-05
739 9.13143e-05
740 7.29561e-05
741 8.36253e-05
742 6.32405e-05
743 1.77622e-05
744 0.000153661
745 9.80496e-05
746 0.00015986
747 0.000166774
748 0.000243783
749 0.000157893
750 0.000134468
751 0.000222027
752 0.000261843
753 0.000137627
754 0.000237823
755 0.000208378
756 0.000286043
757 0.000394464
758 0.000399292
759 0.00045985
760 0.000501633
761 0.00059855
762 0.000719368
763 0.000780523
764 0.000810564
765 0.000725448
766 0.000765443
767 0.000706196
768 0.000667274
769 0.000660419
770 0.000673354
771 0.000681579
772 0.000742495
773 0.000723243
774 0.00081408
775 0.000848889
776 0.000890434
777 0.000870466
778 0.0008111
779 0.000849247
780 0.000824094
781 0.000801921
782 0.000818968
783 0.000785112
784 0.000757873
785 0.000684679
786 0.000656664
787 0.000633001
788 0.000676215
789 0.000620663
790 0.000581682
791 0.000598192
792 0.000503898
793 0.000473201
794 0.000356734
795 0.000325203
796 0.000288844
797 0.000264287
798 0.000304103
799 0.000258923
800 0.00022006
801 0.00022912
802 0.000204563
803 0.000208199
804 0.000244021
805 0.000210762
806 0.000270426
807 0.000180721
808 0.000193477
809 0.000201821
810 0.000213385
811 0.000181675
812 0.000137329
813 0.000108063
814 0.000150323
815 0.000110924
816 0.000145018
817 7.98702e-05
818 0.000120044
819 0.000123084
820 0.000161707
821 0.000211835
822 0.00017941
823 0.000129402
824 4.88758e-05
825 6.59823e-05
826 2.70605e-05
827 -1.99676e-05
828 -4.78029e-05
829 -3.91006e-05
830 -0.000163853
831 -0.000184238
832 -0.000144511
833 -0.000167906
834 -0.000210106
835 -0.000251859
836 -0.000270784
837 -0.000291973
838 -0.000455916
839 -0.000444293
840 -0.000452101
841 -0.000508308
842 -0.000573099
843 -0.000662088
844 -0.000707775
845 -0.000816822
846 -0.000782073
847 -0.00075835
848 -0.000789583
849 -0.000813514
850 -0.000835121
851 -0.000921458
852 -0.000995487
853 -0.00116086
854 -0.00115538
855 -0.0010694
856 -0.0010888
857 -0.00105709
858 -0.0010747
859 -0.000942409
860 -0.000959426
861 -0.000988007
862 -0.000977814
863 -0.000939429
864 -0.00087598
865 -0.000767976
866 -0.000721872
867 -0.000690997
868 -0.000584811
869 -0.000584781
870 -0.000512093
871 -0.00047937
872 -0.000475228
873 -0.000505835
874 -0.000588804
875 -0.000597
876 -0.000611842
877 -0.00057748
878 -0.000435263
879 -0.000460267
880 -0.000450999
881 -0.000517249
882 -0.000531793
883 -0.00061065
884 -0.000566632
885 -0.000520259
886 -0.00044027
887 -0.00034675
888 -0.000520855
889 -0.000365227
890 -0.000429302
891 -0.000411779
892 -0.000349611
893 -0.000384808
894 -0.000321388
895 -0.000320256
896 -0.000356913
897 -0.000337541
898 -0.00032413
899 -0.000286698
900 -0.00025326
901 -0.000236779
902 -0.0001975
903 -0.00022915
904 -0.00016126
905 -0.000131875
906 -0.000215828
907 -0.000216722
908 -0.000254124
909 -0.000269234
910 -0.00022918
911 -0.000195444
912 -0.000104517
913 -5.18858e-05
914 -0.000111967
915 -8.72016e-05
916 -7.66814e-05
917 -3.02196e-05
918 3.93391e-06
919 -1.67787e-05
920 -2.58982e-05
921 -1.2666e-05
922 -5.36442e-06
923 5.48363e-06
924 5.56111e-05
925 0.000127017
926 7.43866e-05
927 9.90033e-05
928 0.000105858
929 0.00016582
930 0.000135303
931 6.59227e-05
932 4.26173e-05
933 0.000129998
934 0.000165999
935 0.000163019
936 0.000152647
937 0.000151098
938 0.000168443
939 0.000180781
940 0.000239968
941 0.000230968
942 0.000171781
943 0.000228107
944 0.000151753
945 0.00020498
946 0.000255287
947 0.000297666
948 0.000443459
949 0.000449598
950 0.000460684
951 0.000378311
952 0.00045228
953 0.000449717
954 0.000488222
955 0.000466526
956 0.000597596
957 0.000638187
958 0.000622392
959 0.000627697
960 0.00056237
961 0.00058645
962 0.000548363
963 0.000519514
964 0.000391722
965 0.000443578
966 0.000373781
967 0.000351071
968 0.000380158
969 0.000294566
970 0.000266731
971 0.000295818
972 0.000229955
973 0.000237763
974 0.000173092
975 0.000171602
976 0.000217438
977 0.000228047
978 0.000232518
979 0.000196934
980 0.000115633
981 8.56519e-05
982 7.92742e-06
983 -1.21593e-05
984 -9.89735e-05
985 -4.8548e-05
986 -1.60933e-06
987 -3.63588e-05
988 -8.30591e-05
989 -4.8548e-05
990 -6.7085e-05
991 -3.68357e-05
992 -7.68304e-05
993 3.14713e-05
994 4.22001e-05
995 9.0301e-05
996 0.000123978
997 0.000162125
998 0.000191808
999 0.000202537
1000 0.00022161
1001 0.000175953
1002 0.000115931
1003 3.85046e-05
1004 5.33462e-05
1005 1.01328e-05
1006 -6.64592e-06
1007 2.5332e-05
1008 0.000116765
1009 5.62072e-05
1010 -4.70877e-06
1011 -5.06341e-05
1012 -0.000122428
1013 -0.000115514
1014 -0.000171512
1015 -8.24332e-05
1016 -4.06802e-05
1017 -3.02196e-05
1018 -4.46737e-05
1019 -6.3926e-05
1020 -3.38852e-05
1021 -5.18858e-05
1022 -1.43051e-06
1023 2.51532e-05
1024 2.65241e-05
1025 1.62125e-05
1026 7.62343e-05
1027 2.26498e-05
1028 0.000150025
1029 8.95262e-05
1030 0.000108302
1031 9.15527e-05
1032 0.000104487
1033 5.91278e-05
1034 7.22408e-05
1035 1.0848e-05
1036 -3.43025e-05
1037 -2.17557e-06
1038 4.75049e-05
1039 0.000125587
1040 0.000125885
1041 0.000150084
1042 0.000184894
1043 0.000180185
1044 0.000217378
1045 0.000173092
1046 0.000147104
1047 0.00023067
1048 0.000276983
1049 0.000315785
1050 0.000401556
1051 0.000468254
1052 0.000562847
1053 0.000611544
1054 0.000662982
1055 0.000620544
1056 0.000599682
1057 0.000653565
1058 0.00075984
1059 0.000770032
1060 0.000849903
1061 0.000848472
1062 0.000844359
1063 0.000765383
1064 0.000877321
1065 0.000886679
1066 0.000911295
1067 0.000849783
1068 0.000829995
1069 0.000830233
1070 0.000938416
1071 0.000971317
1072 0.000968277
1073 0.000990927
1074 0.0010311
1075 0.000970483
1076 0.000939488
1077 0.000964344
1078 0.000948787
1079 0.00100756
1080 0.00106412
1081 0.00108081
1082 0.00115943
1083 0.00106198
1084 0.000989854
1085 0.00102752
1086 0.00092715
1087 0.000933349
1088 0.000877559
1089 0.000911117
1090 0.000904858
1091 0.000878811
1092 0.000792265
1093 0.000802577
1094 0.000788689
1095 0.000878036
1096 0.00094384
1097 0.000968337
1098 0.000972629
1099 0.000882208
1100 0.000858605
1101 0.00074929
1102 0.000679731
1103 0.000611365
1104 0.00061357
1105 0.000617087
1106 0.000653386
1107 0.00060159
1108 0.000564516
1109 0.000582874
1110 0.000522375
1111 0.000468731
1112 0.00047785
1113 0.000464559
1114 0.000410259
1115 0.000449419
1116 0.00037545
1117 0.00028801
1118 0.000237525
1119 0.000320375
1120 0.000301182
1121 0.000252247
1122 0.000230193
1123 0.000206351
1124 0.00018549
1125 0.000145137
1126 0.00014919
1127 0.000178576
1128 0.000144899
1129 0.000120759
1130 3.46303e-05
1131 -6.02007e-06
1132 -6.53267e-05
1133 -5.05745e-05
1134 -0.000136793
1135 -0.000136942
1136 -6.82473e-05
1137 -7.42078e-05
1138 -7.28369e-05
1139 -0.000251919
1140 -0.000377774
1141 -0.000422746
1142 -0.000461251
1143 -0.000487775
1144 -0.000465751
1145 -0.000510067
1146 -0.000637025
1147 -0.000561208
1148 -0.000494957
1149 -0.000512123
1150 -0.000449538
1151 -0.000363469
1152 -0.000398785
1153 -0.000465512
1154 -0.000483245
1155 -0.000444174
1156 -0.000394106
1157 -0.000348151
1158 -0.000341713
1159 -0.000276893
1160 -0.000209868
1161 -0.000261396
1162 -0.000295401
1163 -0.000265986
1164 -0.000190347
1165 -0.000196964
1166 -0.000274837
1167 -0.000191957
1168 -0.000166535
1169 -0.000176817
1170 -0.000205189
1171 -0.000192165
1172 -0.000175476
1173 -0.000130475
1174 -0.00017795
1175 -0.000206649
1176 -0.000191659
1177 -0.000128895
1178 -0.000173658
1179 -0.000227004
1180 -0.000178784
1181 -0.0001522
1182 -0.000143677
1183 -0.000159085
1184 -0.00018248
1185 -0.000150532
1186 -0.000105083
1187 -0.000157833
1188 -0.000176251
1189 -0.000171572
1190 -0.000220507
1191 -0.000202298
1192 -0.000161469
1193 -0.000204593
1194 -0.000205845
1195 -0.000231951
1196 -0.000193357
1197 -0.000204533
1198 -0.000211954
1199 -0.000213742
1200 -0.000112832
1201 -0.000179648
1202 -0.000144094
1203 -0.000181735
1204 -0.00017783
1205 -0.000163555
1206 -0.000233293
1207 -0.000236392
1208 -0.000294149
1209 -0.000350595
1210 -0.00038746
1211 -0.00028953
1212 -0.000320941
1213 -0.0002473
1214 -0.000217855
1215 -0.00012058
1216 -5.93364e-05
1217 -3.27826e-07
1218 0.00011456
1219 3.6478e-05
1220 2.06828e-05
1221 -4.00245e-05
1222 -2.16365e-05
1223 2.07424e-05
1224 1.47223e-05
1225 1.2517e-06
1226 3.76701e-05
1227 2.13981e-05
1228 -2.70605e-05
1229 4.20809e-05
1230 8.76784e-05
1231 0.000107408
1232 0.00011301
1233 0.000123501
1234 -2.65241e-06
1235 8.15392e-05
1236 1.87159e-05
1237 5.13196e-05
1238 0.00011301
1239 0.000151396
1240 0.000166416
1241 0.00016737
1242 0.000212193
1243 0.000211537
1244 0.00021863
1245 0.000173688
1246 0.000191629
1247 0.000188887
1248 0.000188947
1249 0.000258923
1250 0.000191987
1251 0.000265479
1252 0.000374913
1253 0.000336707
1254 0.000330329
1255 0.000353932
1256 0.0004372
1257 0.000421345
1258 0.000386
1259 0.000329792
1260 0.000295758
1261 0.000315666
1262 0.000326216
1263 0.000396907
1264 0.000381529
1265 0.000363171
1266 0.000446916
1267 0.000466585
1268 0.000512362
1269 0.000472367
1270 0.000536799
1271 0.000539601
1272 0.000450194
1273 0.000511944
1274 0.000460505
1275 0.000519156
1276 0.000550151
1277 0.000633895
1278 0.000707865
1279 0.000779212
1280 0.000740051
1281 0.000723541
1282 0.000837266
1283 0.000780463
1284 0.000860929
1285 0.000858009
1286 0.000948966
1287 0.000883698
1288 0.000837386
1289 0.000798881
1290 0.000666201
1291 0.000637889
1292 0.00056231
1293 0.000468612
1294 0.000496566
1295 0.000365853
1296 0.00040704
1297 0.000534058
1298 0.000550091
1299 0.000762284
1300 0.000821531
1301 0.000830889
1302 0.000794351
1303 0.000802994
1304 0.000674188
1305 0.000621736
1306 0.000610411
1307 0.000713527
1308 0.00069958
1309 0.00081104
1310 0.000716269
1311 0.000643969
1312 0.000628352
1313 0.000554442
1314 0.000563025
1315 0.000542939
1316 0.000535131
1317 0.00056386
1318 0.000443101
1319 0.000517011
1320 0.000448167
1321 0.000440896
1322 0.000439167
1323 0.000590503
1324 0.00056535
1325 0.00058955
1326 0.000513375
1327 0.000600636
1328 0.000635505
1329 0.000632524
1330 0.000567853
1331 0.000601768
1332 0.000645101
1333 0.000630379
1334 0.000636339
1335 0.000727117
1336 0.000684202
1337 0.000571549
1338 0.000645697
1339 0.000671506
1340 0.000713289
1341 0.000711501
1342 0.000699162
1343 0.000783622
1344 0.000728965
1345 0.000643194
1346 0.000685394
1347 0.000620961
1348 0.000617564
1349 0.000629425
1350 0.00060302
1351 0.000698388
1352 0.000688732
1353 0.000708222
1354 0.00085026
1355 0.000802517
1356 0.000762939
1357 0.000706792
1358 0.000817239
1359 0.000881612
1360 0.000934958
1361 0.00100851
1362 0.00100857
1363 0.000996649
1364 0.00107592
1365 0.00110823
1366 0.0011794
1367 0.00121486
1368 0.00114888
1369 0.00117207
1370 0.00115323
1371 0.00117707
1372 0.00122148
1373 0.00127786
1374 0.001396
1375 0.00142944
1376 0.00139058
1377 0.00134778
1378 0.00135654
1379 0.00131214
1380 0.00131094
1381 0.00123066
1382 0.00123388
1383 0.00120968
1384 0.00104868
1385 0.00101906
1386 0.00101948
1387 0.000983298
1388 0.0010137
1389 0.00104845
1390 0.00100327
1391 0.0010618
1392 0.00103265
1393 0.000983834
1394 0.000879645
1395 0.00077337
1396 0.000723243
1397 0.000665009
1398 0.000577688
1399 0.000642419
1400 0.000606
1401 0.000598311
1402 0.000523627
1403 0.000461638
1404 0.000363588
1405 0.00027889
1406 0.000305176
1407 0.000376642
1408 0.000355899
1409 0.000304997
1410 0.000222504
1411 0.000181675
1412 0.000192463
1413 0.000199974
1414 0.000178397
1415 0.000273049
1416 0.000230908
1417 0.000188828
1418 0.000114202
1419 9.53674e-06
1420 3.79682e-05
1421 -4.47035e-05
1422 -2.8491e-05
1423 -1.78814e-05
1424 -3.39746e-06
1425 -1.78516e-05
1426 -0.000113606
1427 -0.000150979
1428 -7.58767e-05
1429 -8.26716e-05
1430 -0.000147879
1431 -0.000194103
1432 -0.000303447
1433 -0.000301689
1434 -0.000343293
1435 -0.000272661
1436 -0.000252903
1437 -0.000198752
1438 -0.000122696
1439 -2.71201e-05
1440 -6.30915e-05
1441 -4.78923e-05
1442 -8.55029e-05
1443 -3.83556e-05
1444 4.88758e-06
1445 -8.69632e-05
1446 -6.935e-05
1447 -9.08673e-05
1448 8.46386e-06
1449 -8.81553e-05
1450 -6.24061e-05
1451 -0.000122279
1452 -9.00924e-05
1453 -9.45628e-05
1454 -0.000244468
1455 -0.000158817
1456 -0.000157237
1457 -2.44975e-05
1458 -1.21295e-05
1459 -1.8239e-05
1460 -3.57926e-05
1461 1.35303e-05
1462 -0.000108033
1463 -7.03037e-05
1464 -9.61423e-05
1465 -0.000136495
1466 -9.42945e-05
1467 -9.05097e-05
1468 -0.000116646
1469 -5.63264e-05
1470 7.92742e-06
1471 5.9247e-05
1472 8.08835e-05
1473 0.000109971
1474 0.000145257
1475 0.000140011
1476 0.000175416
1477 0.000231266
1478 0.000220239
1479 0.000218153
1480 0.000222504
1481 0.000247419
1482 0.000404179
1483 0.000366628
1484 0.000330329
1485 0.000318229
1486 0.000357389
1487 0.000440955
1488 0.000434577
1489 0.000376225
1490 0.00041765
1491 0.000473559
1492 0.000465453
1493 0.000453889
1494 0.000340283
1495 0.000333428
1496 0.000370383
1497 0.000448108
1498 0.000512421
1499 0.000602007
1500 0.000620484
1501 0.00061357
1502 0.000633478
1503 0.000627637
1504 0.000518262
1505 0.000569344
1506 0.000488818
1507 0.00059104
1508 0.000551045
1509 0.000658274
1510 0.000595272
1511 0.000594974
1512 0.000485003
1513 0.0005216
1514 0.0005849
1515 0.000670969
1516 0.000682652
1517 0.000701487
1518 0.000703633
1519 0.000760913
1520 0.000844181
1521 0.000818253
1522 0.000850499
1523 0.000793993
1524 0.000679612
1525 0.000623465
1526 0.000559211
1527 0.000537336
1528 0.000436306
1529 0.000362337
1530 0.000332654
1531 0.000357091
1532 0.000369549
1533 0.000338614
1534 0.000294089
1535 0.000385463
1536 0.000377893
1537 0.000473201
1538 0.000473678
1539 0.000545382
1540 0.000614822
1541 0.000579417
1542 0.00056392
1543 0.00055939
1544 0.00059104
1545 0.000585139
1546 0.00062114
1547 0.000681639
1548 0.000659704
1549 0.000633776
1550 0.000544548
1551 0.000582337
1552 0.000560164
1553 0.000693738
1554 0.000636876
1555 0.000518382
1556 0.000500739
1557 0.00044626
1558 0.000475764
1559 0.000423193
1560 0.000454783
1561 0.000504076
1562 0.000483811
1563 0.000526845
1564 0.000500619
1565 0.000494719
1566 0.000488043
1567 0.000436127
1568 0.00038445
1569 0.000362694
1570 0.000387013
1571 0.000411689
1572 0.000451088
1573 0.000402689
1574 0.000372171
1575 0.000456452
1576 0.000348151
1577 0.000274241
1578 0.00015527
1579 0.000135303
1580 0.000193655
1581 0.000158489
1582 0.000148535
1583 0.000116348
1584 0.000126123
1585 8.33273e-05
1586 6.70552e-05
1587 8.17776e-05
1588 1.29342e-05
1589 7.80821e-06
1590 -5.10216e-05
1591 -6.60121e-05
1592 -0.00012362
1593 -5.31375e-05
1594 -1.3113e-05
1595 7.72476e-05
1596 0.000186145
1597 0.00023967
1598 0.000333607
1599 0.000443995
1600 0.000460684
1601 0.000523031
1602 0.000544548
1603 0.000617921
1604 0.000547171
1605 0.00055325
1606 0.000431597
1607 0.000486016
1608 0.000480533
1609 0.000449419
1610 0.000509262
1611 0.000605106
1612 0.000520647
1613 0.000526309
1614 0.000506699
1615 0.000438213
1616 0.000358641
1617 0.000293672
1618 0.000249147
1619 0.000272572
1620 0.000126541
1621 7.64728e-05
1622 0.000115633
1623 0.000242531
1624 0.000238121
1625 0.000201881
1626 0.000143468
1627 0.000126302
1628 0.000112951
1629 9.01818e-05
1630 -4.08292e-06
1631 -5.21541e-05
1632 -0.000101894
1633 -0.00013423
1634 -0.000226647
1635 -0.000319928
1636 -0.00035429
1637 -0.000325203
1638 -0.000286102
1639 -0.000240833
1640 -0.000196993
1641 -8.16882e-05
1642 3.8147e-06
1643 -5.9396e-05
1644 -1.91331e-05
1645 4.94123e-05
1646 7.34925e-05
1647 2.80142e-06
1648 -2.32756e-05
1649 2.45571e-05
1650 2.62856e-05
1651 3.60012e-05
1652 -2.58088e-05
1653 -2.66433e-05
1654 -5.60284e-06
1655 5.70416e-05
1656 9.20296e-05
1657 0.000112176
1658 7.89762e-05
1659 9.05991e-05
1660 7.74264e-05
1661 7.7188e-05
1662 7.82609e-05
1663 7.34925e-05
1664 4.50611e-05
1665 2.82526e-05
1666 0.000106573
1667 0.000166774
1668 0.000118375
1669 0.00014627
1670 2.0802e-05
1671 6.65784e-05
1672 9.77516e-06
1673 1.49012e-05
1674 -4.44353e-05
1675 -6.11544e-05
1676 -0.000219434
1677 -0.000302732
1678 -0.000254303
1679 -0.000375658
1680 -0.000270963
1681 -0.000255674
1682 -0.000283509
1683 -0.000313491
1684 -0.000399768
1685 -0.000297844
1686 -0.000217319
1687 -0.000179678
1688 -0.000157863
1689 -0.000233501
1690 -0.000260025
1691 -0.000298381
1692 -0.000333279
1693 -0.000370502
1694 -0.000301093
1695 -0.000422657
1696 -0.000448436
1697 -0.000511974
1698 -0.000379533
1699 -0.000421703
1700 -0.000460744
1701 -0.00039202
1702 -0.000374317
1703 -0.000436693
1704 -0.00041759
1705 -0.000508189
1706 -0.000555605
1707 -0.000569105
1708 -0.000616819
1709 -0.00062272
1710 -0.000530362
1711 -0.000627309
1712 -0.000675023
1713 -0.000646889
1714 -0.000715286
1715 -0.000759721
1716 -0.000783235
1717 -0.000796825
1718 -0.000843912
1719 -0.00078389
1720 -0.000708222
1721 -0.000729054
1722 -0.000712484
1723 -0.000696063
1724 -0.000709891
1725 -0.000751913
1726 -0.000787675
1727 -0.000742495
1728 -0.000700802
1729 -0.000667989
1730 -0.000630975
1731 -0.000472248
1732 -0.000387669
1733 -0.000455141
1734 -0.000399917
1735 -0.000378639
1736 -0.000271022
1737 -0.000313103
1738 -0.000275373
1739 -0.000243127
1740 -0.000214636
1741 -0.00016734
1742 -0.000164241
1743 -0.000241667
1744 -0.000218511
1745 -0.000264943
1746 -0.000220954
1747 -0.000274032
1748 -0.000222385
1749 -0.000194371
1750 -0.000267237
1751 -0.000257134
1752 -0.000246257
1753 -0.000203699
1754 -0.000251591
1755 -0.000334948
1756 -0.000317633
1757 -0.000303656
1758 -0.000261992
1759 -0.000327319
1760 -0.000326961
1761 -0.000341237
1762 -0.000208944
1763 -0.000152946
1764 -0.000145108
1765 -0.000129342
1766 -0.000221133
1767 -0.000210375
1768 -0.000250965
1769 -0.000265032
1770 -0.00026688
1771 -0.000263244
1772 -0.000242919
1773 -0.000199378
1774 -0.000239581
1775 -0.000303745
1776 -0.000338495
1777 -0.000280291
1778 -0.000261128
1779 -0.00028199
1780 -0.000271112
1781 -0.000206441
1782 -0.000221431
1783 -0.000291973
1784 -0.000376761
1785 -0.000428826
1786 -0.000480145
1787 -0.00046277
1788 -0.000406206
1789 -0.000299394
1790 -0.000264108
1791 -0.000384778
1792 -0.00041008
1793 -0.000401855
1794 -0.000483841
1795 -0.000439942
1796 -0.000501364
1797 -0.000445783
1798 -0.000396669
1799 -0.000416994
1800 -0.000416636
1801 -0.000468642
1802 -0.000472367
1803 -0.000502735
1804 -0.000520438
1805 -0.000511259
1806 -0.000424594
1807 -0.000527978
1808 -0.000479668
1809 -0.000496179
1810 -0.000458091
1811 -0.000459164
1812 -0.000569791
1813 -0.000597537
1814 -0.00054884
1815 -0.000581175
1816 -0.000595421
1817 -0.000655115
1818 -0.000647485
1819 -0.000695527
1820 -0.000701755
1821 -0.000754833
1822 -0.000823051
1823 -0.000911146
1824 -0.00104633
1825 -0.00112897
1826 -0.00111076
1827 -0.00118339
1828 -0.00117856
1829 -0.00111839
1830 -0.0010584
1831 -0.000959218
1832 -0.000958651
1833 -0.00101125
1834 -0.000957191
1835 -0.00104642
1836 -0.00117031
1837 -0.00124484
1838 -0.00124621
1839 -0.00125685
1840 -0.00121608
1841 -0.00127953
1842 -0.00133142
1843 -0.00120974
1844 -0.00112787
1845 -0.00109106
1846 -0.00103545
1847 -0.00102514
1848 -0.000926137
1849 -0.000933588
1850 -0.000963151
1851 -0.000941038
1852 -0.000744581
1853 -0.000708431
1854 -0.00065881
1855 -0.000586212
1856 -0.000593781
1857 -0.000554711
1858 -0.000495315
1859 -0.000494391
1860 -0.000398874
1861 -0.000261188
1862 -0.00029543
1863 -0.000294805
1864 -0.000218987
1865 -0.000234574
1866 -0.000133455
1867 -0.000212848
1868 -0.000147432
1869 -6.37174e-05
1870 -0.000123709
1871 -7.80523e-05
1872 -6.47604e-05
1873 -0.000190914
1874 -0.000126362
1875 -0.000111371
1876 -9.92119e-05
1877 -5.0962e-05
1878 -5.48065e-05
1879 -6.14226e-05
1880 -2.08616e-06
1881 -6.4671e-06
1882 5.11408e-05
1883 2.0504e-05
1884 -6.00517e-05
1885 9.11951e-06
1886 -1.90735e-05
1887 8.38041e-05
1888 5.94258e-05
1889 1.10865e-05
1890 0.000108242
1891 0.000113785
1892 0.00012213
1893 0.00016129
1894 0.000196934
1895 0.000133097
1896 0.000183523
1897 0.000168264
1898 0.00020659
1899 0.000159502
1900 0.000106812
1901 0.000149131
1902 0.000111401
1903 0.000284374
1904 0.000390351
1905 0.000452816
1906 0.000531077
1907 0.000550568
1908 0.000509441
1909 0.000463963
1910 0.00050652
1911 0.000464439
1912 0.000527263
1913 0.000411451
1914 0.00033474
1915 0.000269294
1916 0.00025624
1917 0.000227213
1918 0.000188828
1919 0.000127435
1920 5.10216e-05
1921 0.000105798
1922 0.000119269
1923 1.74642e-05
1924 4.04716e-05
1925 -9.36091e-05
1926 1.09673e-05
1927 2.45571e-05
1928 -3.53456e-05
1929 -6.32703e-05
1930 -4.51803e-05
1931 -9.76026e-05
1932 -6.41048e-05
1933 -5.80251e-05
1934 -7.05421e-05
1935 -7.1764e-05
1936 -4.14252e-05
1937 -2.6077e-05
1938 -5.54025e-05
1939 6.49691e-06
1940 -3.93093e-05
1941 9.92417e-05
1942 0.000162899
1943 5.42998e-05
1944 0.00014174
1945 0.000130951
1946 0.000118077
1947 0.000116467
1948 0.000147998
1949 0.000211298
1950 0.000123322
1951 0.00021863
1952 0.000174224
1953 0.00024724
1954 0.00024569
1955 0.000339568
1956 0.000444055
1957 0.000474155
1958 0.000353932
1959 0.00052011
1960 0.00061816
1961 0.000647306
1962 0.000659823
1963 0.000660062
1964 0.00072968
1965 0.000703931
1966 0.000709534
1967 0.000757158
1968 0.000691116
1969 0.00082171
1970 0.000722647
1971 0.000665128
1972 0.000688493
1973 0.000731945
1974 0.00079447
1975 0.000881374
1976 0.000855803
1977 0.000847399
1978 0.000850081
1979 0.000804961
1980 0.00084132
1981 0.000758588
1982 0.000745118
1983 0.000777006
1984 0.000813603
1985 0.000772953
1986 0.000724494
1987 0.000677705
1988 0.000742197
1989 0.000783741
1990 0.000770867
1991 0.00070256
1992 0.000678837
1993 0.000677884
1994 0.000739157
1995 0.000748396
1996 0.000660598
1997 0.000517368
1998 0.000503421
1999 0.000447869
2000 0.000502944
2001 0.000541747
2002 0.000511169
2003 0.00057286
2004 0.000529587
2005 0.000576317
2006 0.000542223
2007 0.000538945
2008 0.000448704
2009 0.000457704
2010 0.000362456
2011 0.000273526
2012 0.000215828
2013 0.000198245
2014 0.000202
2015 0.000105619
2016 -4.47035e-06
2017 4.11272e-06
2018 -0.000110686
2019 -0.000195682
2020 -0.000147909
2021 -0.000251591
2022 -0.000259072
2023 -0.000213295
2024 -0.000378668
2025 -0.00041008
2026 -0.000415534
2027 -0.000482082
2028 -0.000466347
2029 -0.000423998
2030 -0.000534773
2031 -0.000550032
2032 -0.000532091
2033 -0.000559866
2034 -0.000519842
2035 -0.000446856
2036 -0.000424266
2037 -0.000387132
2038 -0.000360012
2039 -0.000397861
2040 -0.000390857
2041 -0.000449479
2042 -0.000381708
2043 -0.00039494
2044 -0.000340164
2045 -0.000329614
2046 -0.000251353
2047 -0.000215232
2048 -0.00023362
2049 -0.000204742
2050 -0.000100523
2051 6.20484e-05
2052 6.20484e-05
2053 -1.73748e-05
2054 -0.00010252
2055 -8.49962e-05
2056 -0.000102639
2057 -3.69251e-05
2058 4.25577e-05
2059 6.81281e-05
2060 0.000103712
2061 5.34058e-05
2062 7.11679e-05
2063 -6.11842e-05
2064 -4.81904e-05
2065 1.87159e-05
2066 2.18153e-05
2067 5.50747e-05
2068 8.90493e-05
2069 0.000141144
2070 0.00014627
2071 0.000261784
2072 0.000247061
2073 0.000164211
2074 0.000184417
2075 0.000114739
2076 -1.40667e-05
2077 2.19345e-05
2078 -6.72638e-05
2079 -7.85887e-05
2080 -0.000119299
2081 -0.000224888
2082 -0.000221521
2083 -0.000138849
2084 -7.42376e-05
2085 -1.98185e-05
2086 -4.39584e-05
2087 -4.04716e-05
2088 2.74181e-06
2089 3.18885e-05
2090 -2.2918e-05
2091 2.15173e-05
2092 5.36442e-07
2093 1.84774e-06
2094 -0.000109047
2095 -8.08239e-05
2096 -0.000133783
2097 -5.93066e-06
2098 2.75373e-05
2099 -6.86646e-05
2100 -3.37362e-05
2101 5.68032e-05
2102 4.29153e-05
2103 8.88705e-05
2104 2.35438e-05
2105 -8.30293e-05
2106 4.35114e-06
2107 4.11868e-05
2108 9.91821e-05
2109 6.48499e-05
2110 0.000108421
2111 0.000124693
2112 3.71933e-05
2113 4.66108e-05
2114 0.000106275
2115 2.93255e-05
2116 0.000112474
2117 3.79086e-05
2118 7.72476e-05
2119 8.83937e-05
2120 0.000245512
2121 0.000271261
2122 0.000215173
2123 0.000206113
2124 0.000318587
2125 0.00037837
2126 0.000362337
2127 0.000433922
2128 0.000459552
2129 0.000441432
2130 0.000440955
2131 0.000356436
2132 0.000355661
2133 0.000444472
2134 0.000423014
2135 0.000487685
2136 0.000542223
2137 0.000627339
2138 0.000700474
2139 0.000720203
2140 0.000735343
2141 0.000786781
2142 0.000803232
2143 0.000713646
2144 0.000754237
2145 0.000716507
2146 0.000782132
2147 0.000760078
2148 0.000863671
2149 0.000843942
2150 0.000823438
2151 0.000757754
2152 0.000739038
2153 0.000776947
2154 0.000789106
2155 0.000791192
2156 0.000703275
2157 0.000696182
2158 0.000602007
2159 0.000553608
2160 0.000530064
2161 0.000593185
2162 0.0006392
2163 0.000652075
2164 0.000778615
2165 0.000778139
2166 0.000697851
2167 0.000714719
2168 0.000696659
2169 0.000637114
2170 0.000698566
2171 0.000725806
2172 0.000775516
2173 0.000765204
2174 0.000737429
2175 0.000751436
2176 0.000728667
2177 0.000719011
2178 0.000660717
2179 0.000699699
2180 0.000682116
2181 0.000594258
2182 0.000640452
2183 0.000628531
2184 0.000568807
2185 0.000573277
2186 0.00063926
2187 0.000742912
2188 0.000773311
2189 0.000798404
2190 0.000759125
2191 0.000687301
2192 0.000633538
2193 0.000592232
2194 0.000637412
2195 0.000756681
2196 0.000706136
2197 0.000648916
2198 0.000677943
2199 0.000628889
2200 0.000675082
2201 0.000702679
2202 0.000735939
2203 0.000735581
2204 0.000780404
2205 0.000661254
2206 0.000658095
2207 0.000694036
2208 0.00072068
2209 0.000726819
2210 0.000688314
2211 0.000655711
2212 0.000552833
2213 0.000533104
2214 0.000475228
2215 0.000459433
2216 0.000418961
2217 0.000373662
2218 0.000471592
2219 0.000365853
2220 0.000412762
2221 0.000459313
2222 0.000478983
2223 0.000379026
2224 0.000360191
2225 0.000287414
2226 0.000249743
2227 0.000218987
2228 0.000104427
2229 8.80957e-05
2230 9.60827e-05
2231 -1.83284e-05
2232 -8.72016e-05
2233 -0.000213385
2234 -0.000271022
2235 -0.000329375
2236 -0.000447571
2237 -0.000489235
2238 -0.000469178
2239 -0.00059095
2240 -0.000665992
2241 -0.000622153
2242 -0.000669509
2243 -0.000645608
2244 -0.000720173
2245 -0.000748485
2246 -0.000752658
2247 -0.000753403
2248 -0.000723422
2249 -0.000620723
2250 -0.000598758
2251 -0.000619888
2252 -0.000706315
2253 -0.000573933
2254 -0.000578195
2255 -0.000730395
2256 -0.000738591
2257 -0.000744402
2258 -0.000818729
2259 -0.000800401
2260 -0.000862747
2261 -0.000873536
2262 -0.000855118
2263 -0.000895053
2264 -0.000822246
2265 -0.000721335
2266 -0.000584245
2267 -0.000472784
2268 -0.000404239
2269 -0.000253588
2270 -0.000183314
2271 -0.000264049
2272 -0.000317097
2273 -0.000153661
2274 -0.000104785
2275 -0.00015673
2276 -0.000107199
2277 -9.95398e-05
2278 -0.000150502
2279 -0.000236779
2280 -0.000167578
2281 -0.00015986
2282 -0.000142962
2283 -0.000105619
2284 -0.000108331
2285 -7.37011e-05
2286 -0.00013119
2287 -0.0001297
2288 -0.000169754
2289 -7.64728e-05
2290 -0.000195086
2291 -0.000249296
2292 -0.000299066
2293 -0.000314355
2294 -0.000297874
2295 -0.000258118
2296 -0.000216037
2297 -0.000116646
2298 -0.000146955
2299 2.08616e-06
2300 4.30942e-05
2301 -0.000153303
2302 -0.00017482
2303 -0.000207931
2304 -0.000253469
2305 -0.000302196
2306 -0.000354618
2307 -0.000436723
2308 -0.000394702
2309 -0.000427097
2310 -0.000296563
2311 -0.000280678
2312 -0.00029844
2313 -0.000410914
2314 -0.000388861
2315 -0.000367314
2316 -0.000335842
2317 -0.000396043
2318 -0.000341713
2319 -0.000378102
2320 -0.00036189
2321 -0.000407964
2322 -0.000383377
2323 -0.000332683
2324 -0.000244468
2325 -0.000264853
2326 -0.000247687
2327 -0.000223964
2328 -0.000203818
2329 -0.000144571
2330 -6.22272e-05
2331 -3.3766e-05
2332 -7.93934e-05
2333 -0.000101566
2334 5.126e-06
2335 -6.33597e-05
2336 -0.000119925
2337 4.48823e-05
2338 7.39098e-05
2339 0.000119805
2340 0.000224888
2341 0.000332236
2342 0.000383556
2343 0.000340044
2344 0.000249863
2345 0.000223219
2346 0.000350833
2347 0.000352859
2348 0.000519216
2349 0.000525594
2350 0.000637949
2351 0.000650287
2352 0.000672162
2353 0.000640333
2354 0.000701129
2355 0.000740707
2356 0.00070858
2357 0.000695467
2358 0.000624835
2359 0.000492215
2360 0.00052768
2361 0.000558436
2362 0.000559747
2363 0.000645459
2364 0.000577033
2365 0.000588417
2366 0.000478327
2367 0.000435948
2368 0.000320733
2369 0.000320673
2370 0.000399947
2371 0.000340343
2372 0.000271678
2373 0.000207007
2374 0.000288129
2375 0.000245094
2376 0.000251353
2377 0.000197172
2378 0.000170827
2379 0.00011003
2380 0.000111878
2381 0.000134945
2382 0.000106096
2383 8.41618e-05
2384 7.689e-06
2385 -4.04716e-05
2386 5.72205e-06
2387 7.37906e-05
2388 0.000205755
2389 0.000257134
2390 0.000278056
2391 0.000320196
2392 0.00023216
2393 0.00021708
2394 0.000189245
2395 0.000269175
2396 0.000320017
2397 0.000239789
2398 0.00020802
2399 0.000197887
2400 0.000174165
2401 0.000193834
2402 0.000161052
2403 0.00010258
2404 2.45571e-05
2405 -3.16501e-05
2406 -0.000133187
2407 -0.000262916
2408 -0.00029251
2409 -0.000354052
2410 -0.000304788
2411 -0.000290215
2412 -0.000265688
2413 -0.000241339
2414 -0.000185549
2415 -0.000229061
2416 -0.000181854
2417 -0.000206441
2418 -0.000185758
2419 -0.000279158
2420 -0.000386566
2421 -0.000306547
2422 -0.000479996
2423 -0.00043425
2424 -0.000463158
2425 -0.000450909
2426 -0.000531554
2427 -0.000576198
2428 -0.000618607
2429 -0.000617981
2430 -0.000529766
2431 -0.000562608
2432 -0.000678867
2433 -0.000728846
2434 -0.000556797
2435 -0.000655502
2436 -0.000539899
2437 -0.000490427
2438 -0.000612229
2439 -0.000565737
2440 -0.000582874
2441 -0.000573426
2442 -0.000595719
2443 -0.000683844
2444 -0.000706583
2445 -0.000681281
2446 -0.000642449
2447 -0.000519693
2448 -0.000570834
2449 -0.000555128
2450 -0.000417948
2451 -0.000328124
2452 -0.000348836
2453 -0.000301719
2454 -0.000344336
2455 -0.000316292
2456 -0.000313282
2457 -0.00022611
2458 -0.000197351
2459 -0.000120878
2460 -0.00017947
2461 -0.000200629
2462 -4.77731e-05
2463 -9.42945e-05
2464 -2.23815e-05
2465 -1.59144e-05
2466 -4.58956e-05
2467 -3.88026e-05
2468 5.42402e-05
2469 5.71609e-05
2470 0.000123501
2471 0.000132203
2472 0.000280142
2473 0.00045675
2474 0.000572503
2475 0.000577211
2476 0.000736475
2477 0.000718951
2478 0.000668406
2479 0.00056535
2480 0.00056541
2481 0.000516534
2482 0.000536084
2483 0.000467956
2484 0.000459969
2485 0.000433683
2486 0.00034517
2487 0.000374794
2488 0.000371814
2489 0.000398636
2490 0.000347853
2491 0.000173986
2492 0.000184178
2493 0.000102341
2494 8.48174e-05
2495 3.35574e-05
2496 -4.18723e-05
2497 -0.000148416
2498 -0.000145048
2499 -0.000240684
2500 -0.000259936
2501 -0.00032866
2502 -0.000296742
2503 -0.000312448
2504 -0.000345916
2505 -0.000336945
2506 -0.000418037
2507 -0.000399023
2508 -0.000386834
2509 -0.000461787
2510 -0.000493526
2511 -0.000497282
2512 -0.000484973
2513 -0.000547856
2514 -0.000581682
2515 -0.000462979
2516 -0.000555664
2517 -0.000550956
2518 -0.000541538
2519 -0.000442922
2520 -0.000464439
2521 -0.000360638
2522 -0.000247419
2523 -0.000212491
2524 -0.000214428
2525 -0.000207365
2526 -0.000193805
2527 -0.000218928
2528 -0.000130713
2529 -0.000104815
2530 -7.7188e-06
2531 5.82337e-05
2532 0.000109196
2533 0.000129938
2534 0.00015521
2535 0.000205159
2536 0.000175536
2537 0.000224888
2538 0.000252604
2539 0.00026387
2540 0.000322163
2541 0.00029856
2542 0.000321925
2543 0.000339866
2544 0.000323832
2545 0.000420988
2546 0.000354767
2547 0.000380039
2548 0.000357449
2549 0.00028795
2550 0.000266016
2551 0.000222266
2552 0.00022763
2553 0.000280201
2554 0.000235558
2555 0.000306368
2556 0.000353575
2557 0.000348806
2558 0.000375271
2559 0.000393033
2560 0.000461757
2561 0.000417173
2562 0.000357687
2563 0.000248671
2564 0.000287294
2565 0.000307798
2566 0.000198841
2567 0.000165224
2568 0.000144541
2569 0.00013417
2570 3.78489e-05
2571 1.63317e-05
2572 -1.11461e-05
2573 -3.92795e-05
2574 -8.93772e-05
2575 -5.47171e-05
2576 -8.16286e-05
2577 -9.81688e-05
2578 -0.000127971
2579 -0.000161082
2580 -0.000117213
2581 -0.000211567
2582 -0.000221133
2583 -0.000325948
2584 -0.000353873
2585 -0.000508696
2586 -0.000528038
2587 -0.000532836
2588 -0.000610262
2589 -0.000725508
2590 -0.000697464
2591 -0.000845432
2592 -0.000956088
2593 -0.00100362
2594 -0.00106016
2595 -0.00109199
2596 -0.00107205
2597 -0.00102893
2598 -0.00100172
2599 -0.00106674
2600 -0.00109327
2601 -0.0011524
2602 -0.00124705
2603 -0.00127777
2604 -0.00134164
2605 -0.00139236
2606 -0.00142381
2607 -0.00149426
2608 -0.00155804
2609 -0.00156876
2610 -0.00152695
2611 -0.00145137
2612 -0.00144571
2613 -0.00142252
2614 -0.00143614
2615 -0.00142959
2616 -0.00143546
2617 -0.00152311
2618 -0.00162423
2619 -0.00160804
2620 -0.00159615
2621 -0.00153732
2622 -0.00152817
2623 -0.00164986
2624 -0.00161856
2625 -0.00161496
2626 -0.00161654
2627 -0.00166321
2628 -0.00164306
2629 -0.00165129
2630 -0.00160891
2631 -0.00159985
2632 -0.00154266
2633 -0.00162801
2634 -0.00159568
2635 -0.00168532
2636 -0.0016534
2637 -0.00180852
2638 -0.00179359
2639 -0.00193626
2640 -0.00199148
2641 -0.00193465
2642 -0.00201502
2643 -0.00201648
2644 -0.00199398
2645 -0.00184342
2646 -0.00189477
2647 -0.00178275
2648 -0.00176942
2649 -0.00174981
2650 -0.00174975
2651 -0.00180188
2652 -0.00182006
2653 -0.00181016
2654 -0.00181916
2655 -0.00184336
2656 -0.00180078
2657 -0.00177467
2658 -0.00178242
2659 -0.00171089
2660 -0.00164798
2661 -0.00162044
2662 -0.0016112
2663 -0.0015898
2664 -0.00158313
2665 -0.00156131
2666 -0.00146028
2667 -0.0014244
2668 -0.00137907
2669 -0.00128946
2670 -0.00131533
2671 -0.00130966
2672 -0.00125557
2673 -0.00118405
2674 -0.00102082
2675 -0.000916183
2676 -0.000910461
2677 -0.000925004
2678 -0.000971109
2679 -0.000952303
2680 -0.000993431
2681 -0.00112557
2682 -0.00116697
2683 -0.0011906
2684 -0.0012145
2685 -0.00120261
2686 -0.00123492
2687 -0.00117812
2688 -0.00125057
2689 -0.00124818
2690 -0.00131693
2691 -0.00134227
2692 -0.00149482
2693 -0.00139165
2694 -0.00156415
2695 -0.00159517
2696 -0.00158557
2697 -0.0015856
2698 -0.00165325
2699 -0.00171179
2700 -0.00181949
2701 -0.00180689
2702 -0.00194329
2703 -0.00205067
2704 -0.00202936
2705 -0.00198272
2706 -0.00193554
2707 -0.00193083
2708 -0.00192177
2709 -0.00201213
2710 -0.00204343
2711 -0.00201309
2712 -0.0019725
2713 -0.00202721
2714 -0.00204116
2715 -0.00199834
2716 -0.00198373
2717 -0.00202823
2718 -0.00205895
2719 -0.002011
2720 -0.00196102
2721 -0.00189069
2722 -0.00180811
2723 -0.00178096
2724 -0.00172189
2725 -0.00179514
2726 -0.00181782
2727 -0.00179875
2728 -0.00166476
2729 -0.00150239
2730 -0.00155523
2731 -0.00145692
2732 -0.00147527
2733 -0.00138935
2734 -0.00136784
2735 -0.00127968
2736 -0.00120166
2737 -0.00110126
2738 -0.000955462
2739 -0.0009422
2740 -0.00102425
2741 -0.000987381
2742 -0.000997752
2743 -0.000905067
2744 -0.00084281
2745 -0.000866711
2746 -0.000819296
2747 -0.000860751
2748 -0.000779867
2749 -0.000753284
2750 -0.000696838
2751 -0.000812113
2752 -0.000833392
2753 -0.000898391
2754 -0.000932306
2755 -0.00101086
2756 -0.00102064
2757 -0.00104225
2758 -0.000980794
2759 -0.00104618
2760 -0.00098449
2761 -0.000823885
2762 -0.000831813
2763 -0.000752717
2764 -0.000623494
2765 -0.000483155
2766 -0.000398725
2767 -0.000311881
2768 -0.000102997
2769 -0.000188261
2770 -0.000201851
2771 -0.000173599
2772 -0.000172883
2773 -0.000217438
2774 -0.00022766
2775 -0.000220001
2776 -0.000264347
2777 -0.000373006
2778 -0.000383586
2779 -0.000320971
2780 -0.000189602
2781 -0.000170887
2782 -0.000246793
2783 -0.000276685
2784 -0.000360817
2785 -0.000446141
2786 -0.000370681
2787 -0.000449628
2788 -0.000285119
2789 -0.000255346
2790 -0.000323117
2791 -0.000349671
2792 -0.000171036
2793 -0.000233531
2794 -0.000206113
2795 -0.000183076
2796 -0.000144184
2797 -0.000164628
2798 -0.000120431
2799 -1.83582e-05
2800 -3.49879e-05
2801 -6.83069e-05
2802 -0.00011909
2803 -6.9499e-05
2804 -0.000152767
2805 -0.000182033
2806 -0.000330657
2807 -0.000364423
2808 -0.00031808
2809 -0.000333577
2810 -0.000237286
2811 -0.000160664
2812 -0.000153065
2813 -0.00023663
2814 -0.000205845
2815 -0.000222504
2816 -0.00024423
2817 -0.000143766
2818 -0.000108957
2819 -0.000276268
2820 -0.000252724
2821 -0.000350356
2822 -0.000261486
2823 -0.000299811
2824 -0.000286132
2825 -0.000225842
2826 -0.000151038
2827 -7.38502e-05
2828 -2.03848e-05
2829 0.000112712
2830 0.000122011
2831 0.000150204
2832 0.000172853
2833 0.00024724
2834 0.000297368
2835 0.000326097
2836 0.000354767
2837 0.00041765
2838 0.000381768
2839 0.000477374
2840 0.000454962
2841 0.00051719
2842 0.000501454
2843 0.000460267
2844 0.000524342
2845 0.000573754
2846 0.000481009
2847 0.00057894
2848 0.000563979
2849 0.000594497
2850 0.000581741
2851 0.000693738
2852 0.000647545
2853 0.00072068
2854 0.000713885
2855 0.000766158
2856 0.000916958
2857 0.00104827
2858 0.00108004
2859 0.00113785
2860 0.00111926
2861 0.00118989
2862 0.00118917
2863 0.0011453
2864 0.00112045
2865 0.00106585
2866 0.00104928
2867 0.00103474
2868 0.00101155
2869 0.000990331
2870 0.000907302
2871 0.000960529
2872 0.000873029
2873 0.000845373
2874 0.000863075
2875 0.000833929
2876 0.000810921
2877 0.000859559
2878 0.000750065
2879 0.000781655
2880 0.000745773
2881 0.000694633
2882 0.000708699
2883 0.000701606
2884 0.00070256
2885 0.000744343
2886 0.000705719
2887 0.000681639
2888 0.000673473
2889 0.000586212
2890 0.000672638
2891 0.000683367
2892 0.000708044
2893 0.000608683
2894 0.000618935
2895 0.000595987
2896 0.000502348
2897 0.000492215
2898 0.000614464
2899 0.000549555
2900 0.000533402
2901 0.000616133
2902 0.000643432
2903 0.00063014
2904 0.000650108
2905 0.000614583
2906 0.00049299
2907 0.00048238
2908 0.0004251
2909 0.000255287
2910 0.00013274
2911 4.26769e-05
2912 -7.89464e-05
2913 -5.10812e-05
2914 -0.0001342
2915 -0.000146031
2916 -0.000159413
2917 -0.000113755
2918 -0.000113338
2919 -0.000211686
2920 -0.000251293
2921 -0.000188828
2922 -0.000197649
2923 -0.000118643
2924 3.20077e-05
2925 4.12464e-05
2926 0.000107646
2927 0.000126243
2928 0.000169694
2929 0.000120699
2930 0.000191033
2931 0.000173032
2932 0.00011462
2933 9.22084e-05
2934 5.88298e-05
2935 7.98106e-05
2936 7.27773e-05
2937 6.06775e-05
2938 6.634e-05
2939 7.7486e-05
2940 0.000150859
2941 0.000126481
2942 0.000113785
2943 0.000186503
2944 6.63996e-05
2945 2.41995e-05
2946 2.7895e-05
2947 4.11868e-05
2948 0.00010097
2949 8.89301e-05
2950 0.000100315
2951 0.000103712
2952 7.22408e-05
2953 -3.92199e-05
2954 -8.37147e-05
2955 -9.84967e-05
2956 -3.27229e-05
2957 -5.58496e-05
2958 -1.07586e-05
2959 -6.87242e-05
2960 3.74913e-05
2961 -4.47035e-07
2962 0.000150681
2963 7.48038e-05
2964 0.000166297
2965 0.000157475
2966 0.000225008
2967 0.000225782
2968 0.000367045
2969 0.000417531
2970 0.000537872
2971 0.000626504
2972 0.000630319
2973 0.000572145
2974 0.000529349
2975 0.000584483
2976 0.000593245
2977 0.000641525
2978 0.000607133
2979 0.000534415
2980 0.00045526
2981 0.000341833
2982 0.000334978
2983 0.000243485
2984 0.000279903
2985 0.000272274
2986 8.01086e-05
2987 3.75509e-05
2988 -7.20322e-05
2989 -7.4774e-05
2990 -0.000138253
2991 -0.000144601
2992 -0.000184029
2993 -0.000265986
2994 -0.000303447
2995 -0.000228167
2996 -0.000225574
2997 -0.00014919
2998 -0.000177473
2999 -3.66271e-05
3000 6.91414e-06
3001 -2.95043e-06
3002 0.000114024
3003 0.000139356
3004 0.000192583
3005 0.000167429
3006 0.000136912
3007 0.000150502
3008 0.000187516
3009 0.000246048
3010 0.000264764
3011 0.000122786
3012 4.66108e-05
3013 -2.25604e-05
3014 -5.29587e-05
3015 -0.000136256
3016 -0.000108868
3017 -0.000149012
3018 -0.000153273
3019 -0.000202209
3020 -0.000181258
3021 -0.000200808
3022 -0.000301838
3023 -0.000297487
3024 -0.000200301
3025 -0.000163943
3026 -0.000192702
3027 -0.000115901
3028 -0.000142664
3029 -0.00025332
3030 -0.000139177
3031 -0.000145495
3032 -0.000156641
3033 -0.000273317
3034 -0.000183702
3035 -0.000103265
3036 -6.29127e-05
3037 -8.09729e-05
3038 -0.000135541
3039 -0.000120193
3040 2.37823e-05
3041 3.05176e-05
3042 0.000131965
3043 0.000223935
3044 0.000257969
3045 0.000306964
3046 0.000252545
3047 0.000302315
3048 0.000309467
3049 0.000372052
3050 0.000372767
3051 0.000338316
3052 0.000443876
3053 0.000392079
3054 0.000374854
3055 0.000386238
3056 0.000430048
3057 0.000441909
3058 0.000511229
3059 0.00049597
3060 0.000568867
3061 0.000483334
3062 0.000586152
3063 0.000556529
3064 0.000459969
3065 0.000500262
3066 0.000436842
3067 0.000336885
3068 0.00032413
3069 0.000312388
3070 0.000368416
3071 0.000393212
3072 0.000366926
3073 0.000400662
3074 0.00051111
3075 0.000437498
3076 0.000353158
3077 0.000381649
3078 0.000368834
3079 0.000425279
3080 0.000421345
3081 0.000412524
3082 0.00040549
3083 0.000389934
3084 0.000331998
3085 0.00033623
3086 0.000259042
3087 0.000198007
3088 0.000234485
3089 0.000149488
3090 0.000125229
3091 2.11596e-05
3092 6.45518e-05
3093 -4.86076e-05
3094 -9.16421e-05
3095 -0.00015673
3096 -0.000255823
3097 -0.000380039
3098 -0.000477731
3099 -0.000463128
3100 -0.000557095
3101 -0.000686318
3102 -0.00091362
3103 -0.00108516
3104 -0.00113586
3105 -0.00118962
3106 -0.00119251
3107 -0.00128254
3108 -0.00131661
3109 -0.00137427
3110 -0.00136906
3111 -0.00143963
3112 -0.00146967
3113 -0.00162548
3114 -0.0017468
3115 -0.00176403
3116 -0.00174627
3117 -0.00183848
3118 -0.00184363
3119 -0.00173849
3120 -0.00166401
3121 -0.00162125
3122 -0.00155479
3123 -0.00151464
3124 -0.00150138
3125 -0.0014123
3126 -0.00138134
3127 -0.00121826
3128 -0.00125808
3129 -0.00113201
3130 -0.00108334
3131 -0.00109407
3132 -0.00101733
3133 -0.000943661
3134 -0.000876218
3135 -0.00086683
3136 -0.000750989
3137 -0.00072372
3138 -0.000683218
3139 -0.000685155
3140 -0.000732332
3141 -0.000665098
3142 -0.000642866
3143 -0.000664979
3144 -0.000605077
3145 -0.000722259
3146 -0.000804663
3147 -0.000776947
3148 -0.000741482
3149 -0.000797153
3150 -0.000743449
3151 -0.000742525
3152 -0.000698864
3153 -0.000664413
3154 -0.000609785
3155 -0.000508934
3156 -0.00046438
3157 -0.000449389
3158 -0.000343442
3159 -0.000270486
3160 -0.000207752
3161 -0.000239879
3162 -0.000245929
3163 -0.000236958
3164 -0.000363231
3165 -0.000338525
3166 -0.000415862
3167 -0.000509143
3168 -0.000490785
3169 -0.000439554
3170 -0.000537425
3171 -0.000541955
3172 -0.000550896
3173 -0.000549614
3174 -0.000670642
3175 -0.000730127
3176 -0.000640988
3177 -0.000677854
3178 -0.000702798
3179 -0.000617027
3180 -0.000553519
3181 -0.000699639
3182 -0.000695437
3183 -0.000804007
3184 -0.000857234
3185 -0.00096783
3186 -0.00095579
3187 -0.00102672
3188 -0.00103071
3189 -0.00109422
3190 -0.000998169
3191 -0.000950187
3192 -0.00090304
3193 -0.000958562
3194 -0.000934958
3195 -0.000969529
3196 -0.000839829
3197 -0.000802189
3198 -0.000849873
3199 -0.000858635
3200 -0.000872463
3201 -0.000872314
3202 -0.000923961
3203 -0.00106043
3204 -0.00102565
3205 -0.00109416
3206 -0.00100979
3207 -0.000936031
3208 -0.000896126
3209 -0.000755221
3210 -0.000803292
3211 -0.000819772
3212 -0.000684649
3213 -0.000715733
3214 -0.000662148
3215 -0.000618756
3216 -0.00060159
3217 -0.000530064
3218 -0.000475138
3219 -0.000448793
3220 -0.000403076
3221 -0.00043267
3222 -0.000302374
3223 -0.000344187
3224 -0.000318706
3225 -0.000189394
3226 -0.0001041
3227 -7.24196e-06
3228 -1.21593e-05
3229 0.000121474
3230 0.000132501
3231 0.000195324
3232 0.000163019
3233 0.000171185
3234 0.000295341
3235 0.000232399
3236 0.000213683
3237 0.000218809
3238 0.000300884
3239 0.000363827
3240 0.00043714
3241 0.000441015
3242 0.000452995
3243 0.000347078
3244 0.000325203
3245 0.000399649
3246 0.000417531
3247 0.000582516
3248 0.000506699
3249 0.000461221
3250 0.0004403
3251 0.000448167
3252 0.000428617
3253 0.000400662
3254 0.000401676
3255 0.000504315
3256 0.000515044
3257 0.000404179
3258 0.000513852
3259 0.000449896
3260 0.000488937
3261 0.00057441
3262 0.00061959
3263 0.000677288
3264 0.000634849
3265 0.000582397
3266 0.000675976
3267 0.000773132
3268 0.000822544
3269 0.00090456
3270 0.00103819
3271 0.00113469
3272 0.00114584
3273 0.00108981
3274 0.00090754
3275 0.000894547
3276 0.000974178
3277 0.00111628
3278 0.00108629
3279 0.00113457
3280 0.00118721
3281 0.00116724
3282 0.00119972
3283 0.00131029
3284 0.0013352
3285 0.00147748
3286 0.00140846
3287 0.00148916
3288 0.00156832
3289 0.0015713
3290 0.0016312
3291 0.00171518
3292 0.00168878
3293 0.00165844
3294 0.00166464
3295 0.00163633
3296 0.00169688
3297 0.00170314
3298 0.00171787
3299 0.00174993
3300 0.0017395
3301 0.00181091
3302 0.00172067
3303 0.0017122
3304 0.0017699
3305 0.0017246
3306 0.00167364
3307 0.00166619
3308 0.00169891
3309 0.00159019
3310 0.00173563
3311 0.00165707
3312 0.0016914
3313 0.00177151
3314 0.0018155
3315 0.00176483
3316 0.00163102
3317 0.00163478
3318 0.00163919
3319 0.00164527
3320 0.00165278
3321 0.00166655
3322 0.00164002
3323 0.00168282
3324 0.00179195
3325 0.00179231
3326 0.00189286
3327 0.00194794
3328 0.0019111
3329 0.00199783
3330 0.00187528
3331 0.00190717
3332 0.00186211
3333 0.00184882
3334 0.00189447
3335 0.00192362
3336 0.00177091
3337 0.00178534
3338 0.00188494
3339 0.00178647
3340 0.00173122
3341 0.0017724
3342 0.0017401
3343 0.00170308
3344 0.00159007
3345 0.00160545
3346 0.0016309
3347 0.00155514
3348 0.00155711
3349 0.00146395
3350 0.00133336
3351 0.00146902
3352 0.00146914
3353 0.00141346
3354 0.00141394
3355 0.0014264
3356 0.00145185
3357 0.00125438
3358 0.0012328
3359 0.00123048
3360 0.00096482
3361 0.000970602
3362 0.000952244
3363 0.000835955
3364 0.000659525
3365 0.000483096
3366 0.000485897
3367 0.000547409
3368 0.000568748
3369 0.000645638
3370 0.000646055
3371 0.000679433
3372 0.000642419
3373 0.000626028
3374 0.000632942
3375 0.000642478
3376 0.000601649
3377 0.000568509
3378 0.000498474
3379 0.000507414
3380 0.000576019
3381 0.000617445
3382 0.000615716
3383 0.000748873
3384 0.000694156
3385 0.000777602
3386 0.00080049
3387 0.000908971
3388 0.000931084
3389 0.000916183
3390 0.000920236
3391 0.000921071
3392 0.00103706
3393 0.00125933
3394 0.00117993
3395 0.00118428
3396 0.00124985
3397 0.00124776
3398 0.00122708
3399 0.0011726
3400 0.00107253
3401 0.00110465
3402 0.00105602
3403 0.00107545
3404 0.000920415
3405 0.000919223
3406 0.000883639
3407 0.000912666
3408 0.0008986
3409 0.000906944
3410 0.000811875
3411 0.000763416
3412 0.000738025
3413 0.000693202
3414 0.000638366
3415 0.000604033
3416 0.000715792
3417 0.000792086
3418 0.000760794
3419 0.000805914
3420 0.000831008
3421 0.000761747
3422 0.000601888
3423 0.000657856
3424 0.000606477
3425 0.000605404
3426 0.000661016
3427 0.000602722
3428 0.000631988
3429 0.000579298
3430 0.000692904
3431 0.000676274
3432 0.000733376
3433 0.000730872
3434 0.000652492
3435 0.000679851
3436 0.000598371
3437 0.00060308
3438 0.000530839
3439 0.000468791
3440 0.000473142
3441 0.000592053
3442 0.000488162
3443 0.000571012
3444 0.000611782
3445 0.000602126
3446 0.000572681
3447 0.000600517
3448 0.000521958
3449 0.000495553
3450 0.000509918
3451 0.000506818
3452 0.000385404
3453 0.000509202
3454 0.000481069
3455 0.000377357
3456 0.000493109
3457 0.000439525
3458 0.000391304
3459 0.000335455
3460 0.000302255
3461 0.000247121
3462 0.000308454
3463 0.000328541
3464 0.000201881
3465 0.000101805
3466 0.000101507
3467 7.51019e-05
3468 5.20349e-05
3469 0.00020808
3470 0.000199497
3471 0.000213563
3472 0.000210226
3473 0.000261188
3474 0.000324309
3475 0.000415146
3476 0.000435412
3477 0.000508964
3478 0.000391603
3479 0.000397384
3480 0.000416815
3481 0.000309944
3482 0.000276625
3483 0.000131726
3484 0.000196397
3485 0.000287771
3486 0.000344396
3487 0.000381768
3488 0.000329792
3489 0.000263274
3490 0.000345349
3491 0.000321388
3492 0.000247419
3493 0.000192583
3494 0.000192702
3495 0.000202
3496 0.000214815
3497 4.52399e-05
3498 6.07967e-05
3499 -5.51343e-06
