# rotation correlation for "bonds: name(#1) Ow and name(#2) Hw" in LiCl-1M/0-GPa/zif8-licl.nc
# step value
0 1
1 0.551156
2 0.45995
3 0.398025
4 0.351177
5 0.313966
6 0.283489
7 0.257891
8 0.236125
9 0.217587
10 0.201394
11 0.187284
12 0.174815
13 0.163797
14 0.153803
15 0.144845
16 0.136891
17 0.129706
18 0.123139
19 0.117103
20 0.11163
21 0.106529
22 0.101928
23 0.0977256
24 0.0938263
25 0.0902951
26 0.0868701
27 0.0836698
28 0.0807317
29 0.0780223
30 0.0753945
31 0.0731453
32 0.0708233
33 0.0686634
34 0.0666022
35 0.0648269
36 0.0628887
37 0.0613362
38 0.0598255
39 0.058307
40 0.0567872
41 0.0554363
42 0.0541551
43 0.0528573
44 0.0517154
45 0.0505884
46 0.0496734
47 0.0485101
48 0.0474571
49 0.0465805
50 0.0456439
51 0.0447584
52 0.0439658
53 0.0432027
54 0.0425724
55 0.0418197
56 0.0411288
57 0.0405264
58 0.0398433
59 0.0392787
60 0.0386407
61 0.0380816
62 0.0375125
63 0.037052
64 0.0364904
65 0.0360163
66 0.0355805
67 0.0351675
68 0.0346819
69 0.0342094
70 0.0337277
71 0.0332249
72 0.0328442
73 0.032354
74 0.0319393
75 0.0316219
76 0.0311752
77 0.03083
78 0.0303952
79 0.0300637
80 0.0297109
81 0.029456
82 0.0292312
83 0.0289942
84 0.0285721
85 0.0283247
86 0.0279936
87 0.0277087
88 0.0273651
89 0.0271329
90 0.0267662
91 0.0263713
92 0.0260709
93 0.0257064
94 0.0254219
95 0.0251231
96 0.0247921
97 0.0244632
98 0.0242816
99 0.0240078
100 0.0237294
101 0.0234831
102 0.0233414
103 0.0232224
104 0.0230492
105 0.022875
106 0.0226831
107 0.0224704
108 0.0222834
109 0.0221238
110 0.0218737
111 0.0217739
112 0.0215094
113 0.0213113
114 0.0212258
115 0.0210423
116 0.0208338
117 0.0205747
118 0.0204245
119 0.0203458
120 0.02025
121 0.0200317
122 0.0198962
123 0.0196579
124 0.0194613
125 0.0192068
126 0.0191624
127 0.0190457
128 0.0187443
129 0.0185763
130 0.0185093
131 0.0183599
132 0.0181751
133 0.0179747
134 0.0178375
135 0.0176427
136 0.0176083
137 0.0174776
138 0.0172338
139 0.0171732
140 0.0170001
141 0.0169193
142 0.0167781
143 0.0167465
144 0.0165702
145 0.0164457
146 0.0163355
147 0.0162015
148 0.0160378
149 0.0159675
150 0.0158772
151 0.0157452
152 0.0156456
153 0.0155434
154 0.0154486
155 0.0153029
156 0.015148
157 0.0151437
158 0.0149996
159 0.014922
160 0.0149443
161 0.0147787
162 0.0146911
163 0.0145342
164 0.0144337
165 0.0142977
166 0.0142092
167 0.0141295
168 0.0140158
169 0.0139704
170 0.0137973
171 0.0137192
172 0.0136229
173 0.0134645
174 0.0133845
175 0.0133975
176 0.0133191
177 0.0132599
178 0.0131392
179 0.0130463
180 0.0130472
181 0.0129262
182 0.0128998
183 0.0127516
184 0.0127875
185 0.0125194
186 0.012502
187 0.0124055
188 0.0123835
189 0.0123011
190 0.0122938
191 0.0121809
192 0.0122183
193 0.0120033
194 0.0119656
195 0.0119362
196 0.0118417
197 0.0117677
198 0.011651
199 0.0115486
200 0.011541
201 0.0114183
202 0.0113436
203 0.0112125
204 0.011155
205 0.0109777
206 0.0109612
207 0.0108345
208 0.0108084
209 0.0107982
210 0.010693
211 0.0106332
212 0.0106037
213 0.0105652
214 0.0105249
215 0.0104393
216 0.0105063
217 0.0103872
218 0.0104204
219 0.0103211
220 0.0103435
221 0.0102987
222 0.0102672
223 0.0101856
224 0.0100862
225 0.00992656
226 0.00982606
227 0.00970441
228 0.00970757
229 0.00964969
230 0.00961602
231 0.00955796
232 0.00948328
233 0.00947517
234 0.0093556
235 0.00923508
236 0.00924176
237 0.00917029
238 0.00911212
239 0.00900108
240 0.00895035
241 0.00881499
242 0.0087136
243 0.00877154
244 0.00859737
245 0.00865388
246 0.00859576
247 0.00854886
248 0.00844324
249 0.00837886
250 0.00851154
251 0.00838935
252 0.00839418
253 0.00835317
254 0.00832856
255 0.00838655
256 0.00846589
257 0.00827271
258 0.00818592
259 0.00818592
260 0.00813025
261 0.00808239
262 0.00801706
263 0.0079608
264 0.00791246
265 0.00797594
266 0.00800198
267 0.00800216
268 0.00792968
269 0.00795126
270 0.00789338
271 0.00777406
272 0.00785708
273 0.00794286
274 0.00787657
275 0.00792027
276 0.00788486
277 0.00786573
278 0.00777876
279 0.00776708
280 0.0076263
281 0.00768739
282 0.0076437
283 0.00751138
284 0.00760686
285 0.00749069
286 0.0074867
287 0.007465
288 0.00743955
289 0.00744641
290 0.00741106
291 0.00737685
292 0.00729352
293 0.00728625
294 0.00722033
295 0.00717896
296 0.00711322
297 0.00707209
298 0.00711244
299 0.00713992
300 0.00703806
301 0.00699991
302 0.00693202
303 0.00693589
304 0.00686616
305 0.0068301
306 0.00675255
307 0.00672585
308 0.00662732
309 0.00657946
310 0.00672007
311 0.00665915
312 0.00676298
313 0.00670564
314 0.00661445
315 0.0065769
316 0.00643241
317 0.00635469
318 0.00630307
319 0.00624347
320 0.00621223
321 0.00623357
322 0.00622278
323 0.00623387
324 0.00622284
325 0.00610316
326 0.00609159
327 0.00623798
328 0.00616688
329 0.00610453
330 0.00608927
331 0.00596201
332 0.00590658
333 0.00590217
334 0.00587994
335 0.00585985
336 0.00584859
337 0.00583583
338 0.00588185
339 0.00579578
340 0.0057925
341 0.0058338
342 0.00581896
343 0.00582713
344 0.00581628
345 0.00570393
346 0.00568455
347 0.00558203
348 0.00559324
349 0.00558716
350 0.00558871
351 0.00550729
352 0.00542557
353 0.0054701
354 0.005364
355 0.00537086
356 0.00528169
357 0.00536257
358 0.00538027
359 0.00528812
360 0.00533783
361 0.0054391
362 0.0054549
363 0.00549978
364 0.00555456
365 0.00554144
366 0.00565124
367 0.00556964
368 0.00549936
369 0.00548929
370 0.00543308
371 0.00535625
372 0.00537944
373 0.00538278
374 0.00532538
375 0.0053528
376 0.0052644
377 0.00528651
378 0.00523949
379 0.00524741
380 0.00523645
381 0.00519472
382 0.00519246
383 0.0051803
384 0.00521541
385 0.00519794
386 0.00517404
387 0.00514758
388 0.00509679
389 0.00507545
390 0.00504071
391 0.00496322
392 0.00494367
393 0.00479168
394 0.00472414
395 0.00468987
396 0.00477457
397 0.0048328
398 0.00477058
399 0.00477296
400 0.00483298
401 0.00463259
402 0.00459331
403 0.00458181
404 0.00444174
405 0.0044772
406 0.00454265
407 0.00453252
408 0.0044536
409 0.0045445
410 0.00451368
411 0.0045051
412 0.00447291
413 0.00449616
414 0.00442541
415 0.00442851
416 0.00440478
417 0.00446796
418 0.00436068
419 0.00441784
420 0.00446784
421 0.00437737
422 0.00442326
423 0.00440419
424 0.00437343
425 0.00437504
426 0.0044297
427 0.00440085
428 0.0044595
429 0.00443977
430 0.00439852
431 0.00446105
432 0.00438577
433 0.00447571
434 0.00440198
435 0.00440663
436 0.00444669
437 0.00443351
438 0.00434494
439 0.00436932
440 0.00439727
441 0.00437742
442 0.00434595
443 0.00429934
444 0.00425535
445 0.00426263
446 0.00431859
447 0.00430071
448 0.00432187
449 0.00429755
450 0.00430954
451 0.00423849
452 0.00417435
453 0.00413662
454 0.00417697
455 0.0041905
456 0.00427461
457 0.00423259
458 0.00420028
459 0.00417817
460 0.00406313
461 0.0041123
462 0.00411618
463 0.00411838
464 0.00395519
465 0.00398225
466 0.00405461
467 0.00405055
468 0.00404751
469 0.0040797
470 0.00402063
471 0.00414217
472 0.00412226
473 0.00409323
474 0.00409073
475 0.00396997
476 0.00409847
477 0.00397795
478 0.00402737
479 0.00391597
480 0.003833
481 0.00378507
482 0.00378585
483 0.00385773
484 0.00390393
485 0.00387877
486 0.00384098
487 0.00377727
488 0.00377125
489 0.00388026
490 0.00382388
491 0.00385094
492 0.00385278
493 0.00394434
494 0.00378346
495 0.00387466
496 0.00376672
497 0.00377303
498 0.00373513
499 0.00373948
500 0.0037201
501 0.0037334
502 0.00370693
503 0.00369793
504 0.00370544
505 0.00372845
506 0.0036518
507 0.00365269
508 0.00363547
509 0.00358915
510 0.00355005
511 0.00356632
512 0.00359851
513 0.00366896
514 0.00363177
515 0.00354791
516 0.00348485
517 0.00347
518 0.00337231
519 0.00350308
520 0.00343621
521 0.00345606
522 0.0034073
523 0.00345981
524 0.00349939
525 0.0035032
526 0.00346816
527 0.00341541
528 0.0034377
529 0.00335544
530 0.00325233
531 0.00323516
532 0.00324106
533 0.00322181
534 0.00317132
535 0.0031389
536 0.00315982
537 0.00320005
538 0.00319153
539 0.00323027
540 0.00320119
541 0.00323719
542 0.00330812
543 0.00330454
544 0.00324774
545 0.00330931
546 0.00327277
547 0.00326216
548 0.00325602
549 0.00325322
550 0.00319415
551 0.00322592
552 0.0031752
553 0.00314945
554 0.00323695
555 0.00309885
556 0.00311232
557 0.00312269
558 0.00301993
559 0.00298816
560 0.00291783
561 0.0028913
562 0.00302207
563 0.00299144
564 0.00305367
565 0.00305659
566 0.00307715
567 0.00300276
568 0.00301474
569 0.00307173
570 0.00307947
571 0.00303161
572 0.00296068
573 0.00291646
574 0.00288868
575 0.00286651
576 0.00279301
577 0.00290084
578 0.00275129
579 0.00275075
580 0.00292742
581 0.00288081
582 0.0028528
583 0.00281733
584 0.00280267
585 0.00274616
586 0.00276273
587 0.00267345
588 0.00262535
589 0.00273341
590 0.00259429
591 0.00266284
592 0.00261986
593 0.00264561
594 0.0026077
595 0.00260204
596 0.00267446
597 0.00269145
598 0.00273752
599 0.00282466
600 0.00273556
601 0.0026527
602 0.0026809
603 0.00260293
604 0.002639
605 0.00265098
606 0.00267702
607 0.00260633
608 0.00252151
609 0.002437
610 0.00242496
611 0.00242394
612 0.00227052
613 0.00223869
614 0.00230068
615 0.00223267
616 0.00225389
617 0.00222087
618 0.00224328
619 0.00224721
620 0.0022155
621 0.00213772
622 0.00215864
623 0.00217521
624 0.00211293
625 0.00209546
626 0.00219297
627 0.00211132
628 0.00212353
629 0.00214201
630 0.00218129
631 0.00221884
632 0.00228
633 0.00219536
634 0.00229567
635 0.00228792
636 0.00237876
637 0.00243747
638 0.00237596
639 0.00239104
640 0.00235605
641 0.00243688
642 0.00235695
643 0.00229341
644 0.00239241
645 0.0023151
646 0.00233501
647 0.00232369
648 0.00229979
649 0.00221205
650 0.00218332
651 0.00225383
652 0.00224245
653 0.00222284
654 0.00215286
655 0.00209355
656 0.00213158
657 0.00208038
658 0.00216091
659 0.00214702
660 0.00227773
661 0.00223327
662 0.0022648
663 0.00225645
664 0.00233823
665 0.0022791
666 0.0022493
667 0.00227565
668 0.00231802
669 0.00233728
670 0.00236088
671 0.00233972
672 0.00238943
673 0.00236756
674 0.00232697
675 0.00232923
676 0.00227726
677 0.00229269
678 0.00221527
679 0.00230765
680 0.00219381
681 0.00219536
682 0.0021621
683 0.00207537
684 0.00213856
685 0.00215852
686 0.00216109
687 0.00215119
688 0.0020681
689 0.0021202
690 0.00207883
691 0.00207072
692 0.00209051
693 0.00213158
694 0.00209403
695 0.00200248
696 0.00199592
697 0.00209308
698 0.00211668
699 0.00226396
700 0.00216436
701 0.00224024
702 0.00227642
703 0.00228256
704 0.00226015
705 0.0021686
706 0.00216883
707 0.00216049
708 0.00206023
709 0.00202554
710 0.00200367
711 0.00202316
712 0.00201237
713 0.0020206
714 0.00201207
715 0.00200456
716 0.0019967
717 0.0019877
718 0.00192994
719 0.00198811
720 0.001899
721 0.00196195
722 0.00200391
723 0.0021165
724 0.00196713
725 0.00189573
726 0.00192326
727 0.00187117
728 0.00193179
729 0.00195307
730 0.00201356
731 0.00194126
732 0.00194788
733 0.00197452
734 0.00195485
735 0.00197679
736 0.00200468
737 0.00183105
738 0.00190651
739 0.00180256
740 0.00180906
741 0.0017783
742 0.00168371
743 0.00164974
744 0.0015834
745 0.00150722
746 0.00147611
747 0.00147778
748 0.00148845
749 0.00149423
750 0.00146306
751 0.00149304
752 0.00149113
753 0.00143403
754 0.00149995
755 0.00146353
756 0.00152159
757 0.0015499
758 0.00162083
759 0.00175804
760 0.00180453
761 0.00184399
762 0.00180459
763 0.0017907
764 0.00170916
765 0.00177705
766 0.00179708
767 0.00179023
768 0.00187057
769 0.00186378
770 0.00181758
771 0.00184214
772 0.00181854
773 0.00188375
774 0.0017066
775 0.0017128
776 0.00173527
777 0.00173914
778 0.00175637
779 0.00182313
780 0.00188351
781 0.00190204
782 0.00196064
783 0.00182509
784 0.0018003
785 0.00185585
786 0.00183707
787 0.0018304
788 0.00184256
789 0.00181156
790 0.0017435
791 0.00178647
792 0.00181413
793 0.00179183
794 0.00179172
795 0.0017885
796 0.00172573
797 0.00170738
798 0.0017975
799 0.00178194
800 0.00178945
801 0.00187671
802 0.00179332
803 0.00179487
804 0.00187546
805 0.00184059
806 0.00187397
807 0.00185376
808 0.00176245
809 0.00188327
810 0.00197643
811 0.00195467
812 0.00188762
813 0.00193703
814 0.00192916
815 0.00192249
816 0.001885
817 0.00196284
818 0.00183284
819 0.00191253
820 0.00191009
821 0.00181931
822 0.00180393
823 0.001885
824 0.00192612
825 0.00195301
826 0.00188214
827 0.00178903
828 0.00172681
829 0.00171375
830 0.00174814
831 0.00173002
832 0.0017007
833 0.00157279
834 0.00159389
835 0.00170279
836 0.001724
837 0.00171232
838 0.00155485
839 0.00157946
840 0.00154966
841 0.00160265
842 0.00165308
843 0.00170749
844 0.00160444
845 0.0015648
846 0.00168586
847 0.00169098
848 0.00168371
849 0.00173551
850 0.00172991
851 0.00177127
852 0.00172335
853 0.00179178
854 0.00163752
855 0.00172615
856 0.00164127
857 0.00175923
858 0.0018025
859 0.00177795
860 0.00178492
861 0.00171429
862 0.00169516
863 0.00161415
864 0.00161183
865 0.0015983
866 0.0016337
867 0.00159085
868 0.00167906
869 0.00172555
870 0.00174123
871 0.00156617
872 0.0016107
873 0.00168091
874 0.00161642
875 0.00170201
876 0.00163376
877 0.00168258
878 0.00161749
879 0.00150853
880 0.00147766
881 0.00154883
882 0.00151396
883 0.00148809
884 0.00152385
885 0.00151175
886 0.00149435
887 0.00149405
888 0.00148481
889 0.00145268
890 0.00141811
891 0.00134182
892 0.00135094
893 0.0013476
894 0.00125211
895 0.00132561
896 0.00132728
897 0.00139588
898 0.00135911
899 0.00137496
900 0.00140268
901 0.00143743
902 0.00150162
903 0.0015887
904 0.00158292
905 0.00167406
906 0.0016849
907 0.00168973
908 0.00169069
909 0.00174433
910 0.0017792
911 0.00177735
912 0.00176603
913 0.00165522
914 0.00163734
915 0.00170106
916 0.00162351
917 0.00164938
918 0.00162631
919 0.00173962
920 0.00167918
921 0.00172436
922 0.00170159
923 0.00169462
924 0.001715
925 0.00163841
926 0.0016315
927 0.00157303
928 0.00162858
929 0.00162786
930 0.0016225
931 0.00148851
932 0.00150442
933 0.00148803
934 0.00149012
935 0.00152594
936 0.00141793
937 0.00142968
938 0.0014444
939 0.00135177
940 0.00146008
941 0.00143319
942 0.00142556
943 0.00143647
944 0.00142127
945 0.00143403
946 0.00143927
947 0.00148988
948 0.00146437
949 0.00150591
950 0.00162762
951 0.00150764
952 0.00150967
953 0.00140905
954 0.00151241
955 0.0014239
956 0.00143886
957 0.00144845
958 0.00144225
959 0.00131315
960 0.00143236
961 0.00136077
962 0.00142926
963 0.0013535
964 0.00132275
965 0.00134963
966 0.00141382
967 0.00136214
968 0.00133413
969 0.00138128
970 0.00129139
971 0.00128984
972 0.00136781
973 0.00132722
974 0.00147182
975 0.00152141
976 0.00134522
977 0.00131804
978 0.0012303
979 0.00108999
980 0.00118834
981 0.0010488
982 0.00113857
983 0.00106204
984 0.00102508
985 0.00104058
986 0.000978172
987 0.00094986
988 0.00100869
989 0.000971973
990 0.00102544
991 0.00109065
992 0.00100952
993 0.00108248
994 0.00102127
995 0.00108385
996 0.00103062
997 0.00115776
998 0.00116044
999 0.00117987
1000 0.00107259
1001 0.001068
1002 0.00104088
1003 0.00107765
1004 0.00113916
1005 0.00121921
1006 0.00133705
1007 0.00145137
1008 0.00138003
1009 0.00131917
1010 0.00138962
1011 0.00125664
1012 0.00128573
1013 0.00134414
1014 0.00135332
1015 0.00136811
1016 0.00129187
1017 0.00135195
1018 0.00146866
1019 0.00142491
1020 0.00137049
1021 0.00144678
1022 0.00144219
1023 0.00143313
1024 0.00142246
1025 0.00132716
1026 0.00133044
1027 0.00138515
1028 0.00139546
1029 0.00138587
1030 0.00126284
1031 0.00115722
1032 0.00114405
1033 0.00111121
1034 0.00110674
1035 0.00105089
1036 0.00116593
1037 0.00120264
1038 0.00125581
1039 0.00121266
1040 0.00124705
1041 0.00110072
1042 0.00119513
1043 0.00118947
1044 0.00121784
1045 0.00125206
1046 0.00126678
1047 0.0012027
1048 0.00127512
1049 0.00133723
1050 0.00128466
1051 0.00132245
1052 0.00127578
1053 0.00122422
1054 0.00120354
1055 0.00130457
1056 0.00125068
1057 0.00127673
1058 0.00130022
1059 0.00141686
1060 0.00136399
1061 0.00140208
1062 0.00136095
1063 0.00139803
1064 0.00139523
1065 0.00138324
1066 0.00126243
1067 0.00121617
1068 0.00123727
1069 0.00128758
1070 0.0013566
1071 0.0013926
1072 0.00134397
1073 0.00153267
1074 0.00154233
1075 0.00156927
1076 0.00161737
1077 0.00155646
1078 0.00152552
1079 0.0015043
1080 0.00158727
1081 0.00156718
1082 0.0015924
1083 0.00158471
1084 0.00149095
1085 0.00148731
1086 0.0014897
1087 0.00147635
1088 0.00142151
1089 0.0015322
1090 0.00144637
1091 0.00141525
1092 0.00138235
1093 0.00128245
1094 0.00125694
1095 0.00127554
1096 0.00118244
1097 0.00128192
1098 0.00123817
1099 0.00129789
1100 0.00124723
1101 0.00116158
1102 0.00114316
1103 0.00112891
1104 0.00118536
1105 0.00116056
1106 0.00120091
1107 0.00108391
1108 0.00106931
1109 0.00113201
1110 0.00112575
1111 0.00109506
1112 0.00107771
1113 0.00103921
1114 0.00105906
1115 0.001068
1116 0.00103056
1117 0.00103658
1118 0.0010345
1119 0.00102735
1120 0.000896394
1121 0.000908196
1122 0.00106871
1123 0.00104189
1124 0.00101596
1125 0.00102234
1126 0.00101602
1127 0.000943005
1128 0.000979602
1129 0.000957847
1130 0.000970483
1131 0.000955284
1132 0.00100464
1133 0.00101286
1134 0.000967562
1135 0.000921965
1136 0.000901401
1137 0.000861883
1138 0.000771701
1139 0.000741124
1140 0.000789523
1141 0.000782728
1142 0.00083226
1143 0.000869274
1144 0.000870109
1145 0.000926256
1146 0.000816524
1147 0.000932515
1148 0.000998855
1149 0.00101978
1150 0.0010317
1151 0.00100571
1152 0.00103778
1153 0.00101864
1154 0.00097543
1155 0.001037
1156 0.00107306
1157 0.00106269
1158 0.00105542
1159 0.00105262
1160 0.00108612
1161 0.00106281
1162 0.0010348
1163 0.00104362
1164 0.00103068
1165 0.000947595
1166 0.00095135
1167 0.00096333
1168 0.000944555
1169 0.000921905
1170 0.000832081
1171 0.000788808
1172 0.00076139
1173 0.000742793
1174 0.000678778
1175 0.000667393
1176 0.000598311
1177 0.000449181
1178 0.000516415
1179 0.000515878
1180 0.000598609
1181 0.000583231
1182 0.000543594
1183 0.000636756
1184 0.000566363
1185 0.000613749
1186 0.000546217
1187 0.000501394
1188 0.000487447
1189 0.000533164
1190 0.000556767
1191 0.000472844
1192 0.000512242
1193 0.000353932
1194 0.000492573
1195 0.000455618
1196 0.000426292
1197 0.000422597
1198 0.000421584
1199 0.000582457
1200 0.000521362
1201 0.000526667
1202 0.00049448
1203 0.000523388
1204 0.000630796
1205 0.000677347
1206 0.000750303
1207 0.000762641
1208 0.00076884
1209 0.000789762
1210 0.000808239
1211 0.000685215
1212 0.000608802
1213 0.000662863
1214 0.000665247
1215 0.000630975
1216 0.000668168
1217 0.000618875
1218 0.000619709
1219 0.000531673
1220 0.000491619
1221 0.000500917
1222 0.000511467
1223 0.000469208
1224 0.00040108
1225 0.000437737
1226 0.000538111
1227 0.000566483
1228 0.000504315
1229 0.000577271
1230 0.000542343
1231 0.000524521
1232 0.000544369
1233 0.000479758
1234 0.000509858
1235 0.00039202
1236 0.000351548
1237 0.000310242
1238 0.000325382
1239 0.000341594
1240 0.000512242
1241 0.000449896
1242 0.000536025
1243 0.000506043
1244 0.000551045
1245 0.000562489
1246 0.000519097
1247 0.000475109
1248 0.000501275
1249 0.000538468
1250 0.000571191
1251 0.00051111
1252 0.00060606
1253 0.000593007
1254 0.000642538
1255 0.000681579
1256 0.000782192
1257 0.000745952
1258 0.00075537
1259 0.000822663
1260 0.000781
1261 0.000586033
1262 0.000597954
1263 0.000663221
1264 0.000631154
1265 0.00072366
1266 0.000776649
1267 0.000755966
1268 0.000760972
1269 0.000703752
1270 0.000815272
1271 0.000675201
1272 0.000813365
1273 0.000850201
1274 0.000915945
1275 0.000962615
1276 0.00101417
1277 0.00099504
1278 0.000947773
1279 0.00105941
1280 0.0010196
1281 0.00107133
1282 0.000974894
1283 0.000996172
1284 0.00101769
1285 0.00102377
1286 0.000914991
1287 0.00091964
1288 0.000860572
1289 0.000780225
1290 0.000824213
1291 0.000843525
1292 0.000811219
1293 0.000907063
1294 0.00101376
1295 0.00103688
1296 0.00101858
1297 0.00103915
1298 0.00108534
1299 0.0010789
1300 0.0011394
1301 0.00116384
1302 0.00118101
1303 0.00106084
1304 0.00100839
1305 0.00106722
1306 0.00103945
1307 0.00106716
1308 0.00123167
1309 0.00111759
1310 0.00118035
1311 0.00118262
1312 0.00118393
1313 0.00108325
1314 0.00113612
1315 0.00107753
1316 0.00109923
1317 0.00108689
1318 0.00106555
1319 0.00105762
1320 0.000950933
1321 0.000858605
1322 0.000939727
1323 0.000920475
1324 0.000951707
1325 0.00104868
1326 0.00108272
1327 0.00112903
1328 0.00111866
1329 0.00101966
1330 0.000955641
1331 0.000944674
1332 0.000988901
1333 0.000958622
1334 0.000954151
1335 0.000840187
1336 0.000751793
1337 0.000781417
1338 0.000837684
1339 0.000838578
1340 0.000737846
1341 0.0007658
1342 0.0007658
1343 0.000713229
1344 0.000645638
1345 0.000610471
1346 0.00063318
1347 0.000648499
1348 0.000593126
1349 0.000648916
1350 0.000688255
1351 0.000791013
1352 0.000687838
1353 0.000843167
1354 0.000759006
1355 0.000710368
1356 0.000728488
1357 0.000639498
1358 0.00060606
1359 0.000654459
1360 0.000616252
1361 0.000657141
1362 0.000622451
1363 0.0006001
1364 0.000499904
1365 0.000519872
1366 0.000528634
1367 0.000446081
1368 0.00048703
1369 0.000564694
1370 0.000545263
1371 0.00047189
1372 0.000479341
1373 0.000532925
1374 0.000524044
1375 0.000500202
1376 0.00058943
1377 0.000660539
1378 0.000648081
1379 0.000703454
1380 0.000668287
1381 0.000749648
1382 0.000739515
1383 0.000710309
1384 0.000682831
1385 0.000698209
1386 0.000663042
1387 0.000689685
1388 0.000605106
1389 0.000633299
1390 0.000681579
1391 0.000740469
1392 0.000783682
1393 0.000800133
1394 0.000707388
1395 0.000781655
1396 0.000750005
1397 0.00071919
1398 0.000777483
1399 0.000822067
1400 0.000715017
1401 0.000683963
1402 0.000683367
1403 0.000611126
1404 0.000577629
1405 0.000485539
1406 0.000457644
1407 0.000490367
1408 0.000580072
1409 0.000533998
1410 0.000434995
1411 0.000549495
1412 0.000418305
1413 0.00038892
1414 0.000394464
1415 0.000436485
1416 0.00035876
1417 0.000451982
1418 0.000429571
1419 0.000482023
1420 0.000458837
1421 0.000553906
1422 0.000602901
1423 0.000668824
1424 0.000711739
1425 0.000739574
1426 0.000792325
1427 0.000875831
1428 0.000831962
1429 0.000819087
1430 0.000877321
1431 0.000826061
1432 0.000806451
1433 0.000670671
1434 0.000629961
1435 0.000648022
1436 0.00073421
1437 0.000715077
1438 0.000724733
1439 0.000692189
1440 0.000735521
1441 0.000756443
1442 0.000693142
1443 0.000724614
1444 0.000726283
1445 0.000710189
1446 0.00070703
1447 0.000759602
1448 0.000657976
1449 0.00059706
1450 0.000581384
1451 0.000537753
1452 0.000608087
1453 0.000696361
1454 0.000599205
1455 0.000660956
1456 0.000682712
1457 0.000587881
1458 0.000546098
1459 0.000545323
1460 0.000508785
1461 0.000527561
1462 0.000552952
1463 0.000584066
1464 0.000538111
1465 0.000546813
1466 0.00050354
1467 0.000488043
1468 0.000405669
1469 0.000386357
1470 0.000396073
1471 0.000380635
1472 0.000411868
1473 0.000329256
1474 0.000384212
1475 0.000339389
1476 0.000340164
1477 0.000328422
1478 0.000291467
1479 0.000249147
1480 0.000235975
1481 0.00022918
1482 0.000295579
1483 0.000366926
1484 0.000360131
1485 0.000279188
1486 0.000271618
1487 0.000288308
1488 0.00029546
1489 0.000317156
1490 0.000284493
1491 0.000332534
1492 0.000309467
1493 0.000453532
1494 0.000512004
1495 0.000589848
1496 0.000606656
1497 0.000581086
1498 0.000466764
1499 0.000564337
1500 0.000489295
1501 0.00056994
1502 0.000516534
1503 0.000533819
1504 0.000542879
1505 0.000489056
1506 0.000518084
1507 0.000438154
1508 0.000409365
1509 0.000363588
1510 0.000475287
1511 0.000429571
1512 0.000453234
1513 0.00048244
1514 0.00052762
1515 0.000462711
1516 0.000492752
1517 0.000502765
1518 0.000393033
1519 0.000459433
1520 0.000347733
1521 0.000302613
1522 0.000366032
1523 0.000379503
1524 0.000400484
1525 0.000478745
1526 0.000397086
1527 0.000376523
1528 0.000475049
1529 0.000466168
1530 0.000478685
1531 0.000479758
1532 0.000534177
1533 0.00039798
1534 0.00049293
1535 0.000408113
1536 0.000343978
1537 0.000361621
1538 0.000406504
1539 0.000440776
1540 0.000446558
1541 0.000369728
1542 0.000458419
1543 0.000499547
1544 0.000570774
1545 0.000513673
1546 0.000513434
1547 0.000569582
1548 0.000504494
1549 0.000456095
1550 0.000460029
1551 0.000442326
1552 0.000439286
1553 0.00039649
1554 0.000479519
1555 0.000525594
1556 0.000403345
1557 0.000369072
1558 0.00046587
1559 0.000458181
1560 0.000560224
1561 0.000560582
1562 0.000611067
1563 0.00046593
1564 0.000445485
1565 0.000368714
1566 0.000357568
1567 0.000481009
1568 0.000361979
1569 0.000463188
1570 0.000458837
1571 0.000526249
1572 0.000496984
1573 0.00050813
1574 0.000492573
1575 0.000477791
1576 0.000408947
1577 0.000454843
1578 0.000423253
1579 0.00035125
1580 0.000368655
1581 0.000396132
1582 0.000322223
1583 0.000317574
1584 0.000338137
1585 0.000333846
1586 0.000352919
1587 0.000358522
1588 0.000397027
1589 0.000365019
1590 0.000350416
1591 0.000215709
1592 0.000303626
1593 0.000363588
1594 0.000340819
1595 0.000265956
1596 0.000285566
1597 0.000282705
1598 0.000341237
1599 0.000299633
1600 0.000430346
1601 0.000459492
1602 0.000486016
1603 0.000427961
1604 0.00050956
1605 0.000511527
1606 0.000503302
1607 0.000458658
1608 0.000455797
1609 0.000428796
1610 0.000475407
1611 0.000448227
1612 0.000476122
1613 0.000515282
1614 0.000533581
1615 0.000503182
1616 0.000437737
1617 0.000458181
1618 0.000570953
1619 0.000603616
1620 0.00063175
1621 0.000509024
1622 0.000615358
1623 0.000611126
1624 0.00065124
1625 0.00056833
1626 0.000674307
1627 0.000592709
1628 0.000710785
1629 0.000709891
1630 0.000796258
1631 0.000802517
1632 0.000853598
1633 0.000872254
1634 0.000866234
1635 0.000819504
1636 0.000795364
1637 0.000722826
1638 0.000694215
1639 0.000701725
1640 0.000721931
1641 0.000686586
1642 0.000662804
1643 0.000741243
1644 0.000718772
1645 0.000585496
1646 0.000560641
1647 0.000645757
1648 0.000635207
1649 0.000651121
1650 0.000579178
1651 0.000587344
1652 0.000502765
1653 0.000527024
1654 0.000407338
1655 0.000502288
1656 0.00048238
1657 0.00033021
1658 0.000319004
1659 0.000458956
1660 0.000492096
1661 0.000522077
1662 0.000519395
1663 0.000411212
1664 0.000408471
1665 0.000546992
1666 0.00046891
1667 0.000362635
1668 0.000373244
1669 0.000441909
1670 0.000375211
1671 0.000427842
1672 0.000448167
1673 0.000428081
1674 0.000352323
1675 0.000346243
1676 0.000318527
1677 0.000315309
1678 0.000350654
1679 0.000339568
1680 0.000327647
1681 0.000292659
1682 0.000231206
1683 0.000190258
1684 0.000273824
1685 0.000357032
1686 0.000335872
1687 0.00036031
1688 0.000470996
1689 0.000461221
1690 0.00047493
1691 0.000335574
1692 0.000511229
1693 0.000466883
1694 0.000438035
1695 0.000426114
1696 0.000562787
1697 0.000645161
1698 0.000620663
1699 0.000517666
1700 0.000559092
1701 0.00051564
1702 0.000614643
1703 0.000608802
1704 0.000539005
1705 0.00047332
1706 0.000439227
1707 0.000428498
1708 0.000496566
1709 0.00045836
1710 0.000546932
1711 0.000562251
1712 0.000537813
1713 0.000524163
1714 0.000529408
1715 0.00051111
1716 0.000363111
1717 0.000443757
1718 0.000514507
1719 0.000470221
1720 0.00049299
1721 0.000485003
1722 0.000532985
1723 0.000458777
1724 0.00042218
1725 0.000351727
1726 0.000390172
1727 0.000446796
1728 0.000534236
1729 0.000399649
1730 0.000377178
1731 0.00048548
1732 0.000431061
1733 0.000533223
1734 0.0004825
1735 0.000436008
1736 0.000464797
1737 0.000411868
1738 0.000527799
1739 0.000542223
1740 0.000418901
1741 0.000456333
1742 0.000484705
1743 0.000513673
1744 0.000365496
1745 0.000396192
1746 0.000423968
1747 0.000447571
1748 0.00051707
1749 0.000402987
1750 0.000390768
1751 0.000468671
1752 0.000538766
1753 0.000558972
1754 0.000573575
1755 0.000546634
1756 0.000535965
1757 0.000702739
1758 0.000502169
1759 0.000581622
1760 0.000531852
1761 0.000576079
1762 0.000670671
1763 0.000552833
1764 0.000583529
1765 0.000640035
1766 0.000590324
1767 0.000549376
1768 0.000486493
1769 0.00047642
1770 0.000520766
1771 0.000421643
1772 0.000451446
1773 0.0004372
1774 0.000431836
1775 0.00048244
1776 0.000361621
1777 0.00033921
1778 0.000457466
1779 0.000493288
1780 0.000427485
1781 0.000471652
1782 0.000515699
1783 0.000431299
1784 0.000486135
1785 0.000447154
1786 0.000460923
1787 0.000409961
1788 0.000371933
1789 0.000285327
1790 0.000350833
1791 0.000338554
1792 0.000342488
1793 0.000299215
1794 0.000323236
1795 0.000425339
1796 0.00037694
1797 0.000362933
1798 0.000371456
1799 0.000453293
1800 0.000495851
1801 0.000640094
1802 0.000674546
1803 0.000738442
1804 0.00070107
1805 0.000640213
1806 0.000636399
1807 0.000683427
1808 0.0006513
1809 0.000631332
1810 0.000573575
1811 0.000677049
1812 0.000563145
1813 0.000560105
1814 0.000530899
1815 0.000384927
1816 0.000480235
1817 0.000338733
1818 0.000348628
1819 0.000330746
1820 0.000241339
1821 0.000260949
1822 0.000166893
1823 0.000247836
1824 0.000280738
1825 0.000173032
1826 0.000197768
1827 0.00010705
1828 8.2612e-05
1829 0.000121415
1830 0.00010699
1831 9.23872e-05
1832 0.000166118
1833 0.000122011
1834 8.40425e-05
1835 0.000137031
1836 0.000196815
1837 0.000163257
1838 0.000126958
1839 0.000151813
1840 0.000101626
1841 0.0001176
1842 0.000255644
1843 0.000263155
1844 0.000152111
1845 0.000341952
1846 0.000249803
1847 0.000305593
1848 0.000333726
1849 0.000419319
1850 0.000531256
1851 0.000477195
1852 0.000481486
1853 0.000506878
1854 0.000577211
1855 0.000553727
1856 0.000555158
1857 0.000429511
1858 0.000473619
1859 0.000390828
1860 0.000489235
1861 0.000437737
1862 0.000336289
1863 0.000283182
1864 0.000250399
1865 0.00031209
1866 0.0003196
1867 0.000384748
1868 0.000283182
1869 0.000278711
1870 0.000322819
1871 0.000310302
1872 0.000412226
1873 0.000427008
1874 0.000478685
1875 0.000486791
1876 0.000512719
1877 0.000498831
1878 0.000424802
1879 0.000523865
1880 0.000573575
1881 0.000561774
1882 0.000542343
1883 0.000551403
1884 0.000555098
1885 0.000537574
1886 0.000603139
1887 0.000564992
1888 0.000614822
1889 0.000718832
1890 0.000730336
1891 0.000740647
1892 0.000852704
1893 0.000876188
1894 0.000828087
1895 0.000717163
1896 0.000801384
1897 0.000698328
1898 0.000812054
1899 0.000910461
1900 0.000781953
1901 0.000865042
1902 0.000796139
1903 0.000742316
1904 0.000646472
1905 0.000553131
1906 0.000420332
1907 0.000499606
1908 0.000485778
1909 0.000520229
1910 0.000490963
1911 0.000493526
1912 0.000520647
1913 0.000426948
1914 0.000476599
1915 0.000415087
1916 0.000377893
1917 0.000372529
1918 0.000364959
1919 0.000356138
1920 0.000415266
1921 0.000450015
1922 0.000422955
1923 0.000503123
1924 0.000516117
1925 0.000541091
1926 0.000530183
1927 0.000506997
1928 0.000478685
1929 0.000442266
1930 0.000434577
1931 0.000434995
1932 0.000304997
1933 0.000240743
1934 0.000302851
1935 0.00027585
1936 0.000437558
1937 0.000365853
1938 0.000310063
1939 0.000401974
1940 0.000375509
1941 0.000360787
1942 0.000338495
1943 0.000324488
1944 0.000216722
1945 0.000310481
1946 0.000263035
1947 0.000248909
1948 0.000376463
1949 0.000313044
1950 0.000255227
1951 0.000292242
1952 0.000327468
1953 0.000315189
1954 0.000301003
1955 0.000194788
1956 0.000247777
1957 0.00037235
1958 0.000453532
1959 0.00047338
1960 0.000452816
1961 0.000439346
1962 0.000417292
1963 0.000526249
1964 0.000366449
1965 0.000317931
1966 0.000360012
1967 0.00034523
1968 0.000297904
1969 0.000356078
1970 0.000510335
1971 0.000568151
1972 0.000450671
1973 0.000528932
1974 0.000671446
1975 0.000517249
1976 0.000495434
1977 0.000433981
1978 0.000444293
1979 0.000429749
1980 0.00036782
1981 0.000349522
1982 0.000223994
1983 0.000314593
1984 0.000251412
1985 0.000145614
1986 0.000348806
1987 0.000269413
1988 0.000310838
1989 0.0002774
1990 0.000284433
1991 0.000174224
1992 0.000283241
1993 0.000275671
1994 0.000345886
1995 0.000383973
1996 0.000436962
1997 0.000486612
1998 0.000417471
1999 0.000364363
2000 0.000403464
2001 0.000338972
2002 0.000452161
2003 0.000456929
2004 0.000410855
2005 0.00050962
2006 0.000551343
2007 0.000473142
2008 0.000526905
2009 0.000529468
2010 0.000507057
2011 0.000675201
2012 0.000608623
2013 0.000607133
2014 0.000664949
2015 0.00061655
2016 0.000658095
2017 0.00059098
2018 0.000617146
2019 0.000614345
2020 0.000672698
2021 0.000664175
2022 0.000605643
2023 0.000624239
2024 0.000586927
2025 0.000496686
2026 0.00044781
2027 0.00042814
2028 0.000505209
2029 0.000438929
2030 0.000432134
2031 0.000348032
2032 0.000320852
2033 0.000410795
2034 0.000318766
2035 0.000267386
2036 0.000316978
2037 0.000243366
2038 0.000289917
2039 0.000149131
2040 0.000154257
2041 0.000325382
2042 8.41618e-05
2043 9.67383e-05
2044 0.000156343
2045 0.000149429
2046 3.00407e-05
2047 9.0003e-06
2048 0.000131786
2049 0.000246942
2050 0.000299811
2051 0.00028652
2052 0.000349104
2053 0.000309527
2054 0.000270307
2055 0.000176847
2056 0.000225663
2057 0.000254869
2058 0.000189126
2059 0.000298798
2060 0.000305593
2061 0.000367701
2062 0.000236213
2063 0.0002895
2064 0.000383496
2065 0.000365257
2066 0.000462055
2067 0.000436068
2068 0.00037843
2069 0.000492871
2070 0.000460923
2071 0.000416279
2072 0.000445068
2073 0.000400901
2074 0.000445962
2075 0.000523508
2076 0.000581741
2077 0.000454545
2078 0.000489116
2079 0.000500381
2080 0.000502169
2081 0.000536859
2082 0.000531971
2083 0.000712395
2084 0.000662506
2085 0.000610471
2086 0.000484765
2087 0.000480413
2088 0.000309765
2089 0.000294447
2090 0.000374436
2091 0.000443101
2092 0.000437796
2093 0.000508308
2094 0.000534058
2095 0.00045675
2096 0.000485182
2097 0.000449896
2098 0.000564218
2099 0.000585973
2100 0.00063628
2101 0.00070864
2102 0.000702858
2103 0.000658154
2104 0.000583529
2105 0.000511169
2106 0.000706315
2107 0.000551939
2108 0.00059253
2109 0.000567794
2110 0.000513732
2111 0.000336111
2112 0.000417233
2113 0.000356793
2114 0.000297785
2115 0.000240386
2116 0.000400126
2117 0.000377655
2118 0.000472605
2119 0.000404954
2120 0.000366747
2121 0.000474691
2122 0.000470102
2123 0.00045985
2124 0.000426292
2125 0.000524104
2126 0.00043571
2127 0.000321925
2128 0.00041467
2129 0.000380397
2130 0.000380635
2131 0.000388682
2132 0.000521481
2133 0.00055486
2134 0.000557661
2135 0.000445127
2136 0.000475585
2137 0.000456214
2138 0.000377238
2139 0.000383914
2140 0.000415385
2141 0.00038147
2142 0.000381708
2143 0.000337303
2144 0.000249982
2145 0.000367761
2146 0.000340879
2147 0.000313461
2148 0.00020045
2149 0.000169992
2150 0.000185132
2151 0.000118494
2152 0.000187099
2153 0.000280678
2154 0.000301778
2155 0.000420034
2156 0.000449836
2157 0.000469148
2158 0.000528872
2159 0.000590801
2160 0.000675857
2161 0.000617445
2162 0.000654459
2163 0.000692964
2164 0.000685394
2165 0.000763893
2166 0.000821829
2167 0.000872314
2168 0.000874639
2169 0.000842452
2170 0.000879228
2171 0.000774384
2172 0.00081718
2173 0.00076586
2174 0.000745654
2175 0.000759721
2176 0.000672758
2177 0.000734031
2178 0.000710189
2179 0.000717938
2180 0.000678241
2181 0.000756562
2182 0.000603795
2183 0.000559807
2184 0.000441313
2185 0.000378966
2186 0.000380337
2187 0.000321031
2188 0.000294328
2189 0.00017345
2190 0.000197232
2191 0.00022471
2192 0.000174344
2193 0.00010705
2194 0.000171244
2195 0.000166476
2196 0.000268102
2197 0.000335395
2198 0.000277996
2199 0.000376999
2200 0.000389934
2201 0.000385702
2202 0.000447333
2203 0.000458956
2204 0.00046891
2205 0.000542939
2206 0.000626385
2207 0.000550687
2208 0.000462413
2209 0.000460505
2210 0.000593722
2211 0.000475466
2212 0.000513732
2213 0.000619888
2214 0.000553608
2215 0.000622988
2216 0.00072211
2217 0.000725627
2218 0.000729084
2219 0.000697792
2220 0.000593662
2221 0.000537932
2222 0.000442684
2223 0.000411808
2224 0.000515819
2225 0.000473559
2226 0.000547111
2227 0.00049597
2228 0.000514627
2229 0.000522316
2230 0.000501692
2231 0.000432432
2232 0.000551522
2233 0.000576258
2234 0.000454903
2235 0.000553966
2236 0.000618339
2237 0.000547111
2238 0.000579894
2239 0.000620306
2240 0.000576377
2241 0.000594974
2242 0.000595808
2243 0.000733852
2244 0.000778556
2245 0.000689805
2246 0.000690579
2247 0.000570476
2248 0.000477314
2249 0.000682175
2250 0.000627995
2251 0.00063473
2252 0.000512958
2253 0.000557482
2254 0.000565052
2255 0.000568986
2256 0.000547826
2257 0.000567913
2258 0.000558555
2259 0.0005638
2260 0.000736475
2261 0.000686884
2262 0.000790477
2263 0.000719488
2264 0.000774384
2265 0.000770569
2266 0.000701547
2267 0.000675023
2268 0.000584424
2269 0.000562191
2270 0.000665009
2271 0.000666916
2272 0.00061959
2273 0.000611246
2274 0.000638604
2275 0.000666976
2276 0.000603199
2277 0.000544667
2278 0.000555277
2279 0.000627637
2280 0.000620961
2281 0.00056684
2282 0.000606418
2283 0.000516951
2284 0.000494003
2285 0.000516415
2286 0.000503182
2287 0.000551462
2288 0.000596702
2289 0.000432074
2290 0.000411987
2291 0.000439763
2292 0.000392795
2293 0.000391364
2294 0.000236511
2295 0.000233948
2296 0.000262141
2297 0.000236034
2298 0.000174522
2299 0.000174165
2300 4.1604e-05
2301 1.71065e-05
2302 9.0301e-05
2303 0.00015986
2304 0.00010699
2305 0.000150025
2306 0.000283122
2307 0.00033468
2308 0.000337064
2309 0.00036633
2310 0.000222564
2311 0.000295877
2312 0.000317037
2313 0.000405431
2314 0.000446856
2315 0.000440776
2316 0.000493944
2317 0.000422001
2318 0.000462592
2319 0.000535309
2320 0.000486672
2321 0.000425696
2322 0.000403464
2323 0.000402868
2324 0.000362158
2325 0.000329435
2326 0.00029403
2327 0.000317574
2328 0.000265479
2329 0.00023067
2330 0.000259697
2331 0.000223696
2332 0.000239789
2333 0.00020045
2334 0.000314653
2335 0.000248313
2336 0.000310242
2337 0.00019151
2338 0.000321865
2339 0.000397265
2340 0.000542223
2341 0.000515997
2342 0.000437081
2343 0.000537694
2344 0.000434041
2345 0.000511944
2346 0.000622809
2347 0.000612319
2348 0.000414729
2349 0.000413001
2350 0.000362813
2351 0.000272572
2352 0.000268519
2353 0.000205934
2354 0.000207603
2355 0.000381351
2356 0.0003649
2357 0.000474989
2358 0.000445247
2359 0.000475228
2360 0.000346959
2361 0.000395179
2362 0.000278413
2363 0.000325918
2364 0.000363648
2365 0.000356019
2366 0.000307262
2367 0.000353634
2368 0.000157297
2369 0.000309289
2370 0.000298023
2371 0.000331044
2372 0.000371456
2373 0.000357091
2374 0.000428796
2375 0.000309229
2376 0.000374138
2377 0.000402153
2378 0.000411272
2379 0.00035429
2380 0.000423551
2381 0.000252604
2382 0.000323653
2383 0.000228345
2384 0.000275612
2385 0.000265002
2386 0.00024277
2387 0.000251174
2388 0.000346899
2389 0.00033617
2390 0.000353754
2391 0.000329196
2392 0.000378251
2393 0.000327826
2394 0.00043577
2395 0.00046283
2396 0.000506163
2397 0.000460029
2398 0.000540137
2399 0.000606775
2400 0.0006423
2401 0.000667751
2402 0.000672758
2403 0.000682592
2404 0.000545919
2405 0.000517547
2406 0.000497162
2407 0.000566661
2408 0.000465095
2409 0.000598729
2410 0.000511587
2411 0.000518739
2412 0.000463963
2413 0.00041163
2414 0.000432253
2415 0.000458658
2416 0.000400245
2417 0.000598311
2418 0.00056982
2419 0.0004704
2420 0.000560582
2421 0.000466824
2422 0.000410259
2423 0.00048542
2424 0.000457585
2425 0.000492513
2426 0.000488997
2427 0.000477612
2428 0.000458956
2429 0.000489354
2430 0.000450909
2431 0.000423133
2432 0.000444114
2433 0.000442922
2434 0.000481606
2435 0.000503302
2436 0.00047195
2437 0.000462353
2438 0.000473738
2439 0.000446141
2440 0.000348032
2441 0.000385582
2442 0.000408053
2443 0.000358284
2444 0.000260949
2445 0.000204086
2446 0.000173151
2447 0.000163674
2448 0.000252724
2449 0.000280261
2450 0.000319898
2451 0.000228167
2452 0.000248671
2453 0.000308096
2454 0.000282228
2455 0.000284672
2456 0.000233591
2457 0.000253856
2458 0.000272751
2459 0.000248075
2460 0.00021857
2461 0.000172555
2462 0.000235677
2463 0.000300348
2464 0.00024575
2465 0.000196159
2466 0.000241458
2467 0.000303507
2468 0.000261188
2469 0.000266135
2470 0.000195384
2471 0.000281572
2472 0.000383675
2473 0.000381768
2474 0.000355601
2475 0.000305831
2476 0.000293911
2477 0.000362396
2478 0.000298142
2479 0.00031364
2480 0.000180244
2481 0.000159442
2482 0.00010556
2483 0.000214756
2484 -5.28097e-05
2485 6.88434e-05
2486 -2.82228e-05
2487 1.35303e-05
2488 0.000163078
2489 0.000183046
2490 0.000236273
2491 0.000274062
2492 0.000356019
2493 0.000413239
2494 0.000474513
2495 0.000411391
2496 0.000430524
2497 0.000376344
2498 0.000333548
2499 0.000272393
2500 0.00029999
2501 0.000355721
2502 0.000438511
2503 0.000397563
2504 0.000485122
2505 0.000465155
2506 0.000564873
2507 0.000674546
2508 0.000575602
2509 0.000501335
2510 0.000544071
2511 0.000419676
2512 0.000534773
2513 0.000516772
2514 0.000509262
2515 0.000516832
2516 0.000562429
2517 0.00057596
2518 0.000560343
2519 0.00058943
2520 0.000626624
2521 0.000650167
2522 0.000559211
2523 0.000531375
2524 0.000529826
2525 0.00053823
2526 0.000502586
2527 0.000469565
2528 0.000481188
2529 0.000381529
2530 0.000433207
2531 0.000504613
2532 0.00053376
2533 0.00057888
2534 0.00069207
2535 0.00072068
2536 0.00065285
2537 0.000749409
2538 0.000643253
2539 0.000594676
2540 0.000695229
2541 0.000655174
2542 0.000678122
2543 0.000716984
2544 0.000623405
2545 0.000583708
2546 0.000643671
2547 0.000641823
2548 0.000547469
2549 0.000585556
2550 0.000578165
2551 0.000613034
2552 0.000733912
2553 0.000722826
2554 0.000693738
2555 0.000571072
2556 0.000543296
2557 0.000536501
2558 0.00049293
2559 0.000448585
2560 0.0005337
2561 0.000436604
2562 0.000433445
2563 0.000458837
2564 0.000451744
2565 0.000350237
2566 0.000370443
2567 0.000369906
2568 0.00034523
2569 0.000415623
2570 0.000279605
2571 0.000306785
2572 0.000258863
2573 0.000346959
2574 0.00043267
2575 0.000470519
2576 0.000363886
2577 0.000358045
2578 0.000279844
2579 0.000258148
2580 0.00027746
2581 0.000399828
2582 0.000299573
2583 0.000253797
2584 0.000418425
2585 0.000306189
2586 0.000299752
2587 0.000355661
2588 0.000323296
2589 0.000261366
2590 0.000265121
2591 0.000201941
2592 9.52482e-05
2593 5.9545e-05
2594 0.000137925
2595 9.63211e-05
2596 -7.57277e-05
2597 -0.000146866
2598 -8.65757e-05
2599 2.28286e-05
2600 2.81334e-05
2601 1.03712e-05
2602 7.39098e-05
2603 -3.36766e-05
2604 4.20809e-05
2605 4.3273e-05
2606 0.000109911
2607 0.000130117
2608 0.000286698
2609 0.000305712
2610 0.000239253
2611 0.000284553
2612 0.000231624
2613 0.000274181
2614 0.000329316
2615 0.000341415
2616 0.000359476
2617 0.000406265
2618 0.000353575
2619 0.000455379
2620 0.000400305
2621 0.000432074
2622 0.000381172
2623 0.000215113
2624 0.000248253
2625 0.00026685
2626 0.000152946
2627 0.000202179
2628 0.000188708
2629 0.000258029
2630 0.000132263
2631 0.000131011
2632 0.000163257
2633 0.000111997
2634 0.00016129
2635 0.000191212
2636 0.000297844
2637 0.000317335
2638 0.000338197
2639 0.000307858
2640 0.000246465
2641 0.00036788
2642 0.000151873
2643 0.000206709
2644 0.000203788
2645 0.000134885
2646 9.9957e-05
2647 0.000189662
2648 0.000105679
2649 0.000156105
2650 0.00021863
2651 0.000313938
2652 0.000297725
2653 0.000309765
2654 0.000346541
2655 0.000386417
2656 0.000340879
2657 0.000255048
2658 0.000237703
2659 0.00026983
2660 0.000157237
2661 0.000263214
2662 0.000220597
2663 0.000199318
2664 0.000299037
2665 0.000275016
2666 0.00026387
2667 0.000204086
2668 0.000300407
2669 0.000328541
2670 0.000321746
2671 0.000265121
2672 0.000408411
2673 0.000382602
2674 0.000354111
2675 0.000278711
2676 0.000174284
2677 0.000199139
2678 0.000228047
2679 0.000101268
2680 9.66191e-05
2681 8.24332e-05
2682 0.000130415
2683 0.000251412
2684 0.000179052
2685 0.000346601
2686 0.000261545
2687 0.000265419
2688 0.000262141
2689 0.000339985
2690 0.000307322
2691 0.000384033
2692 0.000376344
2693 0.000426352
2694 0.000418544
2695 0.000394881
2696 0.000449181
2697 0.000415683
2698 0.000385225
2699 0.000430465
2700 0.0003708
2701 0.000276446
2702 0.000192165
2703 0.000115216
2704 4.39882e-05
2705 9.63807e-05
2706 0.000115573
2707 8.40425e-05
2708 0.000136197
2709 6.3777e-05
2710 -1.03712e-05
2711 -2.74181e-06
2712 -1.74046e-05
2713 -0.000122607
2714 -0.000105053
2715 -7.44164e-05
2716 -4.61638e-05
2717 -5.72503e-05
2718 -3.19481e-05
2719 4.02331e-05
2720 5.19753e-05
2721 -8.53539e-05
2722 -7.30157e-05
2723 -2.8491e-05
2724 -0.00015977
2725 -0.000111699
2726 3.14713e-05
2727 0.000102282
2728 0.000169277
2729 0.000128508
2730 0.000278056
2731 0.000139832
2732 0.000181615
2733 0.000190675
2734 0.000185549
2735 0.000241399
2736 0.000114501
2737 0.000105083
2738 0.000187933
2739 0.000210047
2740 0.000191391
2741 0.000155032
2742 2.90871e-05
2743 4.56572e-05
2744 7.62343e-05
2745 0.000144005
2746 0.000114739
2747 8.86321e-05
2748 2.94447e-05
2749 -0.000100911
2750 3.03984e-06
2751 1.96695e-05
2752 1.2517e-05
2753 0.000145972
2754 0.000154734
2755 6.39558e-05
2756 0.000101984
2757 5.35846e-05
2758 -1.86861e-05
2759 -8.73208e-06
2760 1.03712e-05
2761 8.28505e-05
2762 7.4029e-05
2763 0.00010097
2764 0.000148416
2765 9.07183e-05
2766 6.64592e-05
2767 -1.2517e-05
2768 3.40939e-05
2769 -1.23978e-05
2770 8.17776e-05
2771 -8.32975e-05
2772 -0.000187069
2773 -0.000146389
2774 -0.00013411
2775 -5.67734e-05
2776 -3.95477e-05
2777 -2.13385e-05
2778 6.54459e-05
2779 0.000173032
2780 0.000106514
2781 7.02739e-05
2782 3.79682e-05
2783 4.73261e-05
2784 0.000115335
2785 8.2016e-05
2786 0.000120401
2787 0.000119627
2788 9.91225e-05
2789 7.08699e-05
2790 9.36389e-05
2791 4.95911e-05
2792 0.000117302
2793 3.34382e-05
2794 7.11679e-05
2795 0.000209212
2796 9.44138e-05
2797 0.000125706
2798 0.000230908
2799 0.000127435
2800 8.79169e-05
2801 2.36034e-05
2802 -0.000119716
2803 -8.46088e-05
2804 -6.7234e-05
2805 -4.08888e-05
2806 -9.17017e-05
2807 -0.000188917
2808 -2.04444e-05
2809 -4.59552e-05
2810 -5.34356e-05
2811 -0.000157177
2812 -0.000143409
2813 -8.4132e-05
2814 -0.00017035
2815 -0.000267297
2816 -0.000240713
2817 -0.000171721
2818 -0.000194609
2819 -0.000212431
2820 -0.000170082
2821 -0.000258774
2822 -0.000188172
2823 -0.000209659
2824 -0.000227749
2825 -0.000309825
2826 -0.000284404
2827 -0.000220597
2828 -0.000211984
2829 -0.000191689
2830 -0.000156641
2831 -0.000128806
2832 -0.000105917
2833 -1.93715e-06
2834 -4.77135e-05
2835 1.508e-05
2836 -6.26445e-05
2837 4.04716e-05
2838 4.06504e-05
2839 4.01735e-05
2840 5.22137e-05
2841 7.61747e-05
2842 8.91089e-05
2843 0.000204504
2844 0.000105023
2845 0.000142992
2846 0.000190377
2847 9.77516e-06
2848 0.00018698
2849 0.000210166
2850 0.000361741
2851 0.000292242
2852 0.000280321
2853 0.000220358
2854 0.00011158
2855 0.000172079
2856 7.83205e-05
2857 3.99351e-05
2858 7.72476e-05
2859 2.72989e-05
2860 9.49502e-05
2861 2.99215e-05
2862 6.41942e-05
2863 3.57628e-05
2864 2.70009e-05
2865 -5.1409e-05
2866 -0.000173897
2867 -0.000178188
2868 -0.000143528
2869 -0.000155985
2870 -0.000115603
2871 -0.000140607
2872 -7.26581e-05
2873 -0.000140309
2874 -2.46167e-05
2875 -5.34058e-05
2876 -3.04282e-05
2877 -8.34465e-06
2878 -4.64916e-06
2879 -3.24845e-05
2880 7.06315e-05
2881 4.8995e-05
2882 0.000115097
2883 0.000220776
2884 0.000284851
2885 0.000384867
2886 0.000404835
2887 0.000446975
2888 0.000388086
2889 0.000433862
2890 0.000518024
2891 0.00053376
2892 0.00053066
2893 0.000495791
2894 0.000583351
2895 0.000621676
2896 0.000626147
2897 0.000493348
2898 0.000263214
2899 0.000391364
2900 0.000380099
2901 0.00037837
2902 0.000270665
2903 0.000359714
2904 0.000363588
2905 0.000325441
2906 0.00032866
2907 0.000319958
2908 0.000304222
2909 0.000220239
2910 0.00036478
2911 0.000383139
2912 0.000383556
2913 0.000451028
2914 0.000314653
2915 0.000234723
2916 0.000404179
2917 0.00050813
2918 0.000560224
2919 0.000653207
2920 0.000630081
2921 0.00069052
2922 0.000752807
2923 0.000784755
2924 0.000747502
2925 0.000748098
2926 0.000803471
2927 0.00084728
2928 0.000763893
2929 0.00067997
2930 0.000709593
2931 0.000594735
2932 0.000535131
2933 0.000548124
2934 0.000579476
2935 0.000470161
2936 0.000463963
2937 0.000358522
2938 0.000344932
2939 0.000244796
2940 0.000332236
2941 0.000192404
2942 0.000244856
2943 0.000346661
2944 0.00036788
2945 0.000357091
2946 0.000408709
2947 0.00036031
2948 0.000199318
2949 0.000230908
2950 0.00015825
2951 0.000190079
2952 0.000173151
2953 0.000217974
2954 8.05855e-05
2955 3.31998e-05
2956 -2.77162e-06
2957 -5.64158e-05
2958 9.44138e-05
2959 4.14848e-05
2960 0.000171959
2961 2.32458e-06
2962 0.000128627
2963 2.3365e-05
2964 7.7486e-05
2965 0.000164866
2966 0.000167549
2967 0.000143349
2968 0.000344574
2969 0.000315905
2970 0.000271559
2971 0.000161707
2972 0.00023973
2973 0.00024724
2974 0.000466704
2975 0.000397861
2976 0.000296652
2977 0.000276387
2978 0.000306547
2979 0.000264823
2980 0.000309169
2981 0.000184238
2982 0.000150502
2983 0.000118136
2984 0.000106096
2985 0.000127554
2986 2.71797e-05
2987 6.21676e-05
2988 2.90871e-05
2989 6.15716e-05
2990 8.83341e-05
2991 0.000205398
2992 0.000264168
2993 0.000255704
2994 0.000199854
2995 0.000324368
2996 0.000248611
2997 0.000236452
2998 0.000153244
2999 0.000242352
3000 0.000361919
3001 0.000254154
3002 0.000282228
3003 0.000298202
3004 0.000214279
3005 0.000265241
3006 0.000219107
3007 0.000247777
3008 0.000296712
3009 0.00017029
3010 0.000247359
3011 0.000365257
3012 0.000241697
3013 0.000263393
3014 0.000314355
3015 0.000278115
3016 0.000199199
3017 0.000195205
3018 0.00011766
3019 7.95722e-05
3020 6.09159e-05
3021 0.000138044
3022 6.90818e-05
3023 0.000108302
3024 0.000130892
3025 0.000131488
3026 0.000154614
3027 0.000297844
3028 0.000346422
3029 0.000290394
3030 0.000355899
3031 0.000416338
3032 0.000552297
3033 0.000500262
3034 0.000557721
3035 0.000546217
3036 0.000595033
3037 0.00058049
3038 0.00052762
3039 0.000559866
3040 0.000492096
3041 0.000518024
3042 0.000403345
3043 0.000447273
3044 0.000395238
3045 0.000340581
3046 0.000411451
3047 0.000427306
3048 0.000415683
3049 0.000480831
3050 0.000376046
3051 0.000452638
3052 0.000346243
3053 0.000184476
3054 0.000143468
3055 0.00021559
3056 0.000227094
3057 0.000227571
3058 0.0001176
3059 0.000116825
3060 0.000201523
3061 0.000217855
3062 0.000404894
3063 0.000344574
3064 0.000266552
3065 0.00021857
3066 0.000189304
3067 0.000296772
3068 0.000279248
3069 0.000452042
3070 0.000343621
3071 0.000273466
3072 0.000280559
3073 0.000355244
3074 0.000269532
3075 0.000197351
3076 0.000291288
3077 0.000120819
3078 0.000149012
3079 0.00030297
3080 0.000275135
3081 0.00026077
3082 0.000220656
3083 0.00027287
3084 0.000266314
3085 0.00025326
3086 0.000292003
3087 0.000282943
3088 0.000397801
3089 0.000337005
3090 0.000310659
3091 0.000376582
3092 0.000230432
3093 0.000124037
3094 0.000153422
3095 0.000343978
3096 0.0004614
3097 0.00040704
3098 0.000428796
3099 0.00052923
3100 0.000598192
3101 0.000580013
3102 0.000487387
3103 0.000460744
3104 0.000340879
3105 0.000381589
3106 0.00037241
3107 0.000298381
3108 0.000319779
3109 0.000209808
3110 0.000165522
3111 0.000116885
3112 0.000135601
3113 4.31538e-05
3114 2.47359e-05
3115 -8.82149e-05
3116 -3.09348e-05
3117 4.84586e-05
3118 -4.48823e-05
3119 4.41074e-05
3120 8.10623e-05
3121 0.000118971
3122 8.83937e-05
3123 3.12924e-05
3124 0.000152886
3125 0.000210226
3126 0.000125468
3127 0.000183821
3128 0.00015986
3129 0.000118315
3130 0.000223875
3131 0.000244498
3132 0.000261605
3133 0.000219405
3134 0.000148773
3135 0.000241697
3136 0.000300586
3137 0.000208974
3138 0.000126719
3139 4.85778e-05
3140 2.19345e-05
3141 -5.15282e-05
3142 -4.20809e-05
3143 3.28422e-05
3144 -6.20186e-05
3145 -7.02441e-05
3146 -0.000109226
3147 -0.000157952
3148 -0.0001477
3149 -0.000111252
3150 -5.71907e-05
3151 -9.31919e-05
3152 -4.27663e-05
3153 -3.32594e-05
3154 -9.36389e-05
3155 -0.000122666
3156 2.46167e-05
3157 -2.25604e-05
3158 -9.03606e-05
3159 -0.000181615
3160 -9.36389e-05
3161 -8.66354e-05
3162 -7.33733e-05
3163 -2.68519e-05
3164 -0.000106901
3165 -0.000207722
3166 -0.000199884
3167 -0.000215411
3168 -0.000247121
3169 -0.000228792
3170 -0.000336051
3171 -0.000393927
3172 -0.000403672
3173 -0.00039351
3174 -0.00041607
3175 -0.000256598
3176 -0.000386745
3177 -0.000253409
3178 -0.000383258
3179 -0.000258505
3180 -0.000308961
3181 -0.00022006
3182 -0.000140101
3183 -8.87811e-05
3184 -0.000143051
3185 -4.74155e-05
3186 -5.61476e-05
3187 5.20945e-05
3188 -0.000128478
3189 -0.000174701
3190 -0.000154793
3191 -9.80794e-05
3192 -0.000143439
3193 -0.000153929
3194 -0.000116974
3195 -0.000145316
3196 -0.000176936
3197 -0.000227153
3198 -0.000335455
3199 -0.000209033
3200 -0.000274479
3201 -0.000343919
3202 -0.000252694
3203 -0.000193179
3204 -0.0002186
3205 -0.000316918
3206 -0.000313848
3207 -0.000295609
3208 -0.000207216
3209 -0.000242323
3210 -0.000201315
3211 -2.89977e-05
3212 2.563e-06
3213 -7.58171e-05
3214 -0.000139534
3215 -7.4923e-05
3216 0.000128388
3217 0.000177562
3218 0.00024873
3219 0.000214219
3220 0.000227869
3221 0.000168562
3222 0.000219345
3223 0.000323772
3224 0.000330031
3225 0.00029093
3226 0.000321925
3227 0.000389934
3228 0.000319839
3229 0.000229716
3230 0.000214934
3231 0.000271261
3232 0.000289142
3233 0.000218213
3234 0.000153482
3235 0.000116229
3236 8.35061e-05
3237 7.09295e-06
3238 -2.65539e-05
3239 2.25902e-05
3240 -5.93364e-05
3241 -0.000184119
3242 -0.000129402
3243 -0.000112593
3244 -5.56707e-05
3245 -0.000134915
3246 -0.000100613
3247 6.3777e-06
3248 6.00815e-05
3249 -4.32134e-05
3250 7.25985e-05
3251 0.000158191
3252 9.4533e-05
3253 0.000138402
3254 0.000181496
3255 0.000141382
3256 0.000178814
3257 0.000164688
3258 0.000214338
3259 0.000289023
3260 0.000282109
3261 0.000354588
3262 0.000301242
3263 0.000221014
3264 0.000335455
3265 0.000342429
3266 0.000274003
3267 0.000218868
3268 7.74264e-05
3269 0.000197649
3270 5.6982e-05
3271 7.09295e-06
3272 9.23872e-05
3273 8.85725e-05
3274 6.07967e-05
3275 3.69549e-06
3276 1.10865e-05
3277 6.1512e-05
3278 4.60148e-05
3279 0.000137925
3280 0.000273287
3281 0.000291348
3282 0.000350952
3283 0.000155449
3284 8.24332e-05
3285 5.94258e-05
3286 0.000267625
3287 0.000331521
3288 0.000324011
3289 0.000371158
3290 0.000213146
3291 0.000120997
3292 0.000166118
3293 0.00014627
3294 0.000170171
3295 0.000124276
3296 0.000176072
3297 4.52995e-05
3298 0.000107825
3299 0.000172913
3300 7.18236e-05
3301 0.000241697
3302 0.000238299
3303 0.000283241
3304 0.000336945
3305 0.000368834
3306 0.000281751
3307 0.000231683
3308 0.000306308
3309 0.000374675
3310 0.000363708
3311 0.000467122
3312 0.000393331
3313 0.000369906
3314 0.000333667
3315 0.000371814
3316 0.000467658
3317 0.000401616
3318 0.000361025
3319 0.000445724
3320 0.00049907
3321 0.000413179
3322 0.000553191
3323 0.000468433
3324 0.000579
3325 0.000781536
3326 0.000658453
3327 0.000737965
3328 0.000751197
3329 0.000686705
3330 0.000610709
3331 0.000587046
3332 0.000589967
3333 0.000508666
3334 0.00057894
3335 0.00064671
3336 0.000731349
3337 0.000707269
3338 0.000702381
3339 0.000553668
3340 0.000634849
3341 0.000503719
3342 0.000397921
3343 0.000354052
3344 0.000422001
3345 0.000409961
3346 0.000518799
3347 0.000326872
3348 0.000405192
3349 0.000345051
3350 0.000370622
3351 0.000263333
3352 0.000282586
3353 0.00049901
3354 0.000528991
3355 0.000609338
3356 0.000521958
3357 0.000480056
3358 0.00043869
3359 0.000549257
3360 0.00055176
3361 0.00039643
3362 0.000360548
3363 0.000318646
3364 0.000335872
3365 0.000382602
3366 0.000415146
3367 0.000450313
3368 0.000484884
3369 0.000457585
3370 0.000486612
3371 0.000446975
3372 0.000413537
3373 0.000384629
3374 0.000377238
3375 0.00032866
3376 0.000483036
3377 0.000284791
3378 0.000308454
3379 0.000285685
3380 0.000258744
3381 0.000244856
3382 0.000275314
3383 0.000187993
3384 0.000146329
3385 0.000247955
3386 0.000133157
3387 0.000182867
3388 0.000157475
3389 0.000226915
3390 0.000236809
3391 0.000273824
3392 0.000229895
3393 0.00022912
3394 0.000238121
3395 9.23872e-05
3396 0.000206351
3397 1.99676e-05
3398 -9.0152e-05
3399 -0.000107974
3400 -4.34816e-05
3401 -0.000109792
3402 -0.000210971
3403 -0.000283569
3404 -0.000259578
3405 -0.000166506
3406 -0.000153691
3407 -0.000200659
3408 -0.000134647
3409 -0.000178158
3410 -0.000160128
3411 -4.28557e-05
3412 3.40939e-05
3413 2.80142e-05
3414 0.000184357
3415 0.000218868
3416 0.000337303
3417 0.000290751
3418 0.000209928
3419 0.000274301
3420 0.000242352
3421 0.000253737
3422 0.000242651
3423 0.000277221
3424 0.000392199
3425 0.000433922
3426 0.000330627
3427 0.000244975
3428 0.000344753
3429 0.000327945
3430 0.000292599
3431 0.000271082
3432 0.000247777
3433 0.000267863
3434 0.000379384
3435 0.000281751
3436 0.000256777
3437 0.00020045
3438 0.000130117
3439 0.000124335
3440 2.62856e-05
3441 0.000109375
3442 0.000123441
3443 9.70364e-05
3444 0.000182629
3445 0.000210047
3446 0.000169873
3447 2.86698e-05
3448 0.000208557
3449 0.000160992
3450 0.000257075
3451 0.000335217
3452 0.00028342
3453 0.000322938
3454 0.000467718
3455 0.0005036
3456 0.00038898
3457 0.000472248
3458 0.00043714
3459 0.000304818
3460 0.00039655
3461 0.000472367
3462 0.000425518
3463 0.000604391
3464 0.000607908
3465 0.000441074
3466 0.000274599
3467 0.000418603
3468 0.000220597
3469 0.000185132
3470 0.000176787
3471 0.000178576
3472 0.000285029
3473 0.00020206
3474 0.000328362
3475 0.000297308
3476 0.000308514
3477 0.000240564
3478 0.00019598
3479 0.00019151
3480 0.000108063
3481 0.000126541
3482 -1.36197e-05
3483 2.72393e-05
3484 5.00083e-05
3485 0.000136197
3486 0.000126004
3487 0.000285923
3488 0.000219762
3489 0.000234067
3490 0.000180304
3491 0.000123382
3492 0.000133276
3493 0.000173271
3494 4.76837e-05
3495 -5.4121e-05
